4.800 0.00  1
5.400 0.00  2
5.850 0.00  1
6.600 0.00  1
7.200 0.00  2
7.800 0.00  4
8.250 0.00  4
9.000 0.00  4
9.600 0.00  1
10.200 0.00  2
10.800 0.00  2
11.400 0.00  4
12.000 0.00  1
12.600 0.00  4
13.200 0.00  2
13.800 0.00  4
14.100 0.00  1
14.400 0.00  1
15.000 0.00  2
15.450 0.00  1
16.200 0.00  1
16.800 0.00  2
17.400 0.00  4
17.850 0.00  4
18.600 0.00  4
19.200 0.00  1
19.800 0.00  2
20.400 0.00  2
21.000 0.00  4
21.600 0.00  1
22.200 0.00  4
22.800 0.00  2
23.400 0.00  4
23.925 0.00  1
24.600 0.00  2
25.050 0.00  4
25.800 0.00  1
26.400 0.00  2
27.000 0.00  4
27.450 0.00  2
28.050 0.50  3
28.650 0.00  1
29.400 0.00  2
29.850 0.00  4
30.600 0.00  1
31.200 0.00  2
31.800 0.00  4
32.400 0.00  2
33.000 0.50  4
33.600 0.00  1
34.200 0.00  2
34.650 0.00  4
35.400 0.00  1
36.000 0.00  2
36.600 0.00  4
37.050 0.00  2
37.650 0.50  3
38.250 0.00  1
39.000 0.00  2
39.450 0.00  4
40.200 0.00  1
40.800 0.00  2
41.400 0.00  4
42.000 0.00  2
42.600 0.50  4
43.200 0.00  6
43.800 0.00  6
44.400 0.00  6
45.000 0.00  6
45.450 0.00  1
46.050 0.00  1
46.650 0.00  2
47.250 0.00  4
47.850 0.00  6
48.600 0.00  6
49.200 0.00  6
49.800 0.00  6
50.400 0.00  4
51.000 0.00  1
51.450 0.00  4
52.200 0.00  2
52.800 0.00  1
53.362 0.00  4
53.850 0.00  1
54.450 0.00  4
55.200 0.00  1
55.650 0.00  2
56.400 0.00  2
57.000 0.00  4
57.600 0.00  1
58.162 0.00  4
58.650 0.00  1
59.250 0.00  4
60.000 0.00  2
60.450 0.00  1
61.200 0.00  1
61.800 0.00  2
62.400 0.00  2
63.000 0.00  4
63.600 2.00  2
66.000 0.00  1
66.600 0.00  1
67.050 0.00  1
67.650 0.00  1
68.400 0.00  1
68.850 0.00  1
69.450 0.00  1
70.050 0.00  1
70.800 0.00  1
71.100 0.00  4
71.700 0.00  1
72.000 0.00  4
72.450 0.00  1
73.050 0.00  1
73.500 0.00  1
73.800 0.00  4
74.400 0.00  1
74.850 0.00  2
75.600 0.00  1
76.200 0.00  1
76.650 0.00  1
77.250 0.00  1
78.000 0.00  1
78.450 0.00  1
79.050 0.00  1
79.650 0.00  1
80.400 0.00  1
81.000 0.00  1
81.450 0.00  1
82.050 0.00  1
82.800 0.00  1
83.250 0.00  1
83.850 0.00  1
84.450 0.00  1
85.200 0.00  2
85.800 0.00  1
86.212 0.00  4
86.700 0.50  2
87.600 0.00  4
88.050 0.50  1
89.400 0.00  2
90.000 0.50  1
90.900 1.00  2
92.400 0.50  4
93.300 1.00  2
94.762 0.00  1
95.400 0.00  2
95.850 0.00  4
96.300 0.50  2
97.200 0.00  4
97.650 0.50  1
99.000 0.00  2
99.600 0.50  1
100.500 1.00  2
102.000 0.50  1
102.900 1.00  2
104.400 0.00  2
104.850 0.00  1
105.300 0.00  4
105.900 1.50  6
107.850 0.00  1
108.225 0.00  4
108.600 0.00  2
109.200 0.00  4
109.650 0.00  2
110.100 0.50  1
110.850 1.00  1
112.800 0.00  1
113.100 0.00  4
113.400 0.00  2
114.000 0.00  6
114.450 0.00  6
115.050 0.00  1
115.650 0.00  1
116.400 0.00  2
116.850 0.00  2
117.450 0.00  3
118.050 0.00  3
118.800 0.00  4
119.250 0.00  2
119.850 0.00  1
120.450 0.00  2
121.200 0.00  4
121.650 0.00  2
122.250 0.50  6
123.000 0.50  2
123.600 3.00  4
127.950 0.50  2
128.625 4.00  1
133.200 1.50  4
135.000 0.50  2
135.600 1.50  1
137.400 0.50  4
138.000 1.50  1
139.800 0.50  2
140.400 0.50  4
141.300 0.50  1
142.200 0.50  2
142.800 1.50  4
144.600 0.50  2
145.200 1.50  1
147.000 0.50  2
147.600 1.50  4
149.850 0.00  2
150.450 0.00  4
150.900 0.00  2
151.275 0.00  4
151.575 0.00  2
152.175 0.00  2
152.625 0.00  2
153.225 0.00  2
153.600 0.00  1
154.100 0.00  1
154.600 0.00  4
155.100 0.00  1
155.600 0.00  2
156.100 0.00  2
156.850 0.00  4
157.100 0.00  2
157.600 0.00  3
158.100 0.00  3
158.600 0.00  3
159.522 0.00  3
160.348 0.00  3
161.097 0.00  3
161.850 0.00  3
162.350 0.00  1
162.600 0.00  2
163.101 1.50  4
164.852 0.50  1
165.601 0.50  2
166.351 0.50  4
167.101 0.50  1
167.968 0.00  2
168.458 0.00  4
168.947 0.00  2
169.442 0.00  1
169.937 0.00  2
170.432 0.00  1
170.927 0.00  2
171.299 0.00  2
171.793 0.00  4
172.165 0.00  1
172.787 0.00  2
173.294 0.00  4
173.811 0.00  4
174.444 0.00  4
175.085 0.00  4
175.600 0.00  2
176.227 0.00  1
176.727 0.00  4
177.227 0.00  1
177.727 0.00  2
178.227 0.00  4
178.758 0.00  1
179.226 0.00  4
179.602 0.00  2
179.977 0.00  4
180.351 0.00  1
180.725 0.00  1
181.227 0.00  1
181.596 0.00  2
182.219 0.00  2
182.727 0.00  4
183.227 0.00  2
183.597 0.00  1
183.973 0.00  2
184.602 0.00  2
185.102 0.00  4
185.597 0.00  2
185.971 0.00  1
186.347 0.00  2
186.975 0.00  2
187.471 0.00  4
187.970 0.00  2
188.345 0.00  1
188.720 0.00  2
189.360 0.00  2
189.892 0.00  4
190.437 0.00  2
196.850 0.00  1
197.450 0.00  2
198.050 0.00  1
198.500 0.00  2
198.950 0.00  4
199.363 2.00  2
202.401 0.50  1
203.040 0.00  2
203.303 0.00  4
203.603 2.00  1
205.702 0.50  2
206.715 0.50  4
207.502 0.50  1
208.374 1.00  2
209.452 0.00  1
209.902 2.00  4
212.302 0.00  2
212.902 0.00  2
213.501 0.00  2
214.100 0.00  2
214.699 0.50  4
215.600 1.00  4
216.650 0.00  2
217.100 0.00  1
217.625 0.50  1
218.899 0.00  2
219.499 0.00  4
220.100 0.00  2
220.700 0.00  1
221.300 0.00  2
221.900 0.00  4
222.350 0.00  2
222.800 0.00  4
223.399 0.50  2
223.999 1.00  4
225.099 0.00  2
225.499 0.50  4
226.300 0.00  2
226.700 0.00  1
227.375 1.00  1
228.500 0.00  1
229.100 0.00  2
229.550 0.00  4
230.000 0.00  1
230.450 0.00  2
230.900 0.00  1
231.500 0.00  4
232.103 0.00  4
232.706 0.00  4
233.309 0.00  4
233.912 0.00  1
234.512 0.00  2
234.962 0.00  4
235.713 0.00  1
236.313 0.00  2
236.913 0.00  4
237.363 0.00  2
237.963 0.50  3
238.563 0.00  1
239.313 0.00  2
239.763 0.00  4
240.514 0.00  1
241.114 0.00  2
241.714 0.00  4
242.314 0.00  2
242.914 0.50  4
243.514 0.00  1
244.114 0.00  2
244.564 0.00  4
245.315 0.00  1
245.915 0.00  2
246.515 0.00  4
246.965 0.00  2
247.565 0.50  3
248.165 0.00  1
248.915 0.00  2
249.365 0.00  4
250.115 0.00  1
250.716 0.00  2
251.316 0.00  4
251.916 0.00  6
252.516 0.00  6
253.266 0.00  6
253.716 0.00  6
254.466 0.00  6
254.541 0.00  8
254.541 0.00  8

999 0 0