4.800 0.00  1
5.100 0.00  2
5.400 0.00  4
5.850 0.00  2
6.150 0.00  4
6.600 0.00  2
6.900 0.00  4
7.200 0.00  2
7.500 0.00  4
7.800 0.00  4
8.250 0.00  4
8.700 0.00  8
9.000 0.00  8
9.300 0.00  2
9.600 0.00  1
9.900 0.00  4
10.200 0.00  4
10.500 0.00  1
10.800 0.00  2
11.100 0.00  8
11.400 0.00  8
11.700 0.00  2
12.000 0.00  4
12.300 0.00  8
12.600 0.00  8
12.900 0.00  4
13.200 0.00  2
13.500 0.00  8
13.800 0.00  4
14.100 0.00  1
14.400 0.00  1
14.700 0.00  2
15.000 0.00  4
15.450 0.00  2
15.750 0.00  4
16.200 0.00  2
16.500 0.00  4
16.800 0.00  2
17.100 0.00  4
17.400 0.00  4
17.850 0.00  4
18.300 0.00  8
18.600 0.00  8
18.900 0.00  2
19.200 0.00  1
19.500 0.00  4
19.800 0.00  4
20.100 0.00  1
20.400 0.00  2
20.700 0.00  8
21.000 0.00  8
21.300 0.00  2
21.600 0.00  4
21.900 0.00  8
22.200 0.00  8
22.500 0.00  4
22.800 0.00  2
23.100 0.00  8
23.400 0.00  4
23.700 0.00  1
23.925 0.00  2
24.300 0.00  1
24.600 0.00  2
25.050 0.00  8
25.500 0.00  4
25.800 0.00  1
26.100 0.00  2
26.400 0.00  4
26.700 0.00  4
27.000 0.00  8
27.450 0.00  6
28.050 0.50  3
28.650 0.00  2
29.100 0.00  1
29.400 0.00  2
29.850 0.00  8
30.300 0.00  4
30.600 0.00  1
30.900 0.00  2
31.200 0.00  4
31.500 0.00  4
31.800 0.00  8
32.100 0.00  4
32.400 0.00  1
32.700 0.00  4
33.150 0.00  8
33.600 0.00  2
33.900 0.00  1
34.200 0.00  2
34.650 0.00  8
35.100 0.00  4
35.400 0.00  1
35.700 0.00  2
36.000 0.00  4
36.300 0.00  4
36.600 0.00  8
37.050 0.00  6
37.650 0.50  3
38.250 0.00  2
38.700 0.00  1
39.000 0.00  2
39.450 0.00  8
39.900 0.00  4
40.200 0.00  1
40.500 0.00  2
40.800 0.00  4
41.100 0.00  4
41.400 0.00  8
41.700 0.00  4
42.000 0.00  1
42.300 0.00  4
42.750 0.00  8
43.200 0.00  12
43.500 0.00  12
43.800 0.00  12
44.100 0.00  12
44.400 0.00  12
44.700 0.00  12
45.000 0.00  12
45.450 0.00  3
45.750 0.00  3
46.050 0.00  3
46.350 0.00  3
46.650 0.00  4
46.950 0.00  4
47.250 0.00  8
47.550 0.00  8
47.850 0.00  12
48.300 0.00  12
48.600 0.00  12
48.900 0.00  12
49.200 0.00  12
49.500 0.00  12
49.800 0.00  12
50.100 0.00  2
50.400 0.00  8
50.700 0.00  4
51.000 0.00  2
51.450 0.00  4
51.900 0.00  2
52.200 0.00  4
52.500 0.00  1
52.800 0.00  2
53.100 0.00  4
53.362 0.00  8
53.850 0.00  2
54.150 0.00  4
54.450 0.00  8
54.900 0.00  2
55.200 0.00  1
55.650 0.00  4
56.100 0.00  2
56.400 0.00  4
56.700 0.00  8
57.000 0.00  4
57.300 0.00  2
57.600 0.00  2
57.900 0.00  4
58.162 0.00  8
58.650 0.00  2
58.950 0.00  4
59.250 0.00  8
59.700 0.00  4
60.000 0.00  2
60.450 0.00  1
61.200 0.00  1
61.500 0.00  4
61.800 0.00  2
62.100 0.00  8
62.400 0.00  1
62.800 0.00  2
63.200 0.00  4
63.600 2.00  2
66.000 0.00  1
66.300 0.00  1
66.600 0.00  1
67.050 0.00  1
67.650 0.00  1
68.100 0.00  1
68.400 0.00  1
68.850 0.00  1
69.150 0.00  1
69.450 0.00  1
70.050 0.00  1
70.500 0.00  1
70.800 0.00  1
71.100 0.00  4
71.700 0.00  1
72.000 0.00  4
72.450 0.00  1
72.750 0.00  1
73.050 0.00  1
73.500 0.00  1
73.800 0.00  4
74.100 0.00  1
74.400 0.00  1
74.850 0.00  4
75.300 0.00  2
75.600 0.00  1
75.900 0.00  1
76.200 0.00  1
76.650 0.00  1
77.250 0.00  1
77.700 0.00  1
78.000 0.00  1
78.450 0.00  1
78.750 0.00  1
79.050 0.00  1
79.650 0.00  1
80.100 0.00  1
80.400 0.00  1
80.700 0.00  1
81.000 0.00  1
81.450 0.00  1
82.050 0.00  1
82.500 0.00  1
82.800 0.00  1
83.250 0.00  1
83.550 0.00  1
83.850 0.00  1
84.450 0.00  1
84.900 0.00  1
85.200 0.00  2
85.350 0.00  4
85.800 0.00  1
86.212 0.00  8
86.700 0.50  4
87.300 0.00  2
87.600 0.00  4
88.050 0.50  1
89.100 0.00  2
89.400 0.00  8
89.700 0.00  4
90.000 0.50  2
90.900 1.00  4
92.400 0.50  8
93.300 1.00  4
94.762 0.00  1
95.100 0.00  4
95.400 0.00  2
95.850 0.00  8
96.300 0.50  4
96.900 0.00  2
97.200 0.00  4
97.650 0.50  1
98.700 0.00  2
99.000 0.00  8
99.300 0.00  4
99.600 0.50  2
100.500 1.00  4
102.000 0.50  1
102.900 1.00  2
104.400 0.00  2
104.850 0.00  1
105.300 0.00  4
105.900 1.50  12
107.850 0.00  1
108.225 0.00  4
108.600 0.00  2
108.900 0.00  1
109.200 0.00  8
109.650 0.00  4
110.100 0.50  2
110.850 1.00  2
112.500 0.00  4
112.800 0.00  2
113.100 0.00  8
113.400 0.00  4
113.700 0.00  1
114.000 0.00  12
114.450 0.00  12
115.050 0.00  6
115.650 0.00  6
116.400 0.00  4
116.850 0.00  4
117.450 0.00  3
118.050 0.00  3
118.800 0.00  8
119.250 0.00  4
119.850 0.00  6
120.450 0.00  4
121.200 0.00  8
121.650 0.00  4
122.250 0.50  6
123.000 0.50  2
123.600 3.00  8
127.950 0.50  4
128.625 4.00  2
133.200 1.50  8
135.000 0.50  4
135.600 1.50  2
137.400 0.50  4
138.000 1.50  1
139.800 0.50  2
140.400 0.50  4
141.300 0.50  2
142.200 0.50  4
142.800 1.50  8
144.600 0.50  4
145.200 1.50  2
147.000 0.50  1
147.600 1.50  4
149.850 0.00  2
150.450 0.00  8
150.900 0.00  2
151.275 0.00  8
151.575 0.00  2
151.875 0.00  8
152.175 0.00  2
152.400 0.00  8
152.625 0.00  2
152.925 0.00  2
153.225 0.00  2
153.600 0.00  1
153.850 0.00  1
154.100 0.00  1
154.600 0.00  8
154.850 0.00  4
155.100 0.00  1
155.350 0.00  4
155.600 0.00  2
155.850 0.00  1
156.100 0.00  4
156.350 0.00  2
156.600 0.00  1
156.850 0.00  8
157.100 0.00  4
157.350 0.00  3
157.600 0.00  3
157.850 0.00  3
158.100 0.00  3
158.350 0.00  3
158.600 0.00  3
159.522 0.00  3
160.348 0.00  3
161.097 0.00  3
161.850 0.00  3
162.100 0.00  3
162.350 0.00  1
162.600 0.00  2
162.851 0.00  4
163.101 1.50  1
164.852 0.50  2
165.601 0.50  4
166.351 0.50  8
167.101 0.50  1
167.968 0.00  2
168.213 0.00  4
168.702 0.00  8
168.947 0.00  2
169.194 0.00  4
169.442 0.00  2
169.690 0.00  4
169.937 0.00  1
170.185 0.00  2
170.432 0.00  1
170.680 0.00  1
170.927 0.00  4
171.299 0.00  4
171.546 0.00  2
171.793 0.00  8
172.165 0.00  4
172.414 0.00  2
172.787 0.00  8
173.036 0.00  2
173.294 0.00  4
173.552 0.00  1
173.811 0.00  8
174.069 0.00  8
174.444 0.00  8
174.827 0.00  8
175.085 0.00  8
175.600 0.00  2
175.851 0.00  2
176.102 0.00  1
176.352 0.00  2
176.602 0.00  4
176.852 0.00  1
177.102 0.00  2
177.352 0.00  1
177.602 0.00  2
177.852 0.00  2
178.102 0.00  4
178.352 0.00  2
178.602 0.00  1
178.914 0.00  4
179.226 0.00  12
179.602 0.00  6
179.977 0.00  2
180.351 0.00  3
180.725 0.00  1
180.976 0.00  3
181.227 0.00  1
181.596 0.00  4
181.969 0.00  1
182.219 0.00  4
182.727 0.00  8
182.977 0.00  2
183.227 0.00  4
183.597 0.00  1
183.973 0.00  4
184.352 0.00  1
184.602 0.00  4
185.102 0.00  8
185.350 0.00  2
185.597 0.00  4
185.971 0.00  1
186.347 0.00  4
186.726 0.00  1
186.975 0.00  4
187.471 0.00  8
187.720 0.00  2
187.970 0.00  4
188.345 0.00  1
188.720 0.00  4
189.101 0.00  1
189.360 0.00  4
189.892 0.00  8
190.165 0.00  2
190.437 0.00  4
190.710 0.00  1
196.850 0.00  1
197.150 0.00  2
197.450 0.00  4
197.750 0.00  1
198.050 0.00  2
198.500 0.00  4
198.950 0.00  8
199.363 0.00  2
199.700 2.00  2
201.913 0.00  2
202.401 0.50  2
203.040 0.00  4
203.303 0.00  8
203.603 2.00  1
205.702 0.50  2
206.715 0.50  4
207.502 0.50  1
208.374 1.00  4
209.452 0.00  2
209.677 0.00  4
209.902 2.00  8
212.002 0.00  4
212.302 0.00  4
212.602 0.00  4
212.902 0.00  4
213.202 0.00  4
213.501 0.00  4
213.801 0.00  4
214.100 0.00  4
214.699 0.50  8
215.600 1.00  8
216.650 0.00  4
216.900 0.00  2
217.100 0.00  1
217.625 0.50  1
218.599 0.00  1
218.899 0.00  2
219.199 0.00  4
219.499 0.00  8
219.799 0.00  4
220.100 0.00  8
220.400 0.00  2
220.700 0.00  4
221.000 0.00  2
221.300 0.00  2
221.600 0.00  1
221.900 0.00  8
222.200 0.00  4
222.500 0.00  2
222.800 0.00  4
223.399 0.50  2
223.999 1.00  4
225.099 0.00  2
225.299 0.00  4
225.499 0.50  8
226.300 0.00  4
226.700 0.00  2
227.000 0.00  1
227.375 1.00  2
228.500 0.00  1
229.100 0.00  2
229.550 0.00  4
230.000 0.00  1
230.450 0.00  2
230.900 0.00  4
231.200 0.00  4
231.500 0.00  8
231.802 0.00  8
232.103 0.00  8
232.405 0.00  8
232.706 0.00  8
233.008 0.00  8
233.309 0.00  8
233.611 0.00  8
233.912 0.00  2
234.212 0.00  1
234.512 0.00  2
234.962 0.00  8
235.413 0.00  4
235.713 0.00  1
236.013 0.00  2
236.313 0.00  4
236.613 0.00  4
236.913 0.00  8
237.363 0.00  6
237.963 0.50  3
238.563 0.00  2
239.013 0.00  1
239.313 0.00  2
239.763 0.00  8
240.213 0.00  4
240.514 0.00  1
240.814 0.00  2
241.114 0.00  4
241.414 0.00  4
241.714 0.00  8
242.014 0.00  4
242.314 0.00  1
242.614 0.00  4
243.064 0.00  8
243.514 0.00  2
243.814 0.00  1
244.114 0.00  2
244.564 0.00  8
245.014 0.00  4
245.315 0.00  1
245.615 0.00  2
245.915 0.00  4
246.215 0.00  4
246.515 0.00  8
246.965 0.00  6
247.565 0.50  3
248.165 0.00  2
248.615 0.00  1
248.915 0.00  2
249.365 0.00  8
249.815 0.00  4
250.115 0.00  1
250.416 0.00  2
250.716 0.00  4
251.016 0.00  4
251.316 0.00  8
251.616 0.00  4
251.916 0.00  12
252.516 0.00  12
252.816 0.00  12
253.266 0.00  12
253.716 0.00  12
254.016 0.00  12
254.466 0.00  12
254.541 0.00  16
254.541 0.00  16

999 0 0