4.800 0.00  1
4.950 0.00  1
5.100 0.00  2
5.400 0.00  4
5.550 0.00  1
5.850 0.00  2
6.150 0.00  4
6.300 0.00  1
6.600 0.00  2
6.750 0.00  1
6.900 0.00  4
7.200 0.00  2
7.350 0.00  2
7.500 0.00  4
7.800 0.00  4
7.950 0.00  2
8.250 0.00  4
8.400 0.00  2
8.700 0.00  8
8.850 0.00  2
9.000 0.00  8
9.450 0.00  8
9.600 0.00  1
9.750 0.00  4
9.900 0.00  4
10.200 0.00  4
10.350 0.00  1
10.650 0.00  4
10.800 0.00  2
10.950 0.00  8
11.100 0.00  8
11.400 0.00  8
11.550 0.00  2
11.850 0.00  8
12.000 0.00  4
12.750 0.00  4
13.200 0.00  2
13.350 0.00  4
13.800 0.00  8
13.950 0.00  4
14.100 0.00  1
14.400 0.00  1
14.550 0.00  1
14.700 0.00  2
15.000 0.00  4
15.150 0.00  1
15.450 0.00  2
15.750 0.00  4
15.900 0.00  1
16.200 0.00  2
16.350 0.00  1
16.500 0.00  4
16.800 0.00  2
16.950 0.00  2
17.100 0.00  4
17.400 0.00  4
17.550 0.00  2
17.850 0.00  4
18.000 0.00  2
18.300 0.00  8
18.450 0.00  2
18.600 0.00  8
19.050 0.00  8
19.200 0.00  1
19.350 0.00  4
19.500 0.00  4
19.800 0.00  4
19.950 0.00  1
20.250 0.00  4
20.400 0.00  2
20.550 0.00  8
20.700 0.00  8
21.000 0.00  8
21.150 0.00  2
21.450 0.00  8
21.600 0.00  4
22.350 0.00  4
22.800 0.00  2
22.950 0.00  4
23.400 0.00  8
23.550 0.00  4
23.700 0.00  1
23.925 0.00  2
24.300 0.00  1
24.450 0.00  2
24.600 0.00  4
24.900 0.00  8
25.350 0.00  8
25.500 0.00  4
25.800 0.00  1
26.100 0.00  2
26.250 0.00  4
26.400 0.00  8
26.700 0.00  8
27.000 0.00  8
27.300 0.00  4
27.450 0.00  10
28.050 0.50  5
28.650 0.00  2
29.100 0.00  1
29.250 0.00  2
29.400 0.00  4
29.700 0.00  8
30.150 0.00  8
30.300 0.00  4
30.600 0.00  1
30.900 0.00  2
31.050 0.00  4
31.200 0.00  8
31.500 0.00  8
31.800 0.00  8
32.100 0.00  4
32.250 0.00  2
32.400 0.00  1
32.700 0.00  4
33.000 0.00  2
33.150 0.00  8
33.600 0.00  2
33.900 0.00  1
34.050 0.00  2
34.200 0.00  4
34.500 0.00  8
34.950 0.00  8
35.100 0.00  4
35.400 0.00  1
35.700 0.00  2
35.850 0.00  4
36.000 0.00  8
36.300 0.00  8
36.600 0.00  8
36.900 0.00  4
37.050 0.00  10
37.650 0.50  5
38.250 0.00  2
38.700 0.00  1
38.850 0.00  2
39.000 0.00  4
39.300 0.00  8
39.750 0.00  8
39.900 0.00  4
40.200 0.00  1
40.500 0.00  2
40.650 0.00  4
40.800 0.00  8
41.100 0.00  8
41.400 0.00  8
41.700 0.00  4
41.850 0.00  2
42.000 0.00  1
42.300 0.00  4
42.600 0.00  2
42.750 0.00  8
43.200 0.00  16
43.350 0.00  16
43.500 0.00  16
43.800 0.00  16
44.100 0.00  16
44.400 0.00  16
44.700 0.00  16
45.000 0.00  16
45.150 0.00  16
45.450 0.00  10
45.750 0.00  10
46.050 0.00  10
46.350 0.00  10
46.650 0.00  12
46.950 0.00  12
47.250 0.00  16
47.550 0.00  16
47.850 0.00  16
48.150 0.00  16
48.300 0.00  16
48.600 0.00  16
48.900 0.00  16
49.200 0.00  16
49.500 0.00  16
49.800 0.00  16
50.100 0.00  2
50.550 0.00  4
50.700 0.00  8
51.000 0.00  4
51.150 0.00  1
51.300 0.00  2
51.450 0.00  4
51.750 0.00  2
51.900 0.00  8
52.200 0.00  4
52.350 0.00  1
52.500 0.00  2
52.800 0.00  2
52.950 0.00  4
53.100 0.00  8
53.700 0.00  2
53.850 0.00  4
54.150 0.00  8
54.712 0.00  8
54.900 0.00  2
55.200 0.00  1
55.350 0.00  2
55.500 0.00  4
55.650 0.00  8
55.950 0.00  4
56.100 0.00  2
56.400 0.00  4
56.700 0.00  8
57.000 0.00  8
57.300 0.00  4
57.450 0.00  2
57.600 0.00  2
57.750 0.00  4
57.900 0.00  8
58.500 0.00  2
58.650 0.00  4
58.950 0.00  8
59.550 0.00  8
59.700 0.00  4
60.000 0.00  2
60.300 0.00  4
60.450 0.00  1
60.975 0.00  2
61.200 0.00  1
61.500 0.00  4
61.650 0.00  8
61.800 0.00  2
61.950 0.00  1
62.100 0.00  4
62.375 0.00  8
62.600 0.00  2
62.800 0.00  4
63.000 0.00  2
63.200 0.00  8
63.600 2.00  2
66.000 0.00  1
66.150 0.00  1
66.300 0.00  1
66.450 0.00  1
66.600 0.00  1
66.900 0.00  1
67.050 0.00  1
67.350 0.00  1
67.500 0.00  1
67.650 0.00  1
67.950 0.00  1
68.100 0.00  1
68.250 0.00  1
68.400 0.00  1
68.700 0.00  1
68.850 0.00  1
69.150 0.00  1
69.450 0.00  1
69.750 0.00  1
69.900 0.00  1
70.050 0.00  1
70.350 0.00  1
70.500 0.00  1
70.650 0.00  1
70.800 0.00  1
70.950 0.00  1
71.100 0.00  4
71.250 0.00  8
71.550 0.00  1
71.700 0.00  1
71.850 0.00  1
72.000 0.00  4
72.150 0.00  8
72.450 0.00  1
72.750 0.00  1
73.050 0.00  1
73.350 0.00  1
73.500 0.00  1
73.650 0.00  4
73.800 0.00  8
74.100 0.00  1
74.250 0.00  1
74.400 0.00  1
74.550 0.00  4
74.700 0.00  8
74.850 0.00  4
75.300 0.00  2
75.600 0.00  1
75.750 0.00  1
75.900 0.00  1
76.050 0.00  1
76.200 0.00  1
76.500 0.00  1
76.650 0.00  1
76.950 0.00  1
77.100 0.00  1
77.250 0.00  1
77.550 0.00  1
77.700 0.00  1
77.850 0.00  1
78.000 0.00  1
78.300 0.00  1
78.450 0.00  1
78.750 0.00  1
79.050 0.00  1
79.350 0.00  1
79.500 0.00  1
79.650 0.00  1
79.950 0.00  1
80.100 0.00  1
80.250 0.00  1
80.400 0.00  1
80.550 0.00  1
80.700 0.00  1
80.850 0.00  1
81.000 0.00  1
81.300 0.00  1
81.450 0.00  1
81.750 0.00  1
81.900 0.00  1
82.050 0.00  1
82.350 0.00  1
82.500 0.00  1
82.650 0.00  1
82.800 0.00  1
83.100 0.00  1
83.250 0.00  1
83.550 0.00  1
83.850 0.00  1
84.150 0.00  1
84.300 0.00  1
84.450 0.00  1
84.750 0.00  1
84.900 0.00  1
85.050 0.00  1
85.200 0.00  2
85.350 0.00  4
85.500 0.00  8
85.800 0.00  2
85.950 0.00  4
86.100 0.00  8
86.700 0.50  8
87.300 0.00  4
87.450 0.00  8
87.900 0.00  4
88.050 0.50  2
88.950 0.00  2
89.100 0.00  4
89.700 0.00  8
89.850 0.00  4
90.000 0.50  6
90.900 1.00  12
92.400 0.50  16
93.300 1.00  12
94.762 0.00  2
94.950 0.00  4
95.100 0.00  8
95.400 0.00  2
95.700 0.00  8
96.300 0.50  8
96.900 0.00  4
97.050 0.00  8
97.500 0.00  4
97.650 0.00  2
97.837 0.50  2
98.550 0.00  2
98.700 0.00  4
99.300 0.00  8
99.450 0.00  4
99.600 0.50  6
100.500 1.00  12
102.000 0.50  6
102.900 1.00  10
104.100 0.00  1
104.400 0.00  6
104.850 0.00  3
105.300 0.00  10
105.787 0.00  4
105.937 1.50  12
107.850 0.00  1
108.075 0.00  2
108.225 0.00  8
108.600 0.00  4
108.900 0.00  2
109.200 0.00  8
109.650 0.00  2
109.800 0.00  4
110.100 0.00  1
110.300 0.50  2
110.850 1.00  2
112.500 0.00  4
112.650 0.00  2
112.800 0.00  1
113.100 0.00  4
113.400 0.00  2
113.550 0.00  8
113.700 0.00  1
114.000 0.00  12
114.450 0.00  12
115.050 0.00  6
115.650 0.00  6
116.400 0.00  10
116.850 0.00  10
117.450 0.00  5
118.050 0.00  5
118.800 0.00  16
119.250 0.00  12
119.850 0.00  10
120.450 0.00  16
121.200 0.00  16
121.650 0.00  16
122.250 0.50  6
123.000 0.50  2
127.950 0.50  8
128.625 4.00  2
135.000 0.50  8
135.600 1.50  2
137.400 0.50  4
138.000 1.50  1
139.800 0.50  2
140.400 0.50  4
141.300 0.50  2
142.200 0.50  8
144.600 0.50  8
145.200 1.50  2
147.000 0.50  1
147.600 1.50  4
149.850 0.00  2
150.225 0.00  4
150.450 0.00  8
150.675 0.00  4
150.900 0.00  2
151.125 0.00  4
151.275 0.00  8
151.425 0.00  4
151.575 0.00  2
151.725 0.00  4
151.875 0.00  8
152.175 0.00  2
152.287 0.00  4
152.400 0.00  8
152.625 0.00  2
152.775 0.00  8
152.925 0.00  2
153.075 0.00  8
153.225 0.00  2
153.375 0.00  8
153.600 0.00  3
153.850 0.00  3
154.100 0.00  3
0.016 154.50  3
154.912 0.00  8
155.162 0.00  3
155.412 0.00  8
155.662 0.00  4
155.912 0.00  3
156.162 0.00  4
156.412 0.00  2
156.662 0.00  3
156.912 0.00  12
157.162 0.00  6
157.412 0.00  5
157.662 0.00  5
157.912 0.00  5
158.162 0.00  5
158.412 0.00  5
158.662 0.50  5
159.584 0.50  5
160.410 0.50  5
161.159 0.50  5
161.912 0.00  5
162.162 0.00  5
162.412 0.00  1
162.662 0.00  2
162.787 0.00  4
162.913 0.00  8
164.851 0.00  2
165.601 0.00  4
166.350 0.50  16
167.967 0.00  2
168.029 0.00  4
168.274 0.00  8
168.519 0.00  2
168.763 0.00  16
169.008 0.00  4
169.256 0.00  4
169.380 0.00  8
169.504 0.00  2
169.751 0.00  2
169.998 0.00  1
170.246 0.00  4
170.493 0.00  1
170.741 0.00  1
170.988 0.00  6
171.360 0.00  6
171.607 0.00  2
171.731 0.00  16
171.978 0.00  8
172.227 0.00  8
172.352 0.00  4
172.725 0.00  16
173.100 0.00  4
173.358 0.00  8
173.487 0.00  8
173.616 0.00  1
173.875 0.00  12
174.131 0.00  12
174.256 0.00  12
174.506 0.00  12
174.633 0.00  12
174.891 0.00  12
175.149 0.00  12
175.536 0.00  12
175.662 0.00  2
175.788 0.00  4
175.913 0.00  2
176.164 0.00  2
176.289 0.00  1
176.414 0.00  2
176.664 0.00  2
176.789 0.00  8
176.914 0.00  4
177.164 0.00  2
177.289 0.00  1
177.414 0.00  2
177.664 0.00  2
177.789 0.00  4
177.914 0.00  8
178.164 0.00  16
178.539 0.00  4
178.679 0.00  8
178.835 0.00  2
178.991 0.00  4
179.288 0.00  12
179.539 0.00  12
179.664 0.00  10
179.914 0.00  10
180.039 0.00  6
180.288 0.00  6
180.413 0.00  5
180.787 0.00  1
180.913 0.00  1
181.038 0.00  5
181.288 0.00  1
181.534 0.00  4
181.657 0.00  8
181.906 0.00  1
182.031 0.00  2
182.156 0.00  4
182.282 0.50  16
182.914 0.00  8
183.039 0.00  4
183.288 0.00  8
183.411 0.00  4
183.534 0.00  2
183.658 0.00  1
183.910 0.00  4
184.036 0.00  8
184.289 0.00  1
184.414 0.00  2
184.539 0.00  4
184.664 0.00  8
185.039 0.00  16
185.288 0.00  8
185.411 0.00  4
185.658 0.00  8
185.783 0.00  4
185.908 0.00  2
186.033 0.00  1
186.284 0.00  4
186.410 0.00  8
186.663 0.00  1
186.788 0.00  2
186.912 0.00  4
187.037 0.00  8
187.409 0.00  16
187.657 0.00  8
187.782 0.00  4
188.032 0.00  8
188.157 0.00  4
188.282 0.00  2
188.407 0.00  1
188.657 0.00  4
188.783 0.00  8
189.037 0.00  1
189.164 0.00  2
189.293 0.00  4
189.425 0.00  8
189.823 0.00  16
190.096 0.00  8
190.233 0.00  4
190.505 0.00  8
190.642 0.00  4
190.778 6.00  2
196.925 0.00  5
197.075 0.00  5
197.225 0.00  2
197.375 0.00  4
197.525 0.00  8
197.675 0.00  4
197.825 0.00  2
198.500 0.00  4
198.950 0.00  16
199.438 0.00  2
201.800 0.00  2
201.988 0.00  2
203.039 0.00  4
203.115 0.00  16
205.627 0.00  1
206.677 0.00  2
207.502 0.00  4
208.340 0.00  1
209.452 0.00  8
209.526 0.00  2
209.752 2.00  16
212.076 0.00  16
212.377 0.00  8
212.676 0.00  8
212.877 0.00  8
213.091 0.00  8
213.336 0.00  8
213.575 0.00  8
213.815 0.00  8
214.055 0.00  8
214.324 1.00  16
215.600 1.00  16
216.725 0.00  8
216.975 0.00  4
217.174 0.00  2
217.324 0.00  4
217.549 0.00  1
218.599 0.00  2
218.786 0.00  1
218.973 0.00  2
219.123 0.00  4
219.273 0.00  8
219.423 0.00  4
219.574 0.00  16
219.874 0.00  8
220.024 0.00  4
220.175 0.00  8
220.475 0.00  4
220.625 0.00  2
220.775 0.00  4
221.075 0.00  2
221.225 0.00  1
221.375 0.00  8
221.525 0.00  4
221.675 0.00  2
221.825 0.00  16
222.124 0.00  8
222.274 0.00  4
222.424 0.00  8
222.574 0.00  4
222.724 0.00  2
223.249 0.00  4
223.323 0.00  1
223.998 0.00  2
225.099 0.00  8
225.174 0.00  2
225.374 0.50  16
226.375 0.00  8
226.575 0.00  4
226.774 0.00  2
227.074 0.00  2
227.225 0.00  1
228.500 0.00  2
228.949 0.00  1
229.175 0.00  2
229.325 0.00  4
229.625 0.00  4
229.775 0.00  8
230.075 0.00  1
230.225 0.00  2
230.525 0.00  2
230.675 0.00  4
230.975 0.00  4
231.125 2.50  16
233.987 0.00  2
234.287 0.00  1
234.437 0.00  2
234.587 0.00  4
234.887 0.00  16
235.337 0.00  8
235.488 0.00  4
235.788 0.00  1
236.088 0.00  2
236.238 0.00  4
236.388 0.00  8
236.688 0.00  16
236.988 0.00  8
237.288 0.00  4
237.813 0.00  10
238.563 0.00  5
239.013 0.00  2
239.088 0.00  1
239.238 0.00  2
239.388 0.00  4
239.688 0.00  16
240.138 0.00  8
240.288 0.00  4
240.589 0.00  1
240.889 0.00  2
241.039 0.00  4
241.189 0.00  8
241.489 0.00  16
241.789 0.00  8
242.089 0.00  4
242.239 0.00  2
242.389 0.00  1
242.689 0.00  4
242.989 0.00  2
243.514 0.00  8
243.589 0.00  2
243.889 0.00  1
244.039 0.00  2
244.189 0.00  4
244.489 0.00  16
244.939 0.00  8
245.089 0.00  4
245.390 0.00  1
245.690 0.00  2
245.840 0.00  4
245.990 0.00  8
246.290 0.00  16
246.590 0.00  8
246.890 0.00  4
247.415 0.00  10
248.165 0.00  5
248.615 0.00  2
248.690 0.00  1
248.840 0.00  2
248.990 0.00  4
249.290 0.00  16
249.740 0.00  8
249.890 0.00  4
250.190 0.00  1
250.491 0.00  2
250.641 0.00  4
250.791 0.00  8
251.091 0.00  16
251.391 0.00  8
251.691 0.00  4
251.841 0.00  2
251.991 0.00  12
252.141 0.00  12
252.291 0.00  1
252.591 0.00  12
252.891 0.00  12
253.041 0.00  12
253.341 0.00  12
253.491 0.00  12
253.791 0.00  12
253.941 0.00  12
254.091 0.00  12
254.391 0.00  1
254.541 0.00  12
254.541 0.00  16

999 0 0