4.800 0.00  1
4.950 0.00  1
5.100 0.00  2
5.250 0.00  1
5.400 0.00  4
5.550 0.00  1
5.700 0.00  1
5.850 0.00  2
6.000 0.00  1
6.150 0.00  4
6.300 0.00  1
6.450 0.00  1
6.600 0.00  2
6.750 0.00  1
6.900 0.00  4
7.050 0.00  1
7.200 0.00  2
7.350 0.00  2
7.500 0.00  4
7.650 0.00  2
7.800 0.00  4
7.950 0.00  2
8.100 0.00  2
8.250 0.00  4
8.400 0.00  2
8.550 0.00  2
8.700 0.00  8
8.850 0.00  2
9.000 0.00  8
9.150 0.00  2
9.300 0.00  2
9.450 0.00  8
9.600 0.00  1
9.750 0.00  4
9.900 0.00  4
10.050 0.00  1
10.200 0.00  4
10.350 0.00  1
10.500 0.00  1
10.650 0.00  4
10.800 0.00  2
10.950 0.00  8
11.100 0.00  8
11.250 0.00  2
11.400 0.00  8
11.550 0.00  2
11.700 0.00  2
11.850 0.00  8
12.000 0.00  4
12.450 0.00  4
12.750 0.00  4
12.900 0.00  4
13.200 0.00  2
13.350 0.00  4
13.650 0.00  4
13.800 0.00  8
13.950 0.00  4
14.100 0.00  1
14.250 0.00  4
14.400 0.00  1
14.550 0.00  1
14.700 0.00  2
14.850 0.00  1
15.000 0.00  4
15.150 0.00  1
15.300 0.00  1
15.450 0.00  2
15.600 0.00  1
15.750 0.00  4
15.900 0.00  1
16.050 0.00  1
16.200 0.00  2
16.350 0.00  1
16.500 0.00  4
16.650 0.00  1
16.800 0.00  2
16.950 0.00  2
17.100 0.00  4
17.250 0.00  2
17.400 0.00  4
17.550 0.00  2
17.700 0.00  2
17.850 0.00  4
18.000 0.00  2
18.150 0.00  2
18.300 0.00  8
18.450 0.00  2
18.600 0.00  8
18.750 0.00  2
18.900 0.00  2
19.050 0.00  8
19.200 0.00  1
19.350 0.00  4
19.500 0.00  4
19.650 0.00  1
19.800 0.00  4
19.950 0.00  1
20.100 0.00  1
20.250 0.00  4
20.400 0.00  2
20.550 0.00  8
20.700 0.00  8
20.850 0.00  2
21.000 0.00  8
21.150 0.00  2
21.300 0.00  2
21.450 0.00  8
21.600 0.00  4
22.050 0.00  4
22.350 0.00  4
22.500 0.00  4
22.800 0.00  2
22.950 0.00  4
23.250 0.00  4
23.400 0.00  8
23.550 0.00  4
23.700 0.00  1
23.925 0.00  2
24.300 0.00  1
24.450 0.00  2
24.600 0.00  2
24.750 0.00  4
24.900 0.00  8
25.350 0.00  8
25.500 0.00  4
25.650 0.00  2
25.800 0.00  1
25.950 0.00  4
26.100 0.00  2
26.250 0.00  4
26.400 0.00  8
26.550 0.00  4
26.700 0.00  8
27.000 0.00  8
27.150 0.00  2
27.300 0.00  4
27.450 0.00  10
28.050 0.50  5
28.650 0.00  2
29.100 0.00  1
29.250 0.00  2
29.400 0.00  2
29.550 0.00  4
29.700 0.00  8
30.150 0.00  8
30.300 0.00  4
30.450 0.00  2
30.600 0.00  1
30.750 0.00  4
30.900 0.00  2
31.050 0.00  4
31.200 0.00  8
31.350 0.00  4
31.500 0.00  8
31.800 0.00  8
31.950 0.00  8
32.100 0.00  4
32.250 0.00  2
32.400 0.00  1
32.549 0.00  4
32.700 0.00  8
32.850 0.00  2
33.000 0.00  8
33.600 0.00  2
33.900 0.00  1
34.050 0.00  2
34.200 0.00  2
34.350 0.00  4
34.500 0.00  8
34.950 0.00  8
35.100 0.00  4
35.250 0.00  2
35.400 0.00  1
35.550 0.00  4
35.700 0.00  2
35.850 0.00  4
36.000 0.00  8
36.150 0.00  4
36.300 0.00  8
36.600 0.00  8
36.750 0.00  2
36.900 0.00  4
37.050 0.00  10
37.350 0.00  10
37.650 0.00  5
37.950 0.00  5
38.250 0.00  2
38.700 0.00  1
38.850 0.00  2
39.000 0.00  2
39.150 0.00  4
39.300 0.00  8
39.750 0.00  8
39.900 0.00  4
40.050 0.00  2
40.200 0.00  1
40.350 0.00  4
40.500 0.00  2
40.650 0.00  4
40.800 0.00  8
40.950 0.00  4
41.100 0.00  8
41.400 0.00  8
41.600 0.00  8
41.700 0.00  4
41.850 0.00  2
42.000 0.00  1
42.150 0.00  4
42.300 0.00  8
42.450 0.00  2
42.600 0.00  8
43.200 0.00  6
43.274 0.00  6
43.350 0.00  6
43.425 0.00  6
43.500 0.00  6
43.575 0.00  6
43.800 0.00  6
43.874 0.00  6
44.100 0.00  6
44.175 0.00  6
44.400 0.00  6
44.475 0.00  6
44.700 0.00  6
44.774 0.00  6
45.000 0.00  6
45.075 0.00  6
45.150 0.00  6
45.225 0.00  6
45.450 0.00  9
45.750 0.00  9
46.050 0.00  9
46.350 0.00  9
46.650 0.00  6
46.725 0.00  6
46.950 0.00  6
47.024 0.00  6
47.250 0.00  10
47.325 0.00  10
47.550 0.00  10
47.624 0.00  10
47.850 0.00  6
47.925 0.00  6
48.150 0.00  6
48.225 0.00  6
48.300 0.00  6
48.374 0.00  6
48.600 0.00  6
48.675 0.00  6
48.900 0.00  6
48.975 0.00  6
49.200 0.00  6
49.274 0.00  6
49.500 0.00  6
49.575 0.00  6
49.800 0.00  6
49.874 0.00  6
49.950 0.00  6
50.024 0.00  6
50.100 0.00  2
50.550 0.00  4
50.700 0.00  8
50.850 0.00  2
51.000 0.00  4
51.150 0.00  1
51.300 0.00  2
51.450 0.00  4
51.750 0.00  1
52.050 0.00  2
52.200 0.00  8
52.350 0.00  1
52.500 0.00  4
52.650 0.00  1
52.800 0.00  2
52.950 0.00  4
53.100 0.00  8
53.700 0.00  2
53.850 0.00  4
54.150 0.00  8
54.700 0.00  8
54.800 0.00  4
54.900 0.00  2
55.200 0.00  1
55.350 0.00  2
55.500 0.00  4
55.650 0.00  8
55.950 0.00  4
56.100 0.00  2
56.250 0.00  1
56.400 0.00  2
56.550 0.00  4
56.700 0.00  8
57.000 0.00  8
57.200 0.00  8
57.300 0.00  4
57.450 0.00  2
57.600 0.00  2
57.750 0.00  4
57.900 0.00  8
58.500 0.00  2
58.650 0.00  4
58.950 0.00  8
59.500 0.00  8
59.600 0.00  4
59.700 0.00  2
59.850 0.00  8
60.000 0.00  4
60.300 0.00  8
60.450 0.00  2
60.975 0.00  4
61.125 0.00  2
61.200 0.00  1
61.350 0.00  2
61.500 0.00  4
61.650 0.00  8
61.800 0.00  4
61.950 0.00  1
62.100 0.00  2
62.250 0.00  4
62.375 0.00  8
62.475 0.00  1
62.600 0.00  2
62.700 0.00  1
62.800 0.00  4
62.900 0.00  1
63.000 0.00  4
63.100 0.00  2
63.200 0.00  8
63.300 0.00  2
63.500 0.00  2
63.600 2.00  1
66.000 0.00  1
66.150 0.00  1
66.300 0.00  1
66.450 0.00  1
66.600 0.00  1
66.900 0.00  1
67.050 0.00  1
67.350 0.00  1
67.500 0.00  1
67.650 0.00  1
67.950 0.00  1
68.100 0.00  1
68.250 0.00  1
68.400 0.00  1
68.700 0.00  1
68.850 0.00  1
69.150 0.00  1
69.450 0.00  1
69.750 0.00  1
69.900 0.00  1
70.050 0.00  1
70.350 0.00  1
70.500 0.00  1
70.650 0.00  1
70.800 0.00  1
70.950 0.00  1
71.100 0.00  8
71.550 0.00  1
71.700 0.00  1
71.850 0.00  1
72.000 0.00  8
72.450 0.00  1
72.750 0.00  1
73.050 0.00  1
73.350 0.00  1
73.500 0.00  1
73.650 0.00  8
74.100 0.00  1
74.250 0.00  1
74.400 0.00  1
74.550 0.00  8
74.850 0.00  4
75.300 0.00  2
75.600 0.00  1
75.750 0.00  1
75.900 0.00  1
76.050 0.00  1
76.200 0.00  1
76.500 0.00  1
76.650 0.00  1
76.950 0.00  1
77.100 0.00  1
77.250 0.00  1
77.550 0.00  1
77.700 0.00  1
77.850 0.00  1
78.000 0.00  1
78.300 0.00  1
78.450 0.00  1
78.750 0.00  1
79.050 0.00  1
79.350 0.00  1
79.500 0.00  1
79.650 0.00  1
79.950 0.00  1
80.100 0.00  1
80.250 0.00  1
80.400 0.00  1
80.550 0.00  1
80.700 0.00  1
80.850 0.00  1
81.000 0.00  1
81.300 0.00  1
81.450 0.00  1
81.750 0.00  1
81.900 0.00  1
82.050 0.00  1
82.350 0.00  1
82.500 0.00  1
82.650 0.00  1
82.800 0.00  1
83.100 0.00  1
83.250 0.00  1
83.550 0.00  1
83.850 0.00  1
84.150 0.00  1
84.300 0.00  1
84.450 0.00  1
84.750 0.00  1
84.900 0.00  1
85.050 0.00  1
85.200 0.00  2
85.350 0.00  4
85.500 0.00  8
85.650 0.00  4
85.800 0.00  2
85.950 0.00  4
86.100 0.00  8
86.662 0.00  4
86.775 0.50  8
87.300 0.00  4
87.450 0.00  8
87.750 0.00  4
87.900 0.00  2
88.050 0.50  1
88.950 0.00  1
89.100 0.00  2
89.250 0.00  4
89.400 0.00  8
89.700 0.00  4
89.850 0.00  2
90.000 0.50  5
90.900 1.00  10
92.400 0.50  16
93.300 1.00  9
94.762 0.00  2
94.950 0.00  4
95.100 0.00  8
95.250 0.00  4
95.400 0.00  2
95.550 0.00  4
95.700 0.00  8
96.300 0.00  4
96.375 0.50  8
96.900 0.00  4
97.050 0.00  8
97.350 0.00  4
97.500 0.00  2
97.650 0.00  1
97.837 0.50  1
98.550 0.00  1
98.700 0.00  2
98.850 0.00  4
99.000 0.00  8
99.300 0.00  4
99.450 0.00  2
99.600 0.50  5
100.500 1.00  10
102.000 0.50  9
102.900 1.00  16
104.100 0.00  1
104.300 0.00  1
104.400 0.00  10
104.850 0.00  5
105.300 0.00  3
105.375 0.00  3
105.787 0.00  12
105.937 1.50  16
107.850 0.00  1
108.075 0.00  2
108.225 0.00  8
108.450 0.00  2
108.600 0.00  4
108.750 0.00  2
108.900 0.00  1
109.050 0.00  8
109.200 0.00  8
109.650 0.00  2
109.800 0.00  4
110.100 0.00  1
110.200 0.00  1
110.300 0.50  2
110.850 1.00  2
112.500 0.00  4
112.650 0.00  2
112.800 0.00  1
112.950 0.00  2
113.100 0.00  4
113.250 0.00  8
113.400 0.00  4
113.700 0.00  2
114.000 0.00  12
114.075 0.00  12
114.450 0.00  12
114.525 0.00  12
115.050 0.00  3
115.125 0.00  3
115.650 0.00  3
115.725 0.00  3
116.400 0.00  5
116.475 0.00  5
116.850 0.00  5
116.924 0.00  5
117.450 0.00  3
117.525 0.00  3
118.050 0.00  3
118.125 0.00  3
118.800 0.00  6
118.875 0.00  6
119.250 0.00  6
119.325 0.00  6
119.850 0.00  3
119.924 0.00  3
120.450 0.00  6
120.525 0.00  6
121.200 0.00  16
121.650 0.00  6
121.725 0.00  6
122.250 0.00  3
123.000 0.00  3
123.000 0.50  2
123.600 0.00  8
127.950 0.50  8
128.550 0.00  4
128.625 4.00  2
135.000 0.50  8
135.600 1.50  2
137.400 0.50  4
138.000 1.50  1
139.800 0.50  2
140.400 0.50  4
141.300 0.50  2
142.200 0.50  8
144.600 0.50  8
145.200 1.50  2
147.000 0.50  1
147.600 1.50  4
149.700 0.00  1
149.850 0.00  2
150.225 0.00  4
150.675 0.00  4
150.900 0.00  2
151.125 0.00  4
151.425 0.00  4
151.575 0.00  2
151.725 0.00  4
152.025 0.00  4
152.175 0.00  2
152.287 0.00  4
152.512 0.00  4
152.625 0.00  2
152.700 0.00  4
152.850 0.00  4
152.925 0.00  2
153.000 0.00  4
153.150 0.00  4
153.225 0.00  2
153.300 0.00  4
153.450 0.00  4
153.600 0.00  3
153.850 0.00  3
154.100 0.00  3
154.600 0.00  16
154.850 0.00  12
155.100 0.00  3
155.350 0.00  12
155.600 0.00  6
155.850 0.00  3
156.100 0.00  16
156.350 0.00  10
156.600 0.00  3
156.850 0.00  16
157.100 0.00  9
157.350 0.00  3
157.412 0.00  3
157.600 0.00  3
157.662 0.00  3
157.850 0.00  3
157.912 0.00  3
158.100 0.00  3
158.162 0.00  3
158.350 0.00  3
158.412 0.00  3
158.600 0.00  3
158.662 0.00  3
159.522 0.00  3
159.584 0.00  3
160.348 0.00  3
160.410 0.00  3
161.097 0.00  3
161.159 0.00  3
161.850 0.00  3
161.912 0.00  3
162.100 0.00  3
162.162 0.00  3
162.350 0.00  1
162.475 0.00  2
162.600 0.00  4
162.725 0.00  8
162.976 0.00  1
163.101 1.50  2
164.852 0.50  4
165.601 0.50  8
167.101 0.50  2
167.968 0.00  4
168.091 0.00  1
168.213 0.00  8
168.335 0.00  2
168.458 0.00  1
168.702 0.00  8
168.947 0.00  4
169.069 0.00  2
169.194 0.00  1
169.318 0.00  8
169.442 0.00  4
169.566 0.00  2
169.690 0.00  1
169.814 0.00  4
169.937 0.00  1
170.185 0.00  6
170.309 0.00  3
170.432 0.00  3
170.680 0.00  1
170.804 0.00  1
170.927 0.00  6
171.051 0.00  12
171.175 0.00  1
171.299 0.00  6
171.546 0.00  2
171.628 0.00  2
171.711 0.00  2
171.793 0.00  16
171.917 0.00  10
172.165 0.00  16
172.290 0.00  9
172.663 0.00  2
172.912 0.00  8
173.036 0.00  4
173.165 0.00  2
173.294 0.00  8
173.423 0.00  8
173.552 0.00  1
173.682 0.00  1
173.811 0.00  12
173.940 0.00  1
174.069 0.00  12
174.194 0.00  12
174.319 0.00  1
174.444 0.00  12
174.569 0.00  12
174.698 0.00  1
174.827 0.00  12
174.956 0.00  12
175.085 0.00  12
175.214 0.00  1
175.343 0.00  1
175.472 0.00  12
175.600 0.00  2
175.726 0.00  4
175.851 0.00  2
175.976 0.00  4
176.102 0.00  2
176.227 0.00  1
176.352 0.00  2
176.477 0.00  4
176.602 0.00  2
176.727 0.00  8
176.852 0.00  2
176.977 0.00  4
177.102 0.00  2
177.227 0.00  1
177.352 0.00  2
177.477 0.00  4
177.602 0.00  1
177.727 0.00  2
177.852 0.00  8
177.977 0.00  2
178.102 0.00  4
178.352 0.00  4
178.477 0.00  1
178.602 0.00  4
178.758 0.00  2
178.836 0.00  4
178.992 0.00  8
179.226 0.00  16
179.351 0.00  16
179.477 0.00  16
179.602 0.00  16
179.728 0.00  16
179.852 0.00  16
179.977 0.00  10
180.102 0.00  10
180.226 0.00  10
180.351 0.00  5
180.476 0.00  5
180.600 0.00  5
180.725 0.00  1
180.809 0.00  1
180.892 0.00  1
180.976 0.00  5
181.227 0.00  1
181.350 0.00  2
181.473 0.00  4
181.596 0.00  8
181.844 0.00  1
181.969 0.00  2
182.094 0.00  4
182.219 0.00  8
182.600 0.00  1
182.852 0.00  8
182.977 0.00  4
183.102 0.00  2
183.227 0.00  8
183.350 0.00  4
183.473 0.00  2
183.597 0.00  1
183.720 0.00  2
183.847 0.00  4
183.973 0.00  8
184.227 0.00  1
184.352 0.00  2
184.477 0.00  4
184.602 0.00  8
184.977 0.00  1
185.227 0.00  8
185.350 0.00  4
185.474 0.00  2
185.597 0.00  8
185.721 0.00  4
185.846 0.00  2
185.971 0.00  1
186.096 0.00  2
186.221 0.00  4
186.347 0.00  8
186.600 0.00  1
186.726 0.00  2
186.850 0.00  4
186.975 0.00  8
187.347 0.00  1
187.595 0.00  8
187.720 0.00  4
187.845 0.00  2
187.970 0.00  8
188.095 0.00  4
188.220 0.00  2
188.345 0.00  1
188.470 0.00  2
188.595 0.00  4
188.720 0.00  8
188.974 0.00  1
189.101 0.00  2
189.228 0.00  4
189.360 0.00  8
189.755 0.00  1
190.028 0.00  8
190.165 0.00  4
190.301 0.00  2
190.437 0.00  8
190.574 0.00  4
190.710 0.00  2
196.850 0.00  5
197.000 0.00  5
197.150 0.00  2
197.300 0.00  4
197.450 0.00  8
197.600 0.00  4
197.750 0.00  2
198.050 0.00  2
198.125 0.00  4
198.500 0.00  8
199.363 0.00  2
199.700 2.00  2
201.913 0.00  2
202.326 0.00  2
202.401 0.50  4
203.040 0.00  8
203.603 0.00  4
203.678 1.50  1
205.702 0.00  1
205.777 0.50  2
206.715 0.50  4
207.502 0.50  1
208.374 0.00  4
208.440 1.00  8
209.452 0.00  2
209.677 0.00  4
209.902 0.00  8
212.002 0.00  8
212.302 0.00  8
212.602 0.00  8
212.802 0.00  8
213.017 0.00  8
213.262 0.00  8
213.501 0.00  8
213.741 0.00  8
213.981 0.00  8
214.250 0.00  8
214.699 0.00  8
215.525 0.00  2
215.600 0.00  8
216.650 0.00  8
216.900 0.00  4
217.100 0.00  2
217.200 0.00  4
217.300 0.00  2
217.475 0.00  1
217.625 0.50  2
218.599 0.00  2
218.749 0.00  1
218.899 0.00  2
219.049 0.00  4
219.199 0.00  8
219.349 0.00  4
219.499 0.00  8
219.799 0.00  8
219.949 0.00  4
220.100 0.00  8
220.250 0.00  8
220.400 0.00  4
220.550 0.00  2
220.700 0.00  4
221.000 0.00  2
221.150 0.00  1
221.300 0.00  8
221.450 0.00  4
221.600 0.00  2
221.750 0.00  1
222.050 0.00  4
222.200 0.00  2
222.350 0.00  8
222.500 0.00  2
222.650 0.00  1
222.800 0.00  4
223.249 0.00  1
223.399 0.50  2
223.999 0.00  4
224.074 0.50  8
225.049 0.00  2
225.299 0.00  8
226.300 0.00  8
226.500 0.00  4
226.700 0.00  2
226.850 0.00  4
227.000 0.00  2
227.150 0.00  1
227.375 1.00  2
228.500 0.00  1
229.100 0.00  2
229.250 0.00  8
229.400 0.00  2
229.550 0.00  4
229.850 0.00  4
230.000 0.00  1
230.150 0.00  4
230.300 0.00  1
230.450 0.00  2
230.600 0.00  8
230.750 0.00  2
230.900 0.00  4
231.200 0.00  4
231.500 0.00  8
231.651 0.00  8
231.802 0.00  8
231.953 0.00  8
232.103 0.00  8
232.254 0.00  8
232.405 0.00  8
232.556 0.00  8
232.706 0.00  8
232.857 0.00  8
233.008 0.00  8
233.159 0.00  8
233.309 0.00  8
233.460 0.00  8
233.611 0.00  8
233.761 0.00  8
233.912 0.00  2
234.212 0.00  1
234.362 0.00  2
234.512 0.00  2
234.662 0.00  4
234.812 0.00  8
235.262 0.00  8
235.413 0.00  4
235.563 0.00  2
235.713 0.00  1
235.863 0.00  4
236.013 0.00  2
236.163 0.00  4
236.313 0.00  8
236.463 0.00  4
236.613 0.00  8
236.913 0.00  8
237.063 0.00  2
237.213 0.00  4
237.363 0.00  10
237.663 0.00  10
237.963 0.00  5
238.488 0.50  2
239.013 0.00  1
239.163 0.00  2
239.313 0.00  2
239.463 0.00  4
239.613 0.00  8
240.063 0.00  8
240.213 0.00  4
240.364 0.00  2
240.514 0.00  1
240.664 0.00  4
240.814 0.00  2
240.964 0.00  4
241.114 0.00  8
241.264 0.00  4
241.414 0.00  8
241.714 0.00  8
241.914 0.00  8
242.014 0.00  4
242.164 0.00  2
242.314 0.00  1
242.464 0.00  4
242.614 0.00  8
242.764 0.00  2
242.914 0.00  8
243.514 0.00  2
243.814 0.00  1
243.964 0.00  2
244.114 0.00  2
244.264 0.00  4
244.414 0.00  8
244.864 0.00  8
245.014 0.00  4
245.164 0.00  2
245.315 0.00  1
245.465 0.00  4
245.615 0.00  2
245.765 0.00  4
245.915 0.00  8
246.065 0.00  4
246.215 0.00  8
246.515 0.00  8
246.665 0.00  2
246.815 0.00  4
246.965 0.00  10
247.265 0.00  10
247.565 0.00  5
247.865 0.00  5
248.090 0.50  2
248.615 0.00  1
248.765 0.00  2
248.915 0.00  2
249.065 0.00  4
249.215 0.00  8
249.665 0.00  8
249.815 0.00  4
249.965 0.00  2
250.115 0.00  1
250.265 0.00  4
250.416 0.00  2
250.566 0.00  4
250.716 0.00  8
250.866 0.00  4
251.016 0.00  8
251.316 0.00  8
251.516 0.00  8
251.616 0.00  4
251.766 0.00  2
251.916 0.00  6
251.991 0.00  6
252.066 0.00  6
252.141 0.00  6
252.216 0.00  1
252.366 0.00  1
252.516 0.00  6
252.591 0.00  6
252.666 0.00  1
252.816 0.00  6
252.891 0.00  6
252.966 0.00  6
253.041 0.00  6
253.116 0.00  1
253.266 0.00  6
253.341 0.00  6
253.416 0.00  6
253.491 0.00  6
253.566 0.00  1
253.716 0.00  6
253.791 0.00  6
253.866 0.00  6
253.941 0.00  6
254.016 0.00  6
254.091 0.00  6
254.166 0.00  1
254.316 0.00  1
254.466 0.00  6
254.541 0.00  6
254.541 0.00  16
254.541 0.00  16

999 0 0