3.840 0.00  4
4.320 0.00  4
4.800 0.00  1
5.280 0.00  1
5.760 0.00  2
6.240 0.00  2
6.720 0.00  1
7.200 0.00  1
7.680 0.00  4
8.160 0.00  4
8.640 0.00  2
9.120 0.00  2
9.600 0.00  4
10.080 0.00  4
10.560 0.50  4
11.520 0.00  4
12.000 0.00  4
12.480 0.00  1
12.960 0.00  1
13.440 0.00  2
13.920 0.00  2
14.400 0.00  1
14.880 0.00  1
15.360 0.00  4
15.840 0.00  4
16.320 0.00  2
16.800 0.00  2
17.280 0.00  4
17.760 0.00  4
18.240 0.00  2
18.477 0.00  1
19.200 0.00  4
19.680 0.00  4
20.160 0.00  2
20.400 0.00  1
21.120 0.00  2
21.600 0.00  2
22.080 0.00  2
22.560 0.00  2
23.040 0.00  2
23.520 0.00  1
24.000 0.00  2
24.480 0.00  4
24.960 0.00  2
25.440 0.00  1
25.920 0.50  4
26.880 0.00  4
27.360 0.00  4
27.840 0.00  1
28.320 0.00  1
28.800 0.00  2
29.280 0.00  2
29.760 0.00  1
30.240 0.00  1
30.720 0.00  4
31.200 0.00  4
31.680 0.00  1
32.160 0.00  1
32.640 0.00  2
33.120 0.00  2
33.600 0.00  1
34.080 0.00  1
34.560 0.00  4
35.040 0.00  4
35.520 0.00  1
36.000 0.00  1
36.480 0.00  2
36.960 0.00  2
37.440 0.00  1
37.920 0.00  1
38.400 0.00  4
38.880 0.00  4
39.360 0.00  1
39.840 0.00  1
40.320 0.00  2
40.800 0.00  2
41.280 0.00  1
41.760 0.00  1
42.240 0.00  4
42.720 0.00  4
43.200 0.00  2
43.680 0.00  1
44.160 0.00  4
44.640 0.00  4
45.120 0.00  2
45.600 0.00  2
46.080 0.00  1
46.560 0.00  1
47.040 0.00  4
47.520 0.00  4
48.000 0.00  1
48.480 0.00  1
48.960 0.00  2
49.440 0.00  2
49.920 0.50  4
50.637 0.00  4
50.880 0.50  2
51.597 0.00  2
51.840 0.50  1
52.560 0.00  1
52.800 0.50  2
53.520 0.00  2
53.760 0.50  4
54.480 0.00  4
54.720 0.50  2
55.440 0.00  2
55.680 0.50  1
56.400 0.00  1
56.640 0.50  2
57.600 2.50  1
60.480 0.00  2
60.960 0.00  4
61.320 0.50  2
62.400 0.00  2
62.880 0.00  2
63.360 0.00  4
63.840 0.00  4
64.320 0.50  4
65.280 0.00  4
65.760 0.00  4
66.240 0.00  1
66.720 0.00  1
67.200 0.00  2
67.680 0.00  2
68.160 0.00  1
68.640 0.00  1
69.120 0.00  4
69.600 0.00  4
70.080 0.00  1
70.560 0.00  1
71.040 0.00  2
71.520 0.00  2
72.000 0.00  1
72.480 0.00  1
72.960 0.00  4
73.440 0.00  4
73.920 0.00  1
74.400 0.00  1
74.880 0.00  2
75.360 0.00  2
75.840 0.00  1
76.320 0.00  1
76.800 0.00  4
77.280 0.00  4
77.760 0.00  1
78.240 0.00  1
78.720 0.00  2
79.200 0.00  2
79.680 0.00  1
80.160 0.00  1
80.640 0.50  4
81.357 0.00  4
81.600 0.50  2
82.320 0.00  2
82.560 0.50  1
83.280 0.00  1
83.520 0.50  2
84.237 0.00  2
84.480 0.00  4
84.720 0.00  1
84.960 0.00  1
85.440 0.00  4
85.680 0.00  2
85.920 0.00  2
86.400 0.00  4
86.640 0.00  1
86.880 0.00  1
87.360 0.00  4
87.600 0.00  2
87.840 0.00  2
88.320 0.00  1
88.800 0.00  1
89.280 0.00  1
89.760 0.00  1
90.240 0.00  1
90.720 0.00  1
91.200 0.00  1
91.680 0.00  1
92.160 0.00  1
92.640 0.00  1
93.000 0.00  2
93.600 0.00  2
94.080 0.00  1
94.437 0.00  1
95.040 0.50  4
96.000 0.00  2
96.357 0.00  2
96.960 0.00  1
97.317 0.00  1
97.920 0.00  1
98.400 0.00  1
98.880 0.50  2
99.840 0.00  1
100.320 0.00  1
100.800 0.00  2
101.280 0.00  2
101.880 0.00  1
102.240 0.00  1
102.720 0.50  4
103.680 0.00  2
104.037 0.00  2
104.640 0.00  1
105.000 0.00  1
105.600 0.50  4
106.320 0.00  4
106.560 0.50  2
107.280 0.00  2
107.520 0.50  1
108.237 0.00  1
108.480 0.50  2
109.200 0.00  2
109.440 0.00  4
109.680 0.00  1
109.920 0.00  1
110.400 0.00  4
110.640 0.00  2
110.880 0.00  2
111.360 0.00  4
111.597 0.00  1
111.840 0.00  1
112.320 0.00  4
112.560 0.00  2
112.800 0.00  2
113.280 0.00  1
113.760 0.00  1
114.240 0.00  2
114.720 0.00  4
115.200 0.00  2
115.680 0.00  1
116.397 0.00  2
116.760 0.00  4
117.120 0.50  1
117.840 0.00  1
118.080 0.50  2
118.800 0.00  2
119.040 0.50  1
119.760 0.00  1
120.000 0.50  2
120.720 0.00  2
120.960 0.00  4
121.440 0.00  4
121.920 0.00  4
122.400 0.00  4
122.880 0.00  4
123.360 0.00  2
123.720 0.00  4
124.320 0.00  4
124.560 0.00  2
124.800 0.50  1
125.520 0.00  1
125.760 0.50  2
126.480 0.00  2
126.720 0.50  1
127.440 0.00  1
127.680 0.50  2
128.400 0.00  2
128.640 0.00  1
129.120 0.00  1
129.600 0.00  2
130.080 0.00  2
130.560 0.00  1
131.040 0.00  2
131.520 0.00  2
132.000 0.00  4
132.240 0.00  4
132.480 0.50  1
133.197 0.00  1
133.440 0.50  2
134.160 0.00  2
134.400 0.50  1
135.120 0.00  1
135.360 0.50  2
136.080 0.00  2
136.320 0.50  1
137.040 0.00  1
137.280 0.50  2
138.000 0.00  2
138.240 0.50  1
138.960 0.00  1
139.200 0.50  2
140.160 0.00  1
140.640 0.00  1
141.120 0.00  4
141.600 0.00  4
142.080 0.00  1
142.560 0.00  1
143.040 0.00  2
143.520 0.00  2
144.000 0.50  4
144.720 0.00  4
144.960 0.50  2
145.680 0.00  2
145.920 0.50  1
146.640 0.00  1
146.880 0.50  2
147.597 0.00  2
147.840 0.50  4
148.560 0.00  4
148.800 0.50  2
149.520 0.00  2
149.760 0.50  1
150.480 0.00  1
150.720 0.50  2
151.440 0.00  2
151.680 0.50  4
152.400 0.00  4
152.640 0.50  2
153.360 0.00  2
153.600 0.50  1
154.320 0.00  1
154.560 0.50  2
155.280 0.00  2
155.520 0.00  4
155.760 0.00  1
156.000 0.00  1
156.480 0.00  4
156.720 0.00  2
156.960 0.00  2
157.440 0.00  4
157.677 0.00  1
157.920 0.00  1
158.400 0.00  4
158.640 0.00  2
158.880 0.00  2
159.360 0.00  1
159.840 0.00  1
160.320 0.00  1
160.800 0.00  1
161.280 0.00  1
161.760 0.00  1
162.240 0.00  1
162.720 0.00  1
163.200 4.00  1
0.000 0.00  3
0.030 0.00  3
0.030 0.00  8
0.030 0.00  8

999 0 0