3.840 0.00  4
4.077 0.00  1
4.320 0.00  4
4.560 0.00  1
4.800 0.00  2
5.040 0.00  1
5.280 0.00  2
5.520 0.00  1
5.760 0.00  5
6.000 0.00  1
6.240 0.00  5
6.480 0.00  1
6.720 0.00  3
6.960 0.00  1
7.200 0.00  3
7.440 0.00  1
7.680 0.00  4
7.920 0.00  1
8.160 0.00  4
8.400 0.00  1
8.640 0.00  8
8.880 0.00  2
9.120 0.00  8
9.360 0.00  2
9.600 0.00  12
10.080 0.00  12
10.560 0.50  12
11.520 0.00  4
11.760 0.00  1
12.000 0.00  4
12.240 0.00  1
12.480 0.00  2
12.720 0.00  1
12.960 0.00  2
13.200 0.00  1
13.440 0.00  5
13.680 0.00  1
13.920 0.00  5
14.160 0.00  1
14.400 0.00  3
14.640 0.00  1
14.880 0.00  3
15.120 0.00  1
15.360 0.00  4
15.600 0.00  1
15.840 0.00  4
16.080 0.00  1
16.320 0.00  8
16.560 0.00  2
16.800 0.00  8
17.040 0.00  2
17.280 0.00  12
17.760 0.00  12
18.240 0.00  4
18.477 0.00  2
18.960 0.00  4
19.200 0.00  8
19.680 0.00  8
20.160 0.00  4
20.400 0.00  2
21.120 0.00  2
21.360 0.00  1
21.600 0.00  2
21.840 0.00  1
22.080 0.00  2
22.317 0.00  1
22.560 0.00  2
22.800 0.00  1
23.040 0.00  2
23.280 0.00  1
23.520 0.00  2
23.760 0.00  4
24.000 0.00  2
24.480 0.00  8
24.720 0.00  4
24.960 0.00  2
25.200 0.00  1
25.440 0.00  4
25.680 0.00  2
25.920 0.50  8
26.880 0.00  4
27.120 0.00  1
27.360 0.00  4
27.600 0.00  1
27.840 0.00  2
28.077 0.00  1
28.320 0.00  2
28.560 0.00  1
28.800 0.00  5
29.040 0.00  1
29.280 0.00  5
29.520 0.00  1
29.760 0.00  3
30.000 0.00  1
30.240 0.00  3
30.480 0.00  1
30.720 0.00  4
30.960 0.00  1
31.200 0.00  4
31.440 0.00  1
31.680 0.00  2
31.917 0.00  1
32.160 0.00  2
32.397 0.00  1
32.640 0.00  5
32.880 0.00  1
33.120 0.00  5
33.360 0.00  1
33.600 0.00  3
33.840 0.00  1
34.080 0.00  3
34.320 0.00  1
34.560 0.00  4
34.800 0.00  1
35.040 0.00  4
35.280 0.00  1
35.520 0.00  2
35.757 0.00  1
36.000 0.00  2
36.240 0.00  1
36.480 0.00  5
36.717 0.00  1
36.960 0.00  5
37.200 0.00  1
37.440 0.00  3
37.677 0.00  1
37.920 0.00  3
38.160 0.00  1
38.400 0.00  4
38.637 0.00  1
38.880 0.00  4
39.120 0.00  1
39.360 0.00  2
39.597 0.00  1
39.840 0.00  2
40.080 0.00  1
40.320 0.00  5
40.557 0.00  1
40.800 0.00  5
41.040 0.00  1
41.280 0.00  3
41.517 0.00  1
41.760 0.00  3
42.000 0.00  1
42.240 0.00  4
42.480 0.00  1
42.720 0.00  4
42.960 0.00  1
43.200 0.00  8
43.440 0.00  2
43.680 0.00  4
44.160 0.00  4
44.397 0.00  1
44.640 0.00  4
44.880 0.00  1
45.120 0.00  8
45.360 0.00  2
45.600 0.00  8
46.080 0.00  2
46.320 0.00  1
46.560 0.00  2
47.040 0.00  4
47.280 0.00  1
47.520 0.00  4
48.000 0.00  4
48.240 0.00  2
48.480 0.00  4
48.960 0.00  8
49.200 0.00  2
49.440 0.00  8
49.920 0.50  12
50.637 0.00  12
50.880 0.50  4
51.597 0.00  4
51.840 0.50  6
52.560 0.00  6
52.800 0.50  4
53.520 0.00  4
53.760 0.50  12
54.480 0.00  12
54.720 0.50  4
55.440 0.00  4
55.680 0.50  6
56.400 0.00  6
56.640 0.50  4
57.600 2.50  3
60.480 0.00  1
60.720 0.00  2
60.960 0.00  4
61.200 0.00  8
61.320 0.50  4
62.400 0.00  8
62.640 0.00  2
62.880 0.00  8
63.120 0.00  2
63.360 0.00  12
63.840 0.00  12
64.320 0.50  12
65.280 0.00  4
65.520 0.00  1
65.760 0.00  4
66.000 0.00  1
66.240 0.00  2
66.477 0.00  1
66.720 0.00  2
66.960 0.00  1
67.200 0.00  5
67.440 0.00  1
67.680 0.00  5
67.917 0.00  1
68.160 0.00  3
68.400 0.00  1
68.640 0.00  3
68.880 0.00  1
69.120 0.00  4
69.360 0.00  1
69.600 0.00  4
69.837 0.00  1
70.080 0.00  2
70.320 0.00  1
70.560 0.00  2
70.800 0.00  1
71.040 0.00  5
71.280 0.00  1
71.520 0.00  5
71.760 0.00  1
72.000 0.00  3
72.240 0.00  1
72.480 0.00  3
72.720 0.00  1
72.960 0.00  4
73.200 0.00  1
73.440 0.00  4
73.680 0.00  1
73.920 0.00  2
74.157 0.00  1
74.400 0.00  2
74.640 0.00  1
74.880 0.00  5
75.120 0.00  1
75.360 0.00  5
75.600 0.00  1
75.840 0.00  3
76.080 0.00  1
76.320 0.00  3
76.557 0.00  1
76.800 0.00  4
77.037 0.00  1
77.280 0.00  4
77.517 0.00  1
77.760 0.00  2
78.000 0.00  1
78.240 0.00  2
78.480 0.00  1
78.720 0.00  5
78.960 0.00  1
79.200 0.00  5
79.440 0.00  1
79.680 0.00  3
79.920 0.00  1
80.160 0.00  3
80.400 0.00  1
80.640 0.50  12
81.357 0.00  12
81.600 0.50  4
82.320 0.00  4
82.560 0.50  6
83.280 0.00  6
83.520 0.50  4
84.237 0.00  4
84.480 0.00  8
84.720 0.00  2
84.840 0.00  2
84.960 0.00  2
85.440 0.00  8
85.680 0.00  4
85.797 0.00  4
85.920 0.00  4
86.400 0.00  8
86.640 0.00  2
86.760 0.00  2
86.880 0.00  2
87.360 0.00  8
87.600 0.00  4
87.717 0.00  4
87.840 0.00  4
88.320 0.00  3
88.560 0.00  1
88.800 0.00  3
89.037 0.00  1
89.280 0.00  3
89.520 0.00  1
89.760 0.00  3
89.997 0.00  1
90.240 0.00  3
90.480 0.00  1
90.720 0.00  3
90.960 0.00  1
91.200 0.00  3
91.437 0.00  1
91.680 0.00  3
91.920 0.00  1
92.160 0.00  2
92.400 0.00  2
92.640 0.00  2
93.000 0.00  4
93.360 0.00  4
93.720 0.00  4
94.080 0.00  2
94.437 0.00  2
94.800 0.00  2
95.040 0.50  8
96.000 0.00  4
96.357 0.00  4
96.597 0.00  2
96.960 0.00  2
97.317 0.00  2
97.560 0.00  2
97.920 0.00  2
98.160 0.00  4
98.400 0.00  2
98.880 0.50  4
99.840 0.00  2
100.320 0.00  2
100.560 0.00  1
100.800 0.00  1
101.040 0.00  2
101.400 0.00  2
101.880 0.00  4
102.240 0.00  4
102.480 0.00  2
102.720 0.50  8
103.680 0.00  4
104.037 0.00  4
104.317 0.00  2
104.640 0.00  2
105.000 0.00  2
105.360 0.00  2
105.600 0.50  12
106.320 0.00  12
106.560 0.50  4
107.280 0.00  4
107.520 0.50  6
108.237 0.00  6
108.480 0.50  4
109.200 0.00  4
109.440 0.00  8
109.680 0.00  2
109.800 0.00  2
109.920 0.00  2
110.400 0.00  8
110.640 0.00  4
110.760 0.00  4
110.880 0.00  4
111.360 0.00  8
111.597 0.00  2
111.717 0.00  2
111.840 0.00  2
112.320 0.00  8
112.560 0.00  4
112.680 0.00  4
112.800 0.00  4
113.280 0.00  1
113.760 0.00  1
114.240 0.00  4
114.480 0.00  1
114.720 0.00  2
114.960 0.00  1
115.200 0.00  4
115.440 0.00  8
115.680 0.00  2
115.917 0.00  1
116.280 0.00  2
116.760 0.00  4
117.120 0.50  3
117.840 0.00  3
118.080 0.50  2
118.800 0.00  2
119.040 0.50  6
119.760 0.00  6
120.000 0.50  4
120.720 0.00  4
120.960 0.00  8
121.440 0.00  8
121.920 0.00  8
122.400 0.00  8
122.880 0.00  8
123.237 0.00  4
123.360 0.00  2
123.720 0.00  8
124.080 0.00  8
124.320 0.00  4
124.560 0.00  2
124.800 0.50  3
125.520 0.00  3
125.760 0.50  2
126.480 0.00  2
126.720 0.50  6
127.440 0.00  6
127.680 0.50  4
128.400 0.00  4
128.640 0.00  2
128.880 0.00  1
129.120 0.00  2
129.600 0.00  4
129.840 0.00  2
130.080 0.00  8
130.320 0.00  8
130.560 0.00  2
130.800 0.00  1
131.040 0.00  2
131.277 0.00  2
131.520 0.00  4
131.760 0.00  4
132.000 0.00  8
132.240 0.00  8
132.480 0.50  3
133.197 0.00  3
133.440 0.50  2
134.160 0.00  2
134.400 0.50  6
135.120 0.00  6
135.360 0.50  4
136.080 0.00  4
136.320 0.50  3
137.040 0.00  3
137.280 0.50  2
138.000 0.00  2
138.240 0.50  6
138.960 0.00  6
139.200 0.50  4
140.160 0.00  2
140.400 0.00  1
140.640 0.00  2
141.120 0.00  4
141.360 0.00  1
141.600 0.00  4
142.080 0.00  4
142.320 0.00  2
142.560 0.00  4
143.040 0.00  8
143.277 0.00  2
143.520 0.00  8
144.000 0.50  12
144.720 0.00  12
144.960 0.50  4
145.680 0.00  4
145.920 0.50  6
146.640 0.00  6
146.880 0.50  4
147.597 0.00  4
147.840 0.50  12
148.560 0.00  12
148.800 0.50  4
149.520 0.00  4
149.760 0.50  6
150.480 0.00  6
150.720 0.50  4
151.440 0.00  4
151.680 0.50  12
152.400 0.00  12
152.640 0.50  4
153.360 0.00  4
153.600 0.50  6
154.320 0.00  6
154.560 0.50  4
155.280 0.00  4
155.520 0.00  8
155.760 0.00  2
155.880 0.00  2
156.000 0.00  2
156.480 0.00  8
156.720 0.00  4
156.837 0.00  4
156.960 0.00  4
157.440 0.00  8
157.677 0.00  2
157.800 0.00  2
157.920 0.00  2
158.400 0.00  8
158.640 0.00  4
158.760 0.00  4
158.880 0.00  4
159.360 0.00  3
159.600 0.00  1
159.840 0.00  3
160.080 0.00  1
160.320 0.00  3
160.560 0.00  1
160.800 0.00  3
161.040 0.00  1
161.280 0.00  3
161.520 0.00  1
161.760 0.00  3
162.000 0.00  1
162.240 0.00  3
162.480 0.00  1
162.720 0.00  3
162.957 0.00  1
163.200 4.00  3
0.000 0.00  3
0.000 0.00  12
0.030 0.00  6
0.030 0.00  16
0.030 0.00  16

999 0 0