3.840 0.00  5
4.077 0.00  1
4.320 0.00  5
4.560 0.00  1
4.800 0.00  3
5.040 0.00  1
5.280 0.00  3
5.520 0.00  1
5.760 0.00  10
6.000 0.00  1
6.240 0.00  10
6.480 0.00  1
6.720 0.00  3
6.960 0.00  1
7.200 0.00  3
7.440 0.00  1
7.680 0.00  5
7.920 0.00  1
8.160 0.00  5
8.400 0.00  1
8.640 0.00  10
8.880 0.00  1
9.120 0.00  10
9.360 0.00  1
9.600 0.00  12
9.840 0.00  1
10.080 0.00  12
10.320 0.00  1
10.560 0.50  12
11.520 0.00  5
11.760 0.00  1
12.000 0.00  5
12.240 0.00  1
12.480 0.00  3
12.720 0.00  1
12.960 0.00  3
13.200 0.00  1
13.440 0.00  10
13.680 0.00  1
13.920 0.00  10
14.160 0.00  1
14.400 0.00  3
14.640 0.00  1
14.880 0.00  3
15.120 0.00  1
15.360 0.00  5
15.600 0.00  1
15.840 0.00  5
16.080 0.00  1
16.320 0.00  10
16.560 0.00  1
16.800 0.00  10
17.040 0.00  1
17.280 0.00  12
17.520 0.00  1
17.760 0.00  12
18.000 0.00  1
18.240 0.00  10
18.477 0.00  6
18.960 0.00  10
19.200 0.00  12
19.680 0.00  12
20.160 0.00  10
20.400 0.00  6
20.880 0.00  6
21.120 0.00  4
21.360 0.00  2
21.600 0.00  4
21.840 0.00  2
22.080 0.00  4
22.317 0.00  2
22.560 0.00  4
22.800 0.00  2
23.040 0.00  4
23.160 0.00  2
23.280 0.00  1
23.520 0.00  2
23.760 0.00  4
24.000 0.00  2
24.120 0.00  4
24.237 0.00  8
24.480 0.00  8
24.720 0.00  8
24.960 0.00  4
25.200 0.00  2
25.440 0.00  4
25.680 0.00  2
25.800 0.00  1
25.920 0.50  8
26.880 0.00  5
27.120 0.00  1
27.360 0.00  5
27.600 0.00  1
27.840 0.00  3
28.077 0.00  1
28.320 0.00  3
28.560 0.00  1
28.800 0.00  10
29.040 0.00  1
29.280 0.00  10
29.520 0.00  1
29.760 0.00  3
30.000 0.00  1
30.240 0.00  3
30.480 0.00  1
30.720 0.00  5
30.960 0.00  1
31.200 0.00  5
31.440 0.00  1
31.680 0.00  3
31.917 0.00  1
32.160 0.00  3
32.397 0.00  1
32.640 0.00  10
32.880 0.00  1
33.120 0.00  10
33.360 0.00  1
33.600 0.00  3
33.840 0.00  1
34.080 0.00  3
34.320 0.00  1
34.560 0.00  5
34.800 0.00  1
35.040 0.00  5
35.280 0.00  1
35.520 0.00  3
35.757 0.00  1
36.000 0.00  3
36.240 0.00  1
36.480 0.00  10
36.717 0.00  1
36.960 0.00  10
37.200 0.00  1
37.440 0.00  3
37.677 0.00  1
37.920 0.00  3
38.160 0.00  1
38.400 0.00  5
38.637 0.00  1
38.880 0.00  5
39.120 0.00  1
39.360 0.00  3
39.597 0.00  1
39.840 0.00  3
40.080 0.00  1
40.320 0.00  10
40.557 0.00  1
40.800 0.00  10
41.040 0.00  1
41.280 0.00  3
41.517 0.00  1
41.760 0.00  3
42.000 0.00  1
42.240 0.00  5
42.480 0.00  1
42.720 0.00  5
42.960 0.00  1
43.200 0.00  10
43.440 0.00  1
43.680 0.00  3
43.920 0.00  1
44.160 0.00  5
44.397 0.00  1
44.640 0.00  5
44.880 0.00  1
45.120 0.00  10
45.360 0.00  1
45.600 0.00  10
45.840 0.00  1
46.080 0.00  3
46.320 0.00  1
46.560 0.00  3
46.800 0.00  1
47.040 0.00  6
47.280 0.00  2
47.520 0.00  6
47.760 0.00  2
48.000 0.00  5
48.240 0.00  1
48.480 0.00  5
48.720 0.00  1
48.960 0.00  10
49.200 0.00  2
49.440 0.00  10
49.680 0.00  2
49.920 0.50  16
50.637 0.00  16
50.880 0.50  12
51.597 0.00  12
51.840 0.50  10
52.560 0.00  10
52.800 0.50  12
53.520 0.00  12
53.760 0.50  16
54.480 0.00  16
54.720 0.50  12
55.440 0.00  12
55.680 0.50  10
56.400 0.00  10
56.640 0.50  12
57.600 2.50  5
60.480 0.00  1
60.600 0.00  2
60.720 0.00  4
60.960 0.00  2
61.200 0.00  8
61.320 0.50  4
62.400 0.00  10
62.640 0.00  1
62.880 0.00  10
63.120 0.00  1
63.360 0.00  12
63.597 0.00  1
63.840 0.00  12
64.080 0.00  1
64.320 0.50  12
65.280 0.00  5
65.520 0.00  1
65.760 0.00  5
66.000 0.00  1
66.240 0.00  3
66.477 0.00  1
66.720 0.00  3
66.960 0.00  1
67.200 0.00  10
67.440 0.00  1
67.680 0.00  10
67.917 0.00  1
68.160 0.00  3
68.400 0.00  1
68.640 0.00  3
68.880 0.00  1
69.120 0.00  5
69.360 0.00  1
69.600 0.00  5
69.837 0.00  1
70.080 0.00  3
70.320 0.00  1
70.560 0.00  3
70.800 0.00  1
71.040 0.00  10
71.280 0.00  1
71.520 0.00  10
71.760 0.00  1
72.000 0.00  3
72.240 0.00  1
72.480 0.00  3
72.720 0.00  1
72.960 0.00  5
73.200 0.00  1
73.440 0.00  5
73.680 0.00  1
73.920 0.00  3
74.157 0.00  1
74.400 0.00  3
74.640 0.00  1
74.880 0.00  10
75.120 0.00  1
75.360 0.00  10
75.600 0.00  1
75.840 0.00  3
76.080 0.00  1
76.320 0.00  3
76.557 0.00  1
76.800 0.00  5
77.037 0.00  1
77.280 0.00  5
77.517 0.00  1
77.760 0.00  3
78.000 0.00  1
78.240 0.00  3
78.480 0.00  1
78.720 0.00  10
78.960 0.00  1
79.200 0.00  10
79.440 0.00  1
79.680 0.00  3
79.920 0.00  1
80.160 0.00  3
80.400 0.00  1
80.640 0.50  16
81.357 0.00  16
81.600 0.50  12
82.320 0.00  12
82.560 0.50  10
83.280 0.00  10
83.520 0.50  12
84.237 0.00  12
0.016 84.50  12
84.627 0.00  2
84.750 0.00  2
84.870 0.00  2
85.317 0.00  16
85.590 0.00  4
85.710 0.00  4
85.827 0.00  4
86.277 0.00  16
86.547 0.00  2
86.670 0.00  2
86.790 0.00  2
87.237 0.00  16
87.510 0.00  8
87.630 0.00  8
87.747 0.00  8
88.197 0.00  8
88.350 0.00  6
88.590 0.00  1
88.830 0.00  6
89.067 0.00  1
89.310 0.00  6
89.550 0.00  1
89.790 0.00  6
90.027 0.00  1
90.270 0.00  6
90.510 0.00  1
90.750 0.00  6
90.990 0.00  1
91.230 0.00  6
91.467 0.00  1
91.710 0.00  6
91.950 0.00  1
92.190 0.00  1
92.310 0.00  4
92.430 0.00  2
92.670 0.00  4
92.790 0.00  2
92.910 0.00  1
93.030 0.00  8
93.390 0.00  8
93.507 0.00  2
93.750 0.00  8
93.867 0.00  2
94.110 0.00  8
94.230 0.00  4
94.467 0.00  8
94.590 0.00  4
94.830 1.00  16
96.030 0.00  4
96.270 0.00  2
96.387 0.00  4
96.837 0.00  2
96.990 0.00  2
97.110 0.00  4
97.347 0.00  2
97.800 0.00  2
97.950 0.00  2
98.190 0.00  4
98.430 0.00  2
98.550 0.00  4
99.720 0.00  8
99.870 0.00  1
99.990 0.00  4
100.350 0.00  4
100.590 0.00  1
100.830 0.00  1
100.947 0.00  2
101.070 0.00  8
101.430 0.00  8
101.550 0.00  2
101.910 0.00  8
102.030 0.00  4
102.270 0.00  8
102.390 0.00  4
102.510 1.00  16
103.710 0.00  4
103.950 0.00  2
104.067 0.00  4
104.517 0.00  2
104.670 0.00  2
104.790 0.00  4
105.030 0.00  2
105.390 0.00  2
106.197 0.00  16
106.350 0.00  16
107.160 0.00  12
107.310 0.00  12
108.117 0.00  10
108.267 0.00  10
109.077 0.00  12
109.230 0.00  12
109.560 0.00  2
109.680 0.00  2
109.800 0.00  2
109.920 0.00  2
110.517 0.00  4
110.640 0.00  4
110.760 0.00  4
110.880 0.00  4
111.480 0.00  2
111.597 0.00  2
111.717 0.00  2
111.840 0.00  2
112.440 0.00  8
112.560 0.00  8
112.680 0.00  8
112.800 0.00  8
113.280 0.00  1
113.760 0.00  1
114.240 0.00  2
114.360 0.00  4
114.480 0.00  1
114.720 0.00  4
114.840 0.00  2
114.960 0.00  1
115.200 0.00  4
115.440 0.00  8
115.680 0.00  4
115.797 0.00  2
115.917 0.00  1
116.280 0.00  1
116.397 0.00  2
116.640 0.00  4
116.760 0.00  8
117.120 0.50  5
117.840 0.00  5
118.080 0.50  6
118.800 0.00  6
119.040 0.50  10
119.760 0.00  10
120.000 0.50  12
120.720 0.00  12
0.016 122.50  12
123.027 0.00  8
123.267 0.00  4
123.390 0.00  2
123.630 0.00  1
123.750 0.00  8
123.990 0.00  4
124.110 0.00  2
124.350 0.00  8
124.470 0.00  4
124.590 0.00  2
125.397 0.00  5
125.550 0.00  5
126.357 0.00  6
126.510 0.00  6
127.317 0.00  10
127.470 0.00  10
128.280 0.00  12
128.430 0.00  12
128.670 0.00  4
128.790 0.00  2
128.910 0.00  1
129.150 0.00  2
129.270 0.00  4
129.630 0.00  8
129.750 0.00  4
129.870 0.00  2
130.110 0.00  4
130.350 0.00  8
130.590 0.00  8
130.830 0.00  2
130.950 0.00  4
131.070 0.00  8
131.307 0.00  8
131.550 0.00  8
131.670 0.00  8
131.790 0.50  16
133.077 0.00  5
133.227 0.00  5
134.040 0.00  6
134.190 0.00  6
134.997 0.00  10
135.150 0.00  10
135.957 0.00  12
136.110 0.00  12
136.917 0.00  5
137.070 0.00  5
137.877 0.00  6
138.030 0.00  6
138.837 0.00  10
138.990 0.00  10
139.917 0.00  16
140.190 0.00  3
140.430 0.00  1
140.670 0.00  3
140.910 0.00  1
141.150 0.00  6
141.390 0.00  2
141.630 0.00  6
141.870 0.00  2
142.110 0.00  5
142.350 0.00  1
142.590 0.00  5
142.830 0.00  1
143.070 0.00  10
143.307 0.00  2
143.550 0.00  10
143.790 0.00  2
144.600 0.00  16
144.750 0.00  16
145.557 0.00  12
145.710 0.00  12
146.517 0.00  10
146.670 0.00  10
147.477 0.00  12
147.627 0.00  12
148.440 0.00  16
148.590 0.00  16
149.397 0.00  12
149.550 0.00  12
150.357 0.00  10
150.510 0.00  10
151.317 0.00  12
151.470 0.00  12
152.277 0.00  16
152.430 0.00  16
153.237 0.00  12
153.390 0.00  12
154.197 0.00  10
154.350 0.00  10
155.157 0.00  12
155.310 0.00  12
155.640 0.00  2
155.760 0.00  2
155.880 0.00  2
156.000 0.00  2
156.600 0.00  4
156.720 0.00  4
156.837 0.00  4
156.960 0.00  4
157.557 0.00  2
157.677 0.00  2
157.800 0.00  2
157.920 0.00  2
158.517 0.00  8
158.640 0.00  8
158.760 0.00  8
158.880 0.00  8
159.360 0.00  6
159.600 0.00  1
159.840 0.00  6
160.080 0.00  1
160.320 0.00  6
160.560 0.00  1
160.800 0.00  6
161.040 0.00  1
161.280 0.00  6
161.520 0.00  1
161.760 0.00  6
162.000 0.00  1
162.240 0.00  6
162.480 0.00  1
162.720 0.00  6
162.957 0.00  1
163.200 4.00  5
0.000 0.00  3
0.000 0.00  12
0.030 0.00  3
0.030 0.00  12
0.030 0.00  16

999 0 0