3.840 0.00  12
4.077 0.00  1
4.320 0.00  12
4.560 0.00  1
4.800 0.00  6
5.040 0.00  1
5.280 0.00  6
5.520 0.00  1
5.760 0.00  16
6.000 0.00  1
6.240 0.00  16
6.480 0.00  1
6.720 0.00  10
6.960 0.00  1
7.200 0.00  10
7.440 0.00  1
7.680 0.00  12
7.920 0.00  1
8.160 0.00  12
8.400 0.00  1
8.640 0.00  16
8.880 0.00  1
9.120 0.00  16
9.360 0.00  1
9.600 0.00  16
9.840 0.00  1
10.080 0.00  16
10.320 0.00  1
10.560 0.50  16
11.520 0.00  12
11.760 0.00  1
12.000 0.00  12
12.240 0.00  1
12.480 0.00  6
12.720 0.00  1
12.960 0.00  6
13.200 0.00  1
13.440 0.00  16
13.680 0.00  1
13.920 0.00  16
14.160 0.00  1
14.400 0.00  10
14.640 0.00  1
14.880 0.00  10
15.120 0.00  1
15.360 0.00  12
15.600 0.00  1
15.840 0.00  12
16.080 0.00  1
16.320 0.00  16
16.560 0.00  1
16.800 0.00  16
17.040 0.00  1
17.280 0.00  16
17.520 0.00  1
17.760 0.00  16
18.000 0.00  1
18.240 0.00  16
18.477 0.00  12
18.960 0.00  16
19.200 0.00  16
19.680 0.00  16
20.160 0.00  16
20.400 0.00  12
20.880 0.00  12
21.120 0.00  4
21.360 0.00  2
21.600 0.00  4
21.840 0.00  2
22.080 0.00  4
22.317 0.00  2
22.560 0.00  4
22.800 0.00  2
23.040 0.00  4
23.160 0.00  2
23.280 0.00  1
23.400 0.00  2
23.520 0.00  4
23.640 0.00  8
23.760 0.00  4
24.000 0.00  2
24.120 0.00  4
24.237 0.00  8
24.357 0.00  4
24.480 0.00  8
24.720 0.00  8
24.840 0.00  8
24.960 0.00  4
25.017 0.00  8
25.080 0.00  4
25.200 0.00  2
25.260 0.00  4
25.317 0.00  2
25.440 0.00  4
25.500 0.00  8
25.560 0.00  4
25.680 0.00  2
25.800 0.00  1
25.920 0.00  8
26.880 0.00  12
27.120 0.00  1
27.360 0.00  12
27.600 0.00  1
27.840 0.00  6
28.077 0.00  1
28.320 0.00  6
28.560 0.00  1
28.800 0.00  16
29.040 0.00  1
29.280 0.00  16
29.520 0.00  1
29.760 0.00  10
30.000 0.00  1
30.240 0.00  10
30.480 0.00  1
30.720 0.00  12
30.960 0.00  1
31.200 0.00  12
31.440 0.00  1
31.680 0.00  6
31.917 0.00  1
32.160 0.00  6
32.397 0.00  1
32.640 0.00  16
32.880 0.00  1
33.120 0.00  16
33.360 0.00  1
33.600 0.00  10
33.840 0.00  1
34.080 0.00  10
34.320 0.00  1
34.560 0.00  12
34.800 0.00  1
35.040 0.00  12
35.280 0.00  1
35.520 0.00  6
35.757 0.00  1
36.000 0.00  6
36.240 0.00  1
36.480 0.00  16
36.717 0.00  1
36.960 0.00  16
37.200 0.00  1
37.440 0.00  10
37.677 0.00  1
37.920 0.00  10
38.160 0.00  1
38.400 0.00  12
38.637 0.00  1
38.880 0.00  12
39.120 0.00  1
39.360 0.00  6
39.597 0.00  1
39.840 0.00  6
40.080 0.00  1
40.320 0.00  16
40.557 0.00  1
40.800 0.00  16
41.040 0.00  1
41.280 0.00  10
41.517 0.00  1
41.760 0.00  10
42.000 0.00  1
42.240 0.00  12
42.480 0.00  1
42.720 0.00  12
42.960 0.00  1
43.200 0.00  16
43.440 0.00  1
43.680 0.00  10
43.920 0.00  1
44.160 0.00  12
44.397 0.00  1
44.640 0.00  12
44.880 0.00  1
45.120 0.00  16
45.360 0.00  1
45.600 0.00  16
45.840 0.00  1
46.080 0.00  6
46.320 0.00  1
46.560 0.00  6
46.800 0.00  1
47.040 0.00  10
47.280 0.00  2
47.520 0.00  10
47.760 0.00  2
48.000 0.00  12
48.240 0.00  1
48.480 0.00  12
48.720 0.00  1
48.960 0.00  16
49.200 0.00  2
49.440 0.00  16
49.680 0.00  2
49.920 0.50  16
50.637 0.00  16
50.880 0.50  16
51.597 0.00  16
51.840 0.50  10
52.560 0.00  10
52.800 0.50  16
53.520 0.00  16
53.760 0.50  16
54.480 0.00  16
54.720 0.50  16
55.440 0.00  16
55.680 0.50  10
56.400 0.00  10
56.640 0.50  16
57.600 2.50  5
60.480 0.00  1
60.600 0.00  2
60.720 0.00  4
60.840 0.00  2
60.960 0.00  4
61.080 0.00  8
61.320 0.50  4
62.400 0.00  16
62.640 0.00  1
62.880 0.00  16
63.120 0.00  1
63.360 0.00  16
63.597 0.00  1
63.840 0.00  16
64.080 0.00  1
64.320 0.50  16
65.280 0.00  12
65.520 0.00  1
65.760 0.00  12
66.000 0.00  1
66.240 0.00  6
66.477 0.00  1
66.720 0.00  6
66.960 0.00  1
67.200 0.00  16
67.440 0.00  1
67.680 0.00  16
67.917 0.00  1
68.160 0.00  10
68.400 0.00  1
68.640 0.00  10
68.880 0.00  1
69.120 0.00  12
69.360 0.00  1
69.600 0.00  12
69.837 0.00  1
70.080 0.00  6
70.320 0.00  1
70.560 0.00  6
70.800 0.00  1
71.040 0.00  16
71.280 0.00  1
71.520 0.00  16
71.760 0.00  1
72.000 0.00  10
72.240 0.00  1
72.480 0.00  10
72.720 0.00  1
72.960 0.00  12
73.200 0.00  1
73.440 0.00  12
73.680 0.00  1
73.920 0.00  6
74.157 0.00  1
74.400 0.00  6
74.640 0.00  1
74.880 0.00  16
75.120 0.00  1
75.360 0.00  16
75.600 0.00  1
75.840 0.00  10
76.080 0.00  1
76.320 0.00  10
76.557 0.00  1
76.800 0.00  12
77.037 0.00  1
77.280 0.00  12
77.517 0.00  1
77.760 0.00  6
78.000 0.00  1
78.240 0.00  6
78.480 0.00  1
78.720 0.00  16
78.960 0.00  1
79.200 0.00  16
79.440 0.00  1
79.680 0.00  10
79.920 0.00  1
80.160 0.00  10
80.400 0.00  1
80.640 0.50  16
81.357 0.00  16
81.600 0.50  16
82.320 0.00  16
82.560 0.50  10
83.280 0.00  10
83.520 0.50  16
84.237 0.00  16
0.016 84.50  16
84.627 0.00  1
84.750 0.00  1
84.870 0.00  1
85.317 0.00  16
85.590 0.00  2
85.710 0.00  2
85.827 0.00  2
86.277 0.00  16
86.547 0.00  4
86.670 0.00  4
86.790 0.00  4
87.237 0.00  16
87.510 0.00  8
87.630 0.00  8
87.747 0.00  8
88.197 0.00  8
88.350 0.00  6
88.590 0.00  5
88.830 0.00  6
89.067 0.00  5
89.310 0.00  6
89.550 0.00  5
89.790 0.00  6
90.027 0.00  5
90.270 0.00  6
90.510 0.00  5
90.750 0.00  6
90.990 0.00  5
91.230 0.00  6
91.467 0.00  5
91.710 0.00  6
91.950 0.00  5
92.190 0.00  1
92.310 0.00  4
92.430 0.00  2
92.547 0.00  1
92.670 0.00  4
92.790 0.00  2
92.910 0.00  1
93.030 0.00  8
93.150 0.00  2
93.270 0.00  1
93.390 0.00  8
93.507 0.00  2
93.630 0.00  1
93.750 0.00  8
93.867 0.00  2
93.987 0.00  1
94.110 0.00  8
94.230 0.00  4
94.347 0.00  1
94.467 0.00  8
94.590 0.00  4
94.710 0.00  1
94.830 1.00  16
96.030 0.00  8
96.270 0.00  2
96.387 0.00  8
96.837 0.00  2
96.990 0.00  2
97.110 0.00  8
97.347 0.00  2
97.800 0.00  2
97.950 0.00  2
98.190 0.00  8
98.310 0.00  4
98.430 0.00  2
98.550 0.00  4
98.910 0.00  4
99.717 0.00  8
99.870 0.00  1
99.990 0.00  4
100.110 0.00  2
100.230 0.00  1
100.350 0.00  4
100.590 0.00  1
100.830 0.00  1
100.947 0.00  2
101.070 0.00  8
101.310 0.00  1
101.430 0.00  8
101.550 0.00  2
101.667 0.00  1
101.790 0.00  1
101.910 0.00  8
102.030 0.00  4
102.150 0.00  1
102.270 0.00  8
102.390 0.00  4
102.510 0.00  1
102.627 1.00  16
103.710 0.00  8
103.950 0.00  2
104.067 0.00  8
104.517 0.00  2
104.670 0.00  2
104.790 0.00  8
105.030 0.00  2
105.390 0.00  2
106.197 0.00  16
106.350 0.00  16
107.160 0.00  16
107.310 0.00  16
108.117 0.00  10
108.267 0.00  10
109.077 0.00  16
109.230 0.00  16
109.560 0.00  1
109.680 0.00  1
109.800 0.00  1
109.920 0.00  1
110.517 0.00  2
110.640 0.00  2
110.760 0.00  2
110.880 0.00  2
111.480 0.00  4
111.597 0.00  4
111.717 0.00  4
111.840 0.00  4
112.440 0.00  8
112.560 0.00  8
112.680 0.00  8
112.800 0.00  8
113.280 0.00  1
113.760 0.00  1
114.240 0.00  2
114.360 0.00  8
114.480 0.00  1
114.720 0.00  8
114.840 0.00  4
114.900 0.00  2
114.960 0.00  1
115.080 0.00  2
115.200 0.00  4
115.280 0.00  8
115.560 0.00  4
115.680 0.00  8
115.797 0.00  4
115.917 0.00  2
116.037 0.00  1
116.280 0.00  1
116.397 0.00  2
116.517 0.00  4
116.640 0.00  8
117.120 0.50  5
117.840 0.00  5
118.080 0.50  6
118.800 0.00  6
119.040 0.50  10
119.760 0.00  10
120.000 0.50  12
120.720 0.00  12
120.960 0.00  8
121.440 0.00  8
121.920 0.00  8
122.400 0.00  8
122.997 0.00  4
123.237 0.00  8
123.360 0.00  2
123.600 0.00  1
123.720 0.00  8
123.960 0.00  4
124.080 0.00  2
124.200 0.00  1
124.320 0.00  8
124.440 0.00  4
124.560 0.00  2
124.800 0.50  5
125.520 0.00  5
125.760 0.50  6
126.480 0.00  6
126.720 0.50  10
127.440 0.00  10
127.680 0.50  12
128.400 0.00  12
128.640 0.00  4
128.760 0.00  2
128.880 0.00  1
129.000 0.00  2
129.120 0.00  4
129.240 0.00  8
129.480 0.00  2
129.600 0.00  8
129.720 0.00  4
129.840 0.00  2
129.960 0.00  4
130.080 0.00  4
130.140 0.00  8
130.440 0.00  8
130.677 0.00  2
130.800 0.00  1
130.920 0.00  2
131.040 0.00  4
131.157 0.00  8
131.277 0.00  8
131.400 0.00  4
131.520 0.00  8
131.640 0.00  8
131.760 0.00  8
132.480 0.50  5
133.197 0.00  5
133.440 0.50  6
134.160 0.00  6
134.400 0.50  10
135.120 0.00  10
135.360 0.50  12
136.080 0.00  12
136.320 0.50  9
137.040 0.00  9
137.280 0.50  10
138.000 0.00  10
138.240 0.50  16
138.960 0.00  16
139.200 0.50  16
140.160 0.00  6
140.400 0.00  1
140.640 0.00  6
140.880 0.00  1
141.120 0.00  10
141.360 0.00  2
141.600 0.00  10
141.840 0.00  2
142.080 0.00  12
142.320 0.00  1
142.560 0.00  12
142.800 0.00  1
143.040 0.00  16
143.277 0.00  2
143.520 0.00  16
143.760 0.00  2
144.000 0.50  16
144.720 0.00  16
144.960 0.50  16
145.680 0.00  16
145.920 0.50  10
146.640 0.00  10
146.880 0.50  16
147.597 0.00  16
147.840 0.50  16
148.560 0.00  16
148.800 0.50  16
149.520 0.00  16
149.760 0.50  10
150.480 0.00  10
150.720 0.50  16
151.440 0.00  16
151.680 0.50  16
152.400 0.00  16
152.640 0.50  16
153.360 0.00  16
153.600 0.50  10
154.320 0.00  10
154.560 0.50  16
155.280 0.00  16
0.016 155.50  16
155.670 0.00  1
155.790 0.00  1
155.910 0.00  1
156.357 0.00  16
156.630 0.00  2
156.750 0.00  2
156.867 0.00  2
157.317 0.00  16
157.587 0.00  4
157.707 0.00  4
157.830 0.00  4
158.280 0.00  16
158.547 0.00  8
158.670 0.00  8
158.790 0.00  8
159.237 0.00  8
159.390 0.00  6
159.630 0.00  5
159.870 0.00  6
160.110 0.00  5
160.350 0.00  6
160.590 0.00  5
160.830 0.00  6
161.070 0.00  5
161.310 0.00  6
161.550 0.00  5
161.790 0.00  6
162.030 0.00  5
162.270 0.00  6
162.510 0.00  5
162.750 0.00  6
162.987 0.00  5
167.400 0.00  5
0.000 0.00  6
0.000 0.00  16
0.030 0.00  6
0.030 0.00  16

999 0 0