3.063 0.00  1
3.456 0.00  2
4.431 0.00  2
5.014 0.00  4
5.387 0.00  4
5.766 0.00  4
6.164 0.50  1
6.762 0.50  2
7.360 0.00  2
7.758 0.50  2
8.337 0.50  2
8.916 0.50  2
9.479 0.00  4
9.855 0.00  4
10.230 0.50  4
10.793 0.00  2
11.732 0.00  2
12.108 0.00  1
13.020 0.00  1
13.403 0.00  2
14.361 0.00  2
14.949 0.00  4
15.334 0.00  4
15.719 0.00  4
16.103 0.50  1
16.681 0.50  2
17.258 0.00  2
17.643 0.50  1
18.220 0.50  2
18.797 0.00  2
19.182 0.00  1
19.566 0.00  2
20.525 0.00  2
21.101 0.00  4
21.485 0.00  4
21.870 0.00  4
22.254 0.50  1
22.829 0.00  2
23.212 0.50  2
23.787 0.50  1
24.361 0.00  2
24.745 0.50  2
25.319 0.00  1
25.705 0.00  2
26.668 0.00  2
27.246 0.00  4
27.631 0.00  4
28.017 0.00  4
28.402 0.50  2
28.980 0.50  2
29.558 0.50  1
30.136 0.50  2
30.710 0.50  2
31.476 0.00  1
31.862 0.00  2
32.824 0.00  2
33.402 0.00  4
33.787 0.00  4
34.172 0.00  4
34.557 0.50  1
35.135 0.50  2
35.713 0.50  1
36.290 0.50  1
36.868 0.00  2
37.253 0.00  4
37.637 0.00  1
38.022 0.00  2
38.984 0.00  2
39.562 0.00  4
39.947 0.00  4
40.331 0.00  4
40.716 0.50  2
41.294 0.50  2
41.871 0.50  2
42.448 0.50  2
43.019 0.50  1
43.787 0.00  1
44.170 0.00  2
45.130 0.00  2
45.705 0.00  4
46.089 0.00  4
46.473 0.00  4
46.857 0.00  1
47.240 0.00  2
47.624 0.00  2
48.200 0.50  4
48.778 0.00  4
49.164 0.00  4
49.550 0.00  2
49.937 0.00  1
50.323 0.50  1
51.095 0.00  1
51.482 0.50  4
52.061 0.50  4
52.640 0.00  4
53.027 0.00  1
53.409 0.50  1
54.174 0.00  1
54.557 0.50  4
55.131 0.50  4
55.705 0.00  4
56.088 0.00  1
56.474 2.50  1
59.177 1.00  1
60.335 0.00  1
60.721 0.50  2
61.489 0.50  4
62.257 0.00  1
62.641 1.00  2
63.792 0.00  2
64.176 1.00  4
65.328 1.50  2
66.864 0.50  4
67.440 0.50  4
68.016 0.00  4
68.400 0.00  2
68.783 1.00  4
69.935 0.00  1
70.319 1.00  2
71.471 3.00  4
74.542 0.00  1
74.927 1.00  2
76.081 0.00  2
76.466 1.00  4
77.620 1.50  2
79.159 0.50  4
79.736 0.50  4
80.313 0.00  4
80.698 0.00  2
81.083 0.00  4
82.238 0.00  1
82.622 0.00  2
83.777 3.00  4
86.853 0.00  1
87.237 0.00  2
88.198 0.00  2
88.774 0.00  4
89.158 0.00  4
89.543 0.00  4
89.928 0.50  2
90.506 0.50  2
91.083 0.50  1
91.857 0.50  4
92.431 0.50  2
93.006 0.00  1
93.391 0.00  2
94.354 0.00  2
94.931 0.00  4
95.316 0.00  4
95.701 0.00  4
96.086 0.50  1
96.671 0.50  2
97.245 1.00  1
98.390 0.00  1
98.774 0.00  4
99.159 1.00  1
100.312 0.00  1
100.696 0.50  4
101.465 0.50  2
102.234 2.50  1
105.309 1.00  1
106.462 0.00  1
106.847 0.50  4
107.615 0.50  2
108.384 1.00  1
109.730 1.50  4
111.460 1.00  1
112.613 0.00  1
112.998 0.50  4
113.574 0.50  4
114.151 0.00  4
114.535 1.00  1
115.689 0.00  1
116.074 0.50  4
116.650 0.50  4
117.227 0.00  4
117.600 2.50  1
120.123 0.50  1
120.699 1.00  1
121.851 0.00  1
122.235 0.50  2
123.003 0.50  4
123.771 0.00  1
124.155 1.00  2
125.307 0.00  2
125.691 1.00  4
126.844 1.50  2
128.380 0.50  4
128.956 0.50  4
129.532 0.00  4
129.916 0.00  2
130.300 1.00  4
131.452 0.00  1
131.836 1.00  2
132.988 2.00  4
135.302 0.50  2
136.073 0.00  1
136.458 1.00  2
137.615 0.00  2
138.000 0.50  4
138.771 0.00  4
139.157 1.50  2
140.699 0.50  4
141.277 0.50  4
141.856 0.00  4
142.241 0.00  2
142.625 0.00  4
143.779 0.00  1
144.163 0.00  2
145.316 2.00  4
147.607 0.50  1
148.376 1.00  2
149.529 0.00  2
149.913 0.50  4
150.686 0.50  2
151.454 0.50  2
152.221 1.50  1
153.756 0.50  1
154.525 1.00  2
155.680 0.00  2
156.064 0.50  4
156.834 0.50  2
157.379 1.50  4
158.950 0.50  1
159.912 0.50  2
160.681 1.00  2
161.835 0.00  2
162.220 0.50  1
163.374 0.00  2
163.758 0.50  4
164.528 0.50  4
165.297 0.50  2
166.163 0.50  2
166.836 0.50  2
167.605 0.50  1
168.374 0.50  4
169.144 0.50  2
169.914 1.00  1
171.068 1.00  2
172.216 0.50  1
172.986 0.00  1
173.373 1.00  2
174.534 0.00  2
174.918 1.00  4
176.072 1.50  2
177.610 0.50  4
178.180 0.50  4
178.744 0.00  4
179.128 0.00  2
179.522 1.00  4
180.696 0.00  1
181.075 1.00  2
182.215 3.00  4
185.295 0.00  1
185.677 1.00  2
186.824 0.00  2
187.208 1.00  4
188.359 1.50  2
189.902 0.50  4
190.484 0.50  4
191.062 0.00  4
191.447 0.00  2
191.826 0.00  4
192.982 0.00  1
193.370 0.00  2
193.951 0.50  2
194.519 3.00  4
197.597 0.00  1
197.983 0.00  2
198.937 0.00  2
199.515 0.00  4
199.905 0.00  2
200.287 0.00  1
200.670 0.00  1
201.053 0.00  2
202.017 0.00  2
202.595 0.00  4
202.981 0.00  4
203.366 0.00  2
203.752 0.00  1
204.140 0.00  2
205.099 0.00  2
205.675 0.00  4
206.049 0.00  2
206.440 0.00  1
206.822 8.50  2
215.511 1.00  4
216.990 0.00  8

999 0 0