3.063 0.00  1
3.260 0.00  2
3.456 0.00  4
4.431 0.00  2
4.820 0.00  4
5.014 0.00  8
5.387 0.00  8
5.766 0.00  8
6.164 0.00  1
6.363 0.00  6
6.563 0.00  6
6.762 0.50  6
7.360 0.00  6
7.758 0.00  6
7.951 0.00  6
8.337 0.00  6
8.530 0.00  6
8.723 0.00  6
8.916 0.00  6
9.104 0.00  6
9.479 0.00  8
9.855 0.00  8
10.230 0.00  8
10.418 0.00  4
10.793 0.00  2
11.732 0.00  4
11.920 0.00  2
12.108 0.00  1
13.020 0.00  1
13.212 0.00  2
13.403 0.00  4
14.361 0.00  2
14.751 0.00  4
14.949 0.00  8
15.334 0.00  8
15.719 0.00  8
16.103 0.00  1
16.296 0.00  6
16.681 0.00  6
17.065 0.00  6
17.258 0.00  6
17.450 0.00  6
17.643 0.00  1
17.835 0.00  6
18.220 0.00  6
18.605 0.00  6
18.797 0.00  6
19.182 0.00  1
19.374 0.00  2
19.566 0.00  4
20.525 0.00  2
20.908 0.00  4
21.101 0.00  8
21.485 0.00  8
21.870 0.00  8
22.254 0.00  1
22.446 0.00  6
22.829 0.00  6
23.212 0.00  6
23.787 0.00  1
23.978 0.00  6
24.361 0.00  6
24.745 0.00  6
24.936 0.00  1
25.319 0.00  1
25.512 0.00  2
25.705 0.00  4
26.668 0.00  2
27.053 0.00  4
27.246 0.00  8
27.631 0.00  8
28.017 0.00  8
28.402 0.00  2
28.594 0.00  6
28.980 0.00  2
29.172 0.00  6
29.558 0.00  1
29.750 0.00  6
30.136 0.00  2
30.328 0.00  6
30.710 0.00  6
30.901 0.00  6
31.091 0.00  6
31.476 0.00  1
31.669 0.00  2
31.862 0.00  4
32.824 0.00  2
33.209 0.00  4
33.402 0.00  8
33.787 0.00  8
34.172 0.00  8
34.557 0.00  1
34.750 0.00  6
35.135 0.00  2
35.328 0.00  6
35.713 0.00  1
35.905 0.00  6
36.290 0.00  1
36.483 0.00  1
36.868 0.00  1
37.060 0.00  2
37.253 0.00  8
37.637 0.00  1
37.830 0.00  2
38.022 0.00  4
38.984 0.00  2
39.369 0.00  4
39.562 0.00  8
39.947 0.00  8
40.331 0.00  8
40.716 0.00  2
40.909 0.00  6
41.294 0.00  2
41.486 0.00  6
41.871 0.00  1
42.063 0.00  6
42.448 0.00  2
42.641 0.00  6
43.019 0.00  1
43.211 0.00  6
43.403 0.00  6
43.787 0.00  1
43.979 0.00  2
44.170 0.00  4
45.130 0.00  2
45.514 0.00  4
45.705 0.00  8
46.089 0.00  8
46.281 0.00  8
46.473 0.00  8
46.857 0.00  1
47.049 0.00  6
47.240 0.00  6
47.624 0.00  6
48.008 0.00  4
48.200 0.50  8
48.778 0.00  8
49.164 0.00  8
49.550 0.00  4
49.744 0.00  2
49.937 0.00  6
50.323 0.50  6
50.902 0.00  6
51.095 0.00  4
51.289 0.00  2
51.482 0.00  12
51.868 0.00  12
52.061 0.00  12
52.447 0.00  12
52.640 0.00  8
52.834 0.00  4
53.027 0.00  6
53.409 0.50  6
53.983 0.00  6
54.174 0.00  4
54.366 0.00  2
54.557 0.00  12
54.940 0.00  12
55.131 0.00  12
55.514 0.00  12
55.705 0.00  8
55.896 0.00  4
56.088 0.00  6
56.474 2.50  6
59.177 1.00  1
60.335 0.00  1
60.721 0.50  2
61.489 0.50  4
62.257 0.00  1
62.449 0.00  2
62.641 1.00  4
63.792 0.00  2
63.984 0.00  4
64.176 1.00  8
65.328 1.50  4
66.864 0.50  8
67.440 0.50  8
68.016 0.00  8
68.400 0.00  2
68.592 0.00  4
68.783 1.00  8
69.935 0.00  1
70.127 0.00  2
70.319 1.00  4
71.471 3.00  8
74.542 0.00  1
74.735 0.00  2
74.927 1.00  4
76.081 0.00  2
76.274 0.00  4
76.466 1.00  8
77.620 1.50  4
79.159 0.50  8
79.736 0.50  8
80.313 0.00  8
80.698 0.00  2
80.891 0.00  4
81.083 0.00  8
82.238 0.00  1
82.430 0.00  2
82.622 0.00  4
83.777 3.00  12
86.853 0.00  1
87.045 0.00  2
87.237 0.00  4
88.198 0.00  2
88.582 0.00  4
88.774 0.00  8
89.158 0.00  8
89.543 0.00  8
89.928 0.00  2
90.121 0.00  6
90.506 0.00  2
90.698 0.00  6
91.083 0.00  1
91.276 0.00  6
91.663 0.00  2
91.857 0.00  6
92.049 0.00  10
92.431 0.00  6
92.622 0.00  6
93.006 0.00  1
93.199 0.00  2
93.391 0.00  4
94.354 0.00  2
94.738 0.00  4
94.931 0.00  8
95.316 0.00  8
95.701 0.00  8
96.086 0.00  1
96.281 0.00  6
96.671 0.00  2
96.867 0.00  6
97.245 0.00  1
97.434 0.00  6
98.390 0.00  2
98.582 0.00  4
98.774 0.00  8
99.159 1.00  1
100.312 0.00  1
100.696 0.50  8
101.465 0.50  4
102.234 2.50  2
105.309 1.00  1
106.462 0.00  1
106.847 0.50  8
107.615 0.50  4
108.384 1.00  2
109.730 1.00  8
110.787 0.50  4
111.460 0.50  6
112.421 0.00  6
112.613 0.00  4
112.805 0.00  2
112.998 0.00  12
113.382 0.00  12
113.574 0.00  12
113.959 0.00  12
114.151 0.00  8
114.343 0.00  4
114.535 0.50  6
115.497 0.00  6
115.689 0.00  4
115.881 0.00  2
116.074 0.00  12
116.458 0.00  12
116.650 0.00  12
117.035 0.00  12
117.227 0.00  8
117.414 0.00  4
117.600 2.50  6
120.123 0.00  6
120.315 0.00  6
120.507 0.00  6
120.699 1.00  1
121.851 0.00  1
122.235 0.50  2
123.003 0.50  4
123.771 0.00  1
123.963 0.00  2
124.155 1.00  4
125.307 0.00  2
125.499 0.00  4
125.691 1.00  8
126.844 1.50  4
128.380 0.50  12
128.956 0.50  12
129.532 0.00  12
129.916 0.00  2
130.108 0.00  4
130.300 1.00  8
131.452 0.00  1
131.644 0.00  2
131.836 1.00  4
132.988 2.00  8
135.302 0.50  4
136.073 0.00  1
136.265 0.00  2
136.458 1.00  4
137.615 0.00  2
137.808 0.00  4
138.000 0.50  8
138.771 0.00  8
139.157 1.50  4
140.699 0.50  12
141.277 0.50  12
141.856 0.00  12
142.241 0.00  2
142.433 0.00  4
142.625 0.00  8
143.779 0.00  1
143.971 0.00  2
144.163 0.00  4
145.316 2.00  12
147.607 0.50  1
148.376 1.00  2
149.529 0.00  2
149.913 0.50  4
150.686 0.50  2
151.454 0.50  2
152.221 1.50  1
153.756 0.00  1
153.996 0.50  2
154.525 1.00  2
155.680 0.00  2
156.064 0.50  4
156.834 0.50  2
157.379 1.00  8
158.758 0.00  1
158.950 0.50  2
159.912 0.50  4
160.681 1.00  4
161.835 0.00  2
162.220 0.50  1
163.374 0.00  4
163.758 0.50  8
164.528 0.50  8
165.297 0.50  2
166.163 0.00  2
166.499 0.00  2
166.836 0.00  2
167.317 0.00  1
167.605 0.50  1
168.182 0.00  8
168.374 0.50  8
168.904 0.00  4
169.144 0.50  4
169.673 0.00  2
169.914 1.00  2
171.068 1.00  4
172.216 0.50  2
172.986 0.00  1
173.180 0.00  2
173.373 1.00  4
174.534 0.00  2
174.726 0.00  4
174.918 1.00  8
176.072 1.50  4
177.610 0.50  8
178.180 0.50  8
178.744 0.00  8
179.128 0.00  2
179.325 0.00  4
179.522 1.00  8
180.696 0.00  1
180.886 0.00  2
181.075 1.00  4
182.215 3.00  12
185.295 0.00  1
185.486 0.00  2
185.677 1.00  4
186.824 0.00  2
187.016 0.00  4
187.208 1.00  8
188.359 1.50  4
189.902 0.50  12
190.484 0.50  12
191.062 0.00  12
191.447 0.00  2
191.636 0.00  4
191.826 0.00  8
192.982 0.00  1
193.176 0.00  2
193.370 0.00  4
193.951 0.50  2
194.519 3.00  12
197.597 0.00  1
197.790 0.00  2
197.983 0.00  4
198.937 0.00  2
199.323 0.00  4
199.515 0.00  8
199.905 0.00  4
200.096 0.00  2
200.287 0.00  1
200.670 0.00  1
200.862 0.00  2
201.053 0.00  4
202.017 0.00  2
202.402 0.00  4
202.595 0.00  8
202.981 0.00  8
203.173 0.00  8
203.366 0.00  2
203.559 0.00  1
203.752 0.00  1
203.946 0.00  2
204.140 0.00  4
205.099 0.00  2
205.484 0.00  4
205.675 0.00  8
206.049 0.00  4
206.245 0.00  2
206.440 0.00  1
206.822 8.50  6
215.511 1.00  4
216.990 0.00  8

999 0 0