3.063 0.00  2
3.260 0.00  6
3.456 0.00  10
3.652 0.00  2
3.849 0.00  2
4.043 0.00  2
4.236 0.00  2
4.431 0.00  10
4.625 0.00  2
4.820 0.00  6
4.868 0.00  6
5.014 0.00  10
5.060 0.00  10
5.201 0.00  2
5.387 0.00  10
5.434 0.00  10
5.576 0.00  2
5.766 0.00  10
5.815 0.00  10
5.965 0.00  2
6.164 0.00  5
6.363 0.00  9
6.563 0.00  9
6.762 0.50  9
7.360 0.00  9
7.758 0.00  9
7.951 0.00  9
8.337 0.00  9
8.530 0.00  9
8.723 0.00  1
8.916 0.00  9
9.104 0.00  9
9.291 0.00  1
9.479 0.00  10
9.525 0.00  10
9.667 0.00  2
9.855 0.00  10
9.901 0.00  10
10.042 0.00  2
10.230 0.00  10
10.276 0.00  10
10.418 0.00  6
10.464 0.00  6
10.606 0.00  2
10.793 0.00  10
10.981 0.00  2
11.169 0.00  2
11.357 0.00  2
11.544 0.00  2
11.732 0.00  10
11.920 0.00  6
12.108 0.00  2
13.020 0.00  2
13.212 0.00  6
13.403 0.00  10
13.595 0.00  2
13.786 0.00  2
13.978 0.00  2
14.169 0.00  2
14.361 0.00  10
14.552 0.00  2
14.751 0.00  6
14.800 0.00  6
14.949 0.00  10
14.997 0.00  10
15.141 0.00  2
15.334 0.00  10
15.382 0.00  10
15.526 0.00  2
15.719 0.00  10
15.767 0.00  10
15.911 0.00  1
16.103 0.00  5
16.296 0.00  9
16.488 0.00  9
16.681 0.00  9
16.873 0.00  1
17.065 0.00  9
17.258 0.00  9
17.450 0.00  9
17.643 0.00  5
17.835 0.00  9
18.027 0.00  1
18.220 0.00  9
18.412 0.00  1
18.605 0.00  9
18.797 0.00  9
18.989 0.00  1
19.182 0.00  2
19.374 0.00  6
19.566 0.00  10
19.759 0.00  2
19.951 0.00  2
20.142 0.00  2
20.334 0.00  2
20.525 0.00  10
20.716 0.00  2
20.908 0.00  6
20.956 0.00  6
21.101 0.00  10
21.149 0.00  10
21.293 0.00  2
21.485 0.00  10
21.533 0.00  10
21.677 0.00  2
21.870 0.00  10
21.918 0.00  10
22.062 0.00  1
22.254 0.00  5
22.446 0.00  9
22.637 0.00  1
22.829 0.00  9
23.020 0.00  1
23.212 0.00  9
23.404 0.00  1
23.595 0.00  1
23.787 0.00  5
23.978 0.00  9
24.170 0.00  1
24.361 0.00  9
24.553 0.00  1
24.745 0.00  9
24.936 0.00  1
25.128 0.00  1
25.319 0.00  2
25.512 0.00  6
25.705 0.00  10
25.897 0.00  2
26.090 0.00  2
26.283 0.00  2
26.475 0.00  2
26.668 0.00  10
26.861 0.00  2
27.053 0.00  6
27.101 0.00  6
27.246 0.00  10
27.294 0.00  10
27.439 0.00  2
27.631 0.00  10
27.679 0.00  10
27.824 0.00  2
28.017 0.00  10
28.065 0.00  10
28.209 0.00  1
28.402 0.00  1
28.594 0.00  9
28.787 0.00  1
28.980 0.00  1
29.172 0.00  9
29.365 0.00  1
29.558 0.00  5
29.750 0.00  9
29.943 0.00  1
30.136 0.00  1
30.328 0.00  9
30.519 0.00  1
30.710 0.00  9
30.901 0.00  9
31.091 0.00  9
31.284 0.00  1
31.476 0.00  2
31.669 0.00  6
31.862 0.00  10
32.054 0.00  2
32.247 0.00  2
32.439 0.00  2
32.632 0.00  2
32.824 0.00  10
33.017 0.00  2
33.209 0.00  6
33.257 0.00  6
33.402 0.00  10
33.450 0.00  10
33.595 0.00  2
33.787 0.00  10
33.835 0.00  10
33.980 0.00  2
34.172 0.00  10
34.220 0.00  10
34.365 0.00  1
34.557 0.00  1
34.750 0.00  9
34.942 0.00  1
35.135 0.00  1
35.328 0.00  9
35.520 0.00  1
35.713 0.00  5
35.905 0.00  9
36.098 0.00  1
36.290 0.00  5
36.483 0.00  5
36.675 0.00  1
36.868 0.00  1
37.060 0.00  4
37.637 0.00  2
37.830 0.00  6
38.022 0.00  10
38.215 0.00  2
38.407 0.00  2
38.600 0.00  2
38.792 0.00  2
38.984 0.00  10
39.177 0.00  2
39.369 0.00  6
39.417 0.00  6
39.562 0.00  10
39.610 0.00  10
39.754 0.00  2
39.947 0.00  10
39.995 0.00  10
40.139 0.00  2
40.331 0.00  10
40.379 0.00  10
40.524 0.00  1
40.716 0.00  1
40.909 0.00  9
41.101 0.00  1
41.294 0.00  1
41.486 0.00  9
41.678 0.00  1
41.871 0.00  5
42.063 0.00  9
42.256 0.00  1
42.448 0.00  1
42.641 0.00  9
42.830 0.00  1
43.019 0.00  5
43.211 0.00  9
43.403 0.00  9
43.595 0.00  1
43.787 0.00  2
43.979 0.00  6
44.170 0.00  10
44.362 0.00  2
44.554 0.00  2
44.746 0.00  2
44.938 0.00  2
45.130 0.00  10
45.322 0.00  2
45.514 0.00  6
45.561 0.00  6
45.705 0.00  10
45.752 0.00  10
45.897 0.00  2
46.089 0.00  10
46.136 0.00  10
46.281 0.00  10
46.328 0.00  10
46.473 0.00  10
46.520 0.00  10
46.665 0.00  1
46.857 0.00  5
47.049 0.00  9
47.240 0.00  9
47.624 0.00  9
48.008 0.00  6
48.200 0.00  8
48.778 0.00  8
49.164 0.00  8
49.454 0.00  8
49.550 0.00  4
49.744 0.00  1
49.937 0.00  3
50.323 0.00  3
50.323 0.00  3
50.902 0.00  3
50.902 0.00  3
50.950 0.00  3
51.095 0.00  5
51.289 0.00  3
51.482 0.00  10
51.868 0.00  10
51.868 0.00  10
51.916 0.00  10
52.061 0.00  10
52.447 0.00  10
52.447 0.00  10
52.495 0.00  10
52.640 0.00  10
52.834 0.00  6
53.027 0.00  3
53.409 0.00  3
53.409 0.00  3
53.982 0.00  3
53.983 0.00  3
54.030 0.00  3
54.174 0.00  5
54.366 0.00  3
54.557 0.00  10
54.939 0.00  10
54.940 0.00  10
54.987 0.00  10
55.131 0.00  10
55.513 0.00  10
55.514 0.00  10
55.561 0.00  10
55.705 0.00  10
55.896 0.00  6
56.088 0.00  3
56.474 0.00  3
56.474 0.00  3
59.176 0.00  3
59.177 1.00  1
60.335 0.00  1
60.721 0.50  2
61.489 0.50  4
62.257 0.00  2
62.449 0.00  4
62.641 1.00  8
63.792 0.00  1
63.984 0.00  4
65.328 1.50  8
66.864 0.50  16
67.440 0.50  16
68.016 0.00  16
68.208 0.00  1
68.400 0.00  2
68.592 0.00  4
68.783 1.00  8
69.935 0.00  1
70.127 0.00  2
70.319 1.00  4
71.471 2.00  16
73.583 0.50  8
74.206 0.00  4
74.542 0.00  2
74.735 0.00  6
74.927 1.00  10
76.081 0.00  10
76.274 0.00  6
76.322 0.00  6
76.466 0.00  10
77.620 0.00  10
77.620 0.00  6
79.158 0.00  6
79.159 0.50  16
79.736 0.50  16
80.313 0.00  16
80.506 0.00  1
80.698 0.00  2
80.891 0.00  6
81.083 0.00  10
81.275 0.00  2
81.468 0.00  2
81.660 0.00  2
81.853 0.00  2
82.045 0.00  2
82.238 0.00  1
82.430 0.00  3
82.622 0.00  5
82.815 0.00  1
83.007 0.00  1
83.200 0.00  1
83.392 0.00  1
83.585 0.00  1
83.777 0.00  5
85.547 0.00  5
85.547 0.50  8
86.081 0.00  4
86.468 0.00  2
86.853 0.00  2
87.045 0.00  6
87.237 0.00  10
87.429 0.00  2
87.621 0.00  2
87.813 0.00  2
88.005 0.00  2
88.198 0.00  10
88.390 0.00  2
88.582 0.00  6
88.630 0.00  6
88.774 0.00  10
88.822 0.00  10
88.966 0.00  2
89.158 0.00  10
89.206 0.00  10
89.350 0.00  2
89.543 0.00  10
89.591 0.00  10
89.735 0.00  1
89.928 0.00  1
90.121 0.00  9
90.313 0.00  1
90.506 0.00  1
90.698 0.00  9
90.890 0.00  1
91.083 0.00  5
91.276 0.00  9
91.470 0.00  1
91.663 0.00  1
91.857 0.00  9
92.049 0.00  16
92.240 0.00  1
92.431 0.00  9
92.622 0.00  9
92.814 0.00  1
93.006 0.00  2
93.199 0.00  6
93.391 0.00  10
93.584 0.00  2
93.776 0.00  2
93.969 0.00  2
94.161 0.00  2
94.354 0.00  10
94.546 0.00  2
94.738 0.00  6
94.786 0.00  6
94.931 0.00  10
94.979 0.00  10
95.123 0.00  2
95.316 0.00  10
95.364 0.00  10
95.508 0.00  2
95.701 0.00  10
95.749 0.00  10
95.893 0.00  1
96.086 0.00  5
96.281 0.00  9
96.476 0.00  1
96.671 0.00  1
96.867 0.00  9
97.056 0.00  1
97.245 0.00  5
97.434 0.00  9
97.623 0.00  1
97.812 0.00  1
98.001 0.00  1
98.196 0.00  1
98.390 0.00  2
98.582 0.00  4
98.774 0.00  8
98.967 0.00  8
99.159 1.00  1
100.312 0.00  1
101.465 0.50  8
102.138 0.00  4
102.234 2.00  2
104.732 0.00  1
105.309 1.00  3
106.462 0.00  3
106.847 0.50  16
107.615 0.50  12
108.240 0.00  2
108.384 1.00  6
0.016 110.50  6
110.979 0.00  8
111.075 0.00  4
111.171 0.00  2
111.267 0.00  1
111.460 0.50  10
112.421 0.00  10
112.421 0.00  10
112.469 0.00  10
112.661 0.00  5
112.853 0.00  3
112.998 0.00  16
113.382 0.00  16
113.382 0.00  16
113.430 0.00  16
113.574 0.00  16
113.958 0.00  16
113.959 0.00  16
114.007 0.00  16
114.199 0.00  10
114.391 0.00  6
114.535 0.50  10
115.496 0.00  10
115.497 0.00  10
115.545 0.00  10
115.737 0.00  5
115.929 0.00  3
116.074 0.00  16
116.458 0.00  16
116.458 0.00  16
116.506 0.00  16
116.650 0.00  16
117.034 0.00  16
117.035 0.00  16
117.083 0.00  16
117.273 0.00  10
117.460 0.00  6
117.600 2.50  10
120.122 0.00  10
120.123 0.00  10
120.171 0.00  10
120.315 0.00  10
120.363 0.00  10
120.507 0.00  10
120.555 0.00  10
121.851 0.00  1
122.235 0.00  1
123.003 0.00  2
123.771 0.00  4
123.819 0.00  2
124.011 0.00  4
125.307 0.00  8
125.355 0.00  1
125.547 1.00  16
128.380 0.00  8
128.956 0.00  16
129.532 0.00  16
129.580 0.00  16
129.772 0.00  1
129.964 0.00  2
130.156 0.00  4
131.452 0.00  8
131.500 0.00  1
131.692 0.00  2
132.700 0.00  4
132.988 0.00  2
135.301 0.00  16
135.832 0.00  8
135.880 0.00  4
136.121 0.00  2
136.313 0.00  6
137.614 0.00  10
137.663 0.00  10
137.808 0.00  16
137.856 0.00  16
138.000 0.50  16
138.771 0.00  16
138.771 0.00  16
138.819 0.00  16
139.157 1.50  16
140.699 0.00  16
141.277 0.00  16
141.855 0.00  16
141.904 0.00  16
142.096 0.00  1
142.289 0.00  2
142.481 0.00  6
142.673 0.00  10
142.866 0.00  2
143.058 0.00  2
143.250 0.00  2
143.442 0.00  2
143.634 0.00  2
143.827 0.00  1
144.019 0.00  3
144.211 0.00  5
144.403 0.00  1
144.595 0.00  1
144.787 0.00  1
144.980 0.00  1
145.172 0.00  1
145.316 2.00  16
147.606 0.00  16
147.991 0.00  8
148.375 0.00  2
149.529 0.00  4
149.913 0.00  4
150.685 0.00  8
151.453 0.00  4
151.789 0.00  4
152.221 0.00  2
153.755 0.00  1
153.804 0.00  1
154.284 0.00  2
154.525 0.00  4
155.679 0.00  4
156.064 0.00  4
156.833 0.00  8
157.379 1.00  16
158.806 0.00  1
159.911 0.00  2
160.681 0.00  4
161.834 0.00  4
162.219 0.00  2
162.989 0.00  1
163.422 0.00  4
163.614 0.00  1
163.806 0.00  4
164.528 0.00  8
164.576 0.00  8
165.296 0.00  4
166.162 0.00  2
166.211 0.00  2
166.547 0.00  2
166.884 0.00  2
167.076 0.00  1
167.365 0.00  1
167.653 0.50  16
168.663 0.00  8
168.952 0.00  8
169.192 0.00  8
169.384 0.00  4
169.721 0.00  4
171.068 0.00  2
171.452 0.00  2
172.216 0.00  4
172.986 0.00  2
173.034 0.00  2
173.228 0.00  6
174.533 0.00  10
174.582 0.00  10
174.726 0.00  16
174.774 0.00  16
174.918 1.00  16
176.071 0.00  16
176.072 1.50  16
177.610 0.00  16
178.179 0.00  16
178.744 0.00  16
178.791 0.00  16
178.983 0.00  1
179.177 0.00  2
179.374 0.00  6
180.696 0.00  10
180.743 0.00  1
180.933 0.00  3
182.214 0.00  5
182.215 2.00  16
184.527 0.00  16
184.958 0.00  8
185.006 0.00  4
185.342 0.00  2
185.533 0.00  6
186.824 0.00  10
186.871 0.00  10
187.016 0.00  16
187.063 0.00  16
187.208 1.00  16
188.359 0.00  16
188.359 1.50  16
189.901 0.00  16
190.484 0.00  16
191.061 0.00  16
191.110 0.00  16
191.302 0.00  1
191.494 0.00  2
191.683 0.00  6
191.873 1.00  10
193.030 0.00  1
193.224 0.00  3
193.418 0.50  5
194.518 0.00  4
194.519 2.00  16
196.825 0.00  16
197.210 0.00  8
197.597 0.00  4
197.645 0.00  2
197.838 0.00  6
198.030 0.00  10
198.220 0.00  2
198.410 0.00  2
198.600 0.00  2
198.791 0.00  2
198.985 0.00  10
199.178 0.00  2
199.323 0.00  16
199.371 0.00  16
199.515 0.00  16
199.563 0.00  16
199.758 0.00  2
199.952 0.00  10
200.143 0.00  6
200.334 0.00  2
200.717 0.00  2
200.909 0.00  6
201.101 0.00  10
201.294 0.00  2
201.487 0.00  2
201.679 0.00  2
201.872 0.00  2
202.065 0.00  10
202.257 0.00  2
202.402 0.00  16
202.450 0.00  16
202.595 0.00  16
202.643 0.00  16
202.836 0.00  2
202.981 0.00  16
203.029 0.00  16
203.173 0.00  16
203.221 0.00  16
203.414 0.00  6
203.607 0.00  2
203.800 0.00  2
203.994 0.00  6
204.188 0.00  10
204.382 0.00  2
204.574 0.00  2
204.763 0.00  2
204.953 0.00  2
205.147 0.00  10
205.340 0.00  2
205.484 0.00  16
205.531 0.00  16
205.675 0.00  16
205.721 0.00  16
205.908 0.00  2
206.097 0.00  10
206.293 0.00  6
206.440 0.00  6
206.821 0.00  6
206.822 8.50  12
215.510 0.00  12
216.227 0.00  4
216.561 0.00  

999 0 0