3.808 0.00  1
4.283 0.00  2
4.759 0.50  4
5.711 0.00  4
6.187 0.00  2
6.485 0.50  1
7.139 0.50  4
8.064 0.00  2
8.512 0.50  4
9.408 0.00  4
9.856 0.00  2
10.139 0.50  1
10.763 0.00  4
11.218 0.50  4
12.141 0.50  2
12.912 0.50  4
13.525 0.00  1
13.984 0.50  2
14.754 0.50  4
15.369 0.50  4
16.279 0.00  4
16.741 0.00  4
17.202 0.50  1
18.122 0.50  4
19.026 0.00  2
19.478 0.00  1
20.382 0.00  4
20.834 0.00  1
21.100 0.50  2
22.655 0.00  2
23.107 0.00  1
24.009 0.00  4
24.461 0.00  1
24.724 0.50  2
26.267 0.00  2
26.718 0.00  1
27.621 0.00  4
28.072 0.00  1
28.335 0.50  2
29.869 0.00  2
30.322 0.00  1
31.230 0.00  4
31.686 0.00  1
31.952 0.50  2
32.851 0.50  2
33.485 0.00  1
33.932 0.00  2
34.212 0.00  4
34.659 0.50  2
35.275 0.00  1
35.723 0.00  2
36.003 0.00  4
36.449 0.50  1
37.060 0.00  2
37.505 0.50  4
38.394 0.00  4
38.838 0.00  2
39.120 0.50  1
40.017 0.50  2
40.633 0.00  1
41.081 0.00  2
41.361 0.00  4
41.788 0.50  2
42.418 0.00  1
42.862 0.00  2
43.140 0.00  4
43.585 0.50  1
44.196 0.00  2
44.636 0.50  4
45.526 0.00  4
45.976 0.00  2
46.257 0.50  1
46.875 0.50  4
47.773 0.00  2
48.222 0.00  1
49.120 0.00  4
49.569 0.00  1
49.832 0.50  2
51.375 0.00  2
51.826 0.00  1
52.730 0.00  4
53.190 0.00  1
53.458 0.50  2
54.340 0.50  4
55.030 0.00  2
55.479 0.00  1
56.381 0.00  4
56.833 0.00  1
57.097 0.50  2
58.644 0.00  2
59.096 0.00  1
60.001 0.00  4
60.454 0.00  1
60.718 0.50  2
61.623 0.50  2
62.264 0.00  1
62.717 0.00  2
62.999 0.00  4
63.432 0.50  2
64.069 0.00  1
64.519 0.00  2
64.800 0.00  4
65.194 0.50  1
65.718 0.50  2
66.393 0.50  2
67.222 0.00  4
67.638 1.00  2
68.886 0.50  2
69.491 0.00  1
69.942 0.00  2
70.225 0.00  4
70.656 0.50  2
71.294 0.00  1
71.744 0.00  2
72.026 0.00  4
72.457 0.50  1
73.095 0.00  1
73.537 0.00  2
73.813 0.00  2
74.200 1.50  4
75.736 0.00  2
76.226 0.00  2
76.565 0.50  1
77.394 0.50  4
78.489 0.00  2
78.943 0.00  2
79.397 0.00  1
79.662 0.50  4
80.305 0.00  4
80.766 0.50  2
81.527 0.00  1
81.959 0.50  2
82.579 0.00  4
83.029 0.00  4
83.442 0.50  2
84.193 0.00  1
84.605 0.00  4
85.092 0.00  1
85.505 0.50  2
86.179 0.50  4
86.854 0.50  1
87.829 0.50  2
88.428 0.00  2
88.877 0.00  4
89.325 0.00  1
89.773 0.00  1
90.222 0.00  2
90.679 0.00  1
91.136 0.00  2
91.593 0.50  4
92.508 1.50  4
94.121 0.00  1
94.588 0.50  4
95.285 0.50  2
95.983 0.00  1
96.448 0.50  4
97.145 0.50  2
97.845 0.00  1
98.312 0.50  4
99.012 0.50  2
99.770 0.00  1
100.178 0.50  4
100.879 0.50  2
101.625 0.00  1
102.026 0.50  4
102.714 0.50  2
103.459 0.00  1
103.861 0.50  4
104.538 0.50  2
105.285 0.50  1
105.920 0.50  2
106.779 0.00  4
107.042 1.50  4
108.544 0.00  2
108.883 1.00  1
110.692 0.00  1
111.098 0.50  4
111.795 0.50  2
112.546 0.00  1
112.947 0.50  4
113.634 0.50  2
114.379 0.00  1
114.779 0.50  4
115.467 0.50  2
116.213 0.00  1
116.612 0.50  4
117.293 0.50  2
118.030 0.00  1
118.427 0.50  4
119.107 0.50  2
119.845 0.00  1
120.242 0.50  4
120.922 0.50  2
121.654 0.00  1
122.049 0.50  4
122.725 0.50  2
123.431 0.50  1
124.088 0.00  2
124.325 0.50  2
124.928 0.00  4
125.185 1.50  4
126.693 0.00  2
126.993 1.00  1
128.347 1.00  4
129.393 0.00  4
129.842 0.00  4
130.290 0.50  1
131.356 0.50  2
132.084 0.00  2
132.365 0.50  4
132.982 0.00  2
133.430 0.00  1
134.327 0.00  4
134.776 0.00  1
135.038 0.50  2
136.574 0.00  2
137.025 0.00  1
137.940 0.00  4
138.397 0.00  1
138.663 0.50  2
139.614 0.00  4
140.222 0.00  2
140.678 0.00  1
141.590 0.00  4
142.047 0.00  1
142.313 0.50  2
143.871 0.00  2
144.323 0.00  1
145.223 0.00  4
145.671 0.00  1
145.932 0.50  2
146.829 0.50  2
147.463 0.00  1
147.912 0.00  2
148.192 0.00  4
148.621 0.50  2
149.256 0.00  1
149.704 0.00  2
149.984 0.00  4
150.414 0.50  4
151.048 0.00  4
151.497 0.00  4
151.945 0.00  2
152.393 0.00  1
152.804 0.00  4
153.066 0.50  4
154.001 0.50  2
154.636 0.00  1
155.084 0.00  2
155.364 0.00  4
155.792 0.50  2
156.423 0.00  1
156.868 0.00  2
157.147 0.00  4
157.574 0.50  1
158.205 0.00  1
158.650 0.00  2
158.929 0.00  2
159.541 0.50  4
160.442 0.00  1
160.859 0.50  4
161.807 0.00  4
162.262 0.00  4
162.640 0.00  1
163.113 1.50  2
164.987 0.00  4
165.441 0.50  2
166.122 0.50  1
166.690 0.50  2
167.201 0.00  4
167.485 0.50  2
168.450 0.50  2
169.036 0.50  1
169.831 1.00  1
170.891 0.00  2
171.345 1.00  4
172.480 0.00  4
172.821 0.00  4
173.162 0.00  4
173.616 0.00  4
174.094 0.00  4
174.315 0.00  4
174.609 0.00  4
174.940 0.00  2
175.381 0.00  2
175.822 0.00  4
176.227 0.00  1
176.484 5.50  2
182.440 0.00  4

999 0 0