3.808 0.00 1
4.283 0.00 2
4.759 0.95 4
5.711 0.00 4
6.187 0.00 2
6.485 0.65 1
7.139 0.92 4
8.064 0.00 2
8.512 0.90 4
9.408 0.00 4
9.856 0.00 2
10.139 0.62 1
10.763 0.00 4
11.218 0.92 4
12.141 0.77 2
12.912 0.61 4
13.525 0.00 1
13.984 0.77 2
14.754 0.61 4
15.369 0.91 4
16.279 0.00 4
16.741 0.00 4
17.202 0.92 1
18.122 0.90 4
19.026 0.00 2
19.478 0.00 1
20.382 0.00 4
20.834 0.00 1
21.100 0.72 2
22.655 0.00 2
23.107 0.00 1
24.009 0.00 4
24.461 0.00 1
24.724 0.83 2
26.267 0.00 2
26.718 0.00 1
27.621 0.00 4
28.072 0.00 1
28.335 0.79 2
29.869 0.00 2
30.322 0.00 1
31.230 0.00 4
31.686 0.00 1
31.952 0.53 2
32.851 0.63 2
33.485 0.00 1
33.932 0.00 2
34.212 0.00 4
34.659 0.61 2
35.275 0.00 1
35.723 0.00 2
36.003 0.00 4
36.449 0.61 1
37.060 0.00 2
37.505 0.89 4
38.394 0.00 4
38.838 0.00 2
39.120 0.90 1
40.017 0.62 2
40.633 0.00 1
41.081 0.00 2
41.361 0.00 4
41.788 0.63 2
42.418 0.00 1
42.862 0.00 2
43.140 0.00 4
43.585 0.61 1
44.196 0.00 2
44.636 0.89 4
45.526 0.00 4
45.976 0.00 2
46.257 0.62 1
46.875 0.90 4
47.773 0.00 2
48.222 0.00 1
49.120 0.00 4
49.569 0.00 1
49.832 0.68 2
51.375 0.00 2
51.826 0.00 1
52.730 0.00 4
53.190 0.00 1
53.458 0.71 2
54.340 0.69 4
55.030 0.00 2
55.479 0.00 1
56.381 0.00 4
56.833 0.00 1
57.097 0.75 2
58.644 0.00 2
59.096 0.00 1
60.001 0.00 4
60.454 0.00 1
60.718 0.64 2
61.623 0.64 2
62.264 0.00 1
62.717 0.00 2
62.999 0.00 4
63.432 0.64 2
64.069 0.00 1
64.519 0.00 2
64.800 0.00 4
65.194 0.52 1
65.718 0.67 2
66.393 0.83 2
67.222 0.00 4
67.638 1.25 2
68.886 0.60 2
69.491 0.00 1
69.942 0.00 2
70.225 0.00 4
70.656 0.64 2
71.294 0.00 1
71.744 0.00 2
72.026 0.00 4
72.457 0.64 1
73.095 0.00 1
73.537 0.00 2
73.813 0.00 2
74.200 1.52 4
75.736 0.00 2
76.226 0.00 2
76.565 0.75 1
77.394 0.93 4
78.489 0.00 2
78.943 0.00 2
79.397 0.00 1
79.662 0.64 4
80.305 0.00 4
80.766 0.76 2
81.527 0.00 1
81.959 0.62 2
82.579 0.00 4
83.029 0.00 4
83.442 0.75 2
84.193 0.00 1
84.605 0.00 4
85.092 0.00 1
85.505 0.67 2
86.179 0.67 4
86.854 0.97 1
87.829 0.60 2
88.428 0.00 2
88.877 0.00 4
89.325 0.00 1
89.773 0.00 1
90.222 0.00 2
90.679 0.00 1
91.136 0.00 2
91.593 0.91 4
92.508 1.61 4
94.121 0.00 1
94.588 0.70 4
95.285 0.70 2
95.983 0.00 1
96.448 0.70 4
97.145 0.70 2
97.845 0.00 1
98.312 0.70 4
99.012 0.76 2
99.770 0.00 1
99.770 0.00 1
999 0 0