3.808 0.00  1
4.283 0.00  2
4.581 0.00  4
4.759 0.00  8
5.057 0.00  8
5.532 0.00  4
5.711 0.00  8
6.009 0.00  4
6.187 0.00  2
6.485 0.50  1
7.139 0.00  8
7.437 0.00  8
7.896 0.00  1
8.064 0.00  2
8.344 0.00  4
8.512 0.00  8
8.792 0.00  8
9.240 0.00  4
9.408 0.00  8
9.688 0.00  4
9.856 0.00  2
10.139 0.50  1
10.763 0.00  8
11.218 0.00  8
11.679 0.00  4
12.141 0.00  2
12.429 0.00  1
12.912 0.50  4
13.525 0.00  2
13.831 0.00  1
13.984 0.00  2
14.292 0.00  1
14.447 0.00  2
14.754 0.50  4
15.369 0.00  4
15.672 0.50  8
16.279 0.00  4
16.741 0.00  4
17.202 0.00  1
17.490 0.50  1
18.122 0.00  8
18.348 0.50  8
19.026 0.00  4
19.478 0.00  2
19.760 0.00  2
20.382 0.00  8
20.664 0.00  2
20.834 0.00  1
21.100 0.50  4
22.655 0.00  4
23.107 0.00  2
23.389 0.00  2
24.009 0.00  8
24.292 0.00  2
24.461 0.00  1
24.724 0.50  4
26.267 0.00  4
26.718 0.00  2
27.000 0.00  2
27.621 0.00  8
27.903 0.00  2
28.072 0.00  1
28.335 0.50  4
29.869 0.00  4
30.322 0.00  2
30.604 0.00  2
31.230 0.00  8
31.515 0.00  2
31.686 0.00  1
31.952 0.50  4
32.851 0.50  2
33.485 0.00  1
33.932 0.00  2
34.212 0.00  4
34.659 0.50  4
35.275 0.00  2
35.723 0.00  4
36.003 0.00  8
36.449 0.50  1
37.060 0.00  2
37.338 0.00  4
37.505 0.00  8
37.783 0.00  8
38.227 0.00  4
38.394 0.00  8
38.672 0.00  4
38.838 0.00  2
39.120 0.00  1
39.569 0.00  1
39.737 0.00  1
40.017 0.50  2
40.633 0.00  1
41.081 0.00  2
41.361 0.00  4
41.788 0.50  4
42.418 0.00  2
42.862 0.00  4
43.140 0.00  8
43.585 0.50  1
44.196 0.00  2
44.471 0.00  4
44.636 0.00  8
44.911 0.00  8
45.357 0.00  4
45.526 0.00  8
45.807 0.00  4
45.976 0.00  2
46.257 0.50  1
46.875 0.00  8
47.137 0.50  8
47.773 0.00  4
48.222 0.00  2
48.503 0.00  2
49.120 0.00  8
49.400 0.00  2
49.569 0.00  1
49.832 0.50  4
51.375 0.00  4
51.826 0.00  2
52.109 0.00  2
52.730 0.00  8
53.017 0.00  2
53.190 0.00  1
53.458 0.50  4
54.340 0.50  8
55.030 0.00  4
55.479 0.00  2
55.760 0.00  2
56.381 0.00  8
56.664 0.00  2
56.833 0.00  1
57.097 0.50  4
58.644 0.00  4
59.096 0.00  2
59.379 0.00  2
60.001 0.00  8
60.284 0.00  2
60.454 0.00  1
60.718 0.50  4
61.623 0.50  2
62.264 0.00  1
62.717 0.00  2
62.999 0.00  4
63.432 0.50  4
64.069 0.00  2
64.519 0.00  4
64.800 0.00  8
65.194 0.50  1
65.718 0.00  1
65.868 0.00  1
66.206 0.00  4
66.393 0.00  4
66.656 0.00  4
67.052 0.00  4
67.222 0.00  8
67.638 0.00  4
67.903 0.50  4
68.886 0.50  2
69.491 0.00  1
69.942 0.00  2
70.225 0.00  4
70.656 0.50  4
71.294 0.00  2
71.744 0.00  4
72.026 0.00  8
72.457 0.50  2
73.095 0.00  2
73.537 0.00  4
73.813 0.00  4
74.200 1.50  8
75.736 0.00  4
76.226 0.00  2
76.565 0.50  1
77.394 0.50  8
78.489 0.00  8
78.754 0.00  4
78.943 0.00  8
79.208 0.00  8
79.397 0.00  4
79.662 0.00  4
80.154 0.00  8
80.305 0.00  4
80.766 0.00  2
80.996 0.50  1
81.527 0.00  2
81.677 0.00  1
81.940 0.00  4
82.128 0.00  2
82.579 0.00  4
82.841 0.00  8
83.029 0.00  4
83.442 0.00  2
83.743 0.00  2
84.193 0.00  1
84.605 0.00  4
85.092 0.00  1
85.505 0.00  4
85.992 0.00  4
86.179 0.50  8
86.854 0.00  1
87.079 0.00  2
87.529 0.00  8
87.829 0.00  4
88.241 0.00  1
88.428 0.00  2
88.877 0.00  8
89.138 0.00  4
89.325 0.00  1
89.773 0.00  1
90.054 0.00  4
90.222 0.00  4
90.679 0.00  2
91.136 0.00  1
91.593 0.00  4
91.765 0.50  8
92.508 1.50  8
94.121 0.00  1
94.355 0.00  2
94.588 0.00  8
94.821 0.00  4
95.285 0.00  2
95.557 0.00  4
95.983 0.00  1
96.215 0.00  2
96.448 0.00  8
96.680 0.00  4
97.145 0.00  2
97.417 0.00  4
97.845 0.00  1
98.079 0.00  2
98.312 0.00  8
98.546 0.00  4
99.012 0.00  2
99.304 0.00  4
99.770 0.00  1
99.945 0.00  2
100.178 0.00  8
100.412 0.00  4
100.879 0.00  2
101.147 0.00  4
101.625 0.00  1
101.797 0.00  2
102.026 0.00  8
102.255 0.00  4
102.714 0.00  2
103.001 0.00  4
103.459 0.00  1
103.631 0.00  2
103.861 0.00  8
104.090 0.00  4
104.538 0.00  2
104.818 0.00  4
105.285 0.50  1
105.920 0.00  2
106.219 0.50  2
106.779 0.00  4
107.042 0.00  8
107.530 1.00  4
108.544 0.00  2
108.883 1.00  1
110.692 0.00  1
110.866 0.00  2
111.098 0.00  8
111.331 0.00  4
111.795 0.00  2
112.086 0.00  4
112.546 0.00  1
112.718 0.00  2
112.947 0.00  8
113.176 0.00  4
113.634 0.00  2
113.901 0.00  4
114.379 0.00  1
114.550 0.00  2
114.779 0.00  8
115.008 0.00  4
115.467 0.00  2
115.754 0.00  4
116.213 0.00  1
116.385 0.00  2
116.612 0.00  8
116.839 0.00  4
117.293 0.00  2
117.576 0.00  4
118.030 0.00  1
118.200 0.00  2
118.427 0.00  8
118.654 0.00  4
119.107 0.00  2
119.372 0.00  4
119.845 0.00  1
120.015 0.00  2
120.242 0.00  8
120.469 0.00  4
120.922 0.00  2
121.204 0.00  4
121.654 0.00  1
121.823 0.00  2
122.049 0.00  8
122.274 0.00  4
122.725 0.00  2
123.006 0.00  4
123.431 0.50  1
124.088 0.00  2
124.325 0.50  2
124.928 0.00  4
125.185 0.00  8
125.663 1.00  4
126.693 0.00  2
126.993 1.00  1
128.347 1.00  8
129.393 0.00  8
129.842 0.00  8
130.103 0.00  5
130.290 0.00  2
130.515 0.50  2
131.356 0.50  4
132.084 0.00  4
132.384 0.50  8
132.982 0.00  4
133.430 0.00  2
133.711 0.00  2
134.327 0.00  8
134.608 0.00  2
134.776 0.00  1
135.038 0.50  4
136.574 0.00  4
137.025 0.00  2
137.311 0.00  2
137.940 0.00  8
138.226 0.00  2
138.397 0.00  1
138.663 0.50  4
139.614 0.00  8
140.222 0.00  4
140.678 0.00  2
140.963 0.00  2
141.590 0.00  8
141.876 0.00  2
142.047 0.00  1
142.313 0.50  4
143.871 0.00  4
144.323 0.00  2
144.605 0.00  2
145.223 0.00  8
145.503 0.00  2
145.671 0.00  2
145.932 0.50  4
146.829 0.50  2
147.463 0.00  1
147.912 0.00  2
148.192 0.00  4
148.621 0.50  4
149.256 0.00  2
149.704 0.00  4
149.984 0.00  8
150.414 0.50  8
151.048 0.00  8
151.497 0.00  8
151.758 0.00  4
151.945 0.00  8
152.206 0.00  4
152.393 0.00  2
152.804 0.00  8
153.066 0.50  8
154.001 0.50  2
154.636 0.00  1
155.084 0.00  2
155.364 0.00  4
155.792 0.50  4
156.423 0.00  2
156.868 0.00  4
157.147 0.00  8
157.574 0.50  2
158.205 0.00  2
158.650 0.00  4
158.929 0.00  4
159.541 0.50  8
160.442 0.00  2
160.707 0.00  4
160.859 0.50  8
161.807 0.00  8
162.072 0.00  4
162.262 0.00  8
162.489 0.00  4
162.640 0.00  2
162.943 0.00  1
163.113 1.50  4
164.987 0.00  8
165.252 0.00  2
165.441 0.00  4
165.744 0.00  8
166.122 0.00  4
166.425 0.00  2
166.690 0.50  2
167.220 0.00  8
167.485 0.50  2
168.431 0.50  2
169.036 0.00  1
169.301 0.50  1
169.831 0.00  1
169.983 0.50  2
170.739 0.00  1
170.891 0.00  4
171.156 0.00  1
171.307 0.00  8
171.610 0.50  2
172.253 0.00  2
172.480 0.00  8
172.821 0.00  8
173.162 0.00  8
173.616 0.00  8
174.094 0.00  4
174.315 0.00  4
174.609 0.00  4
174.903 0.00  2
175.234 0.00  1
175.381 0.00  2
175.638 0.00  1
175.822 0.00  4
176.227 0.00  1
176.484 5.50  2
182.440 0.00  4

999 0 0