3.808 0.00  1
4.105 0.00  1
4.283 0.00  2
4.581 0.00  8
4.759 0.00  16
5.057 0.00  16
5.532 0.00  8
5.711 0.00  16
6.009 0.00  8
6.187 0.00  2
6.485 0.00  3
6.961 0.00  8
7.139 0.00  16
7.437 0.00  16
7.896 0.00  1
8.064 0.00  2
8.344 0.00  8
8.512 0.00  16
8.792 0.00  16
9.240 0.00  8
9.408 0.00  16
9.688 0.00  8
9.856 0.00  2
10.139 0.00  3
10.593 0.00  8
10.763 0.00  16
0.016 11.00  16
11.467 0.00  4
11.582 0.00  16
11.890 0.00  16
12.448 0.00  8
12.911 0.00  2
13.525 0.00  8
13.582 0.00  2
13.888 0.00  1
14.041 0.00  4
14.195 0.00  2
14.349 0.00  1
14.504 0.00  2
15.253 0.00  8
15.311 0.00  4
15.425 0.50  16
16.183 0.00  2
16.336 0.00  8
16.605 0.00  1
17.202 0.00  8
17.259 0.00  1
18.122 0.00  1
18.178 0.00  16
19.025 0.00  16
19.082 0.00  10
19.534 0.00  5
19.816 0.00  5
20.664 0.00  4
20.834 0.00  1
21.100 0.50  10
22.655 0.00  10
23.107 0.00  5
23.389 0.00  5
0.016 24.00  5
24.348 0.00  4
24.517 0.00  1
25.551 0.50  10
26.323 0.00  10
26.774 0.00  5
27.056 0.00  5
27.903 0.00  4
28.072 0.00  1
28.335 0.50  10
29.869 0.00  10
30.322 0.00  5
30.604 0.00  5
0.016 31.00  5
31.572 0.00  4
31.743 0.00  1
32.477 0.00  10
33.484 0.00  5
33.932 0.00  3
33.987 0.00  5
34.267 0.00  6
35.274 0.00  12
35.723 0.00  10
35.779 0.00  12
36.059 0.00  16
36.893 0.00  1
36.949 0.00  1
37.115 0.00  2
37.393 0.00  8
37.560 0.00  16
38.227 0.00  16
38.282 0.00  8
38.449 0.00  16
38.727 0.00  8
38.894 0.00  2
39.568 0.00  3
39.624 0.00  1
39.792 0.00  1
40.632 0.00  5
41.080 0.00  3
41.136 0.00  5
41.416 0.00  6
42.417 0.00  12
42.862 0.00  10
42.917 0.00  12
43.195 0.00  16
44.029 0.00  1
44.084 0.00  1
44.251 0.00  2
44.526 0.00  8
44.691 0.00  16
45.357 0.00  16
45.413 0.00  8
45.582 0.00  16
45.863 0.00  8
46.032 0.00  2
46.706 0.00  3
46.763 0.00  8
46.931 0.00  16
47.772 0.00  16
47.829 0.00  10
48.278 0.00  5
48.559 0.00  5
49.400 0.00  4
49.569 0.00  1
49.832 0.50  10
51.375 0.00  10
51.826 0.00  5
52.109 0.00  5
0.016 53.00  5
53.074 0.00  4
53.247 0.00  1
54.167 0.00  10
55.030 0.00  16
55.086 0.00  10
55.535 0.00  5
55.816 0.00  5
56.664 0.00  4
56.833 0.00  1
57.097 0.50  10
58.644 0.00  10
59.096 0.00  5
59.379 0.00  5
0.016 60.00  5
60.340 0.00  4
60.510 0.00  1
61.359 0.00  10
62.264 0.00  5
62.716 0.00  3
62.773 0.00  5
63.055 0.00  6
64.069 0.00  12
64.518 0.00  10
64.575 0.00  12
64.856 0.00  16
65.718 0.00  1
65.774 0.00  1
65.924 0.00  1
66.112 0.00  2
66.262 0.00  8
66.449 0.00  8
67.052 0.00  8
67.108 0.00  16
67.429 0.00  2
67.543 0.00  8
67.694 0.00  8
68.886 0.00  8
69.491 0.00  5
69.942 0.00  3
69.998 0.00  5
70.281 0.00  6
71.293 0.00  12
71.744 0.00  10
71.800 0.00  12
72.082 0.00  16
73.094 0.00  6
73.537 0.00  6
73.592 0.00  10
73.868 0.00  10
74.255 1.00  16
75.792 0.00  8
76.282 0.00  4
76.433 0.00  2
77.318 0.00  1
78.319 0.00  16
78.545 0.00  10
78.810 0.00  6
78.999 0.00  10
79.264 0.00  10
79.453 0.00  6
80.154 0.00  16
80.362 0.00  4
80.477 0.00  8
80.592 0.00  4
80.823 0.00  2
81.527 0.00  1
81.583 0.00  2
81.733 0.00  1
81.996 0.00  6
82.578 0.00  3
82.635 0.00  16
83.104 0.00  4
83.292 0.00  4
83.742 0.00  2
84.193 0.00  2
84.605 0.00  16
85.092 0.00  4
85.504 0.00  1
85.842 0.00  2
85.898 0.00  8
86.048 0.50  16
86.910 0.00  4
87.135 0.00  2
87.360 0.00  8
87.585 0.00  16
88.241 0.00  8
88.297 0.00  1
88.484 0.00  2
88.876 0.00  16
89.194 0.00  8
89.773 0.00  1
89.829 0.00  1
89.979 0.00  2
90.128 0.00  8
90.679 0.00  2
90.736 0.00  2
90.888 0.00  1
91.041 0.00  1
91.155 0.00  1
91.346 0.00  2
91.460 0.00  4
91.650 0.50  16
94.121 0.00  16
94.179 0.00  1
94.413 0.00  2
94.646 0.00  12
94.879 0.00  6
95.343 0.00  3
95.983 0.00  6
96.041 0.00  1
96.273 0.00  2
96.506 0.00  12
96.738 0.00  6
97.203 0.00  3
97.844 0.00  6
97.903 0.00  1
98.137 0.00  2
98.370 0.00  12
98.604 0.00  6
99.070 0.00  3
99.769 0.00  6
99.828 0.00  1
100.003 0.00  2
100.236 0.00  12
100.470 0.00  6
100.936 0.00  3
101.624 0.00  6
101.682 0.00  1
101.854 0.00  2
102.083 0.00  12
102.312 0.00  6
102.771 0.00  3
103.459 0.00  6
103.516 0.00  1
103.688 0.00  2
103.918 0.00  12
104.146 0.00  6
104.594 0.00  3
105.284 0.00  6
105.919 0.00  1
105.976 0.00  2
106.779 0.00  4
106.835 0.00  8
107.098 0.00  16
108.544 0.00  8
108.600 0.00  4
109.316 0.00  4
109.937 0.00  2
109.995 0.50  1
110.750 0.00  1
110.924 0.00  2
111.156 0.00  12
111.389 0.00  6
111.853 0.00  3
112.546 0.00  6
112.603 0.00  1
112.775 0.00  2
113.004 0.00  12
113.233 0.00  6
113.691 0.00  3
114.378 0.00  6
114.436 0.00  1
114.607 0.00  2
114.836 0.00  12
115.065 0.00  6
115.524 0.00  3
116.213 0.00  6
116.270 0.00  1
116.441 0.00  2
116.668 0.00  12
116.895 0.00  6
117.349 0.00  3
118.029 0.00  6
118.086 0.00  1
118.256 0.00  2
118.483 0.00  12
118.710 0.00  6
119.163 0.00  3
119.844 0.00  6
119.901 0.00  1
120.071 0.00  2
120.298 0.00  12
120.525 0.00  6
120.978 0.00  3
121.654 0.00  6
121.710 0.00  1
121.879 0.00  2
122.105 0.00  12
122.330 0.00  6
122.781 0.00  3
123.430 0.00  6
124.088 0.00  1
124.142 0.00  2
124.927 0.00  4
124.983 0.00  8
125.240 0.00  16
126.692 0.00  8
126.749 0.00  4
128.120 1.00  16
129.281 0.00  16
129.711 0.00  16
130.159 0.00  8
130.346 0.00  4
131.187 0.00  4
132.084 0.00  8
132.140 0.50  16
133.038 0.00  10
133.486 0.00  5
133.767 0.00  5
134.608 0.00  4
134.776 0.00  1
135.038 0.50  10
136.574 0.00  10
137.025 0.00  5
137.311 0.00  5
0.016 138.00  5
138.283 0.00  4
138.454 0.00  1
139.309 0.00  10
140.108 0.00  16
140.279 0.00  10
140.735 0.00  5
141.020 0.00  5
141.876 0.00  4
142.047 0.00  1
142.313 0.50  10
143.871 0.00  10
144.323 0.00  5
144.605 0.00  5
0.016 145.00  5
145.559 0.00  4
145.727 0.00  4
146.566 0.00  10
147.463 0.00  5
147.911 0.00  3
147.968 0.00  5
148.248 0.00  6
149.255 0.00  12
149.704 0.00  10
149.760 0.00  12
150.040 0.00  16
151.758 0.00  4
151.945 0.00  8
152.206 0.00  4
152.393 0.00  2
154.001 0.50  5
154.636 0.00  3
155.084 0.00  5
155.364 0.00  6
155.792 0.50  12
156.423 0.00  10
156.868 0.00  12
157.147 0.00  16
157.574 0.50  6
158.205 0.00  6
158.650 0.00  10
158.929 0.00  10
0.016 160.00  10
160.498 0.00  4
160.763 0.00  8
161.806 0.00  8
161.863 0.00  8
162.128 0.00  4
162.318 0.00  8
162.545 0.00  4
162.696 0.00  2
162.999 0.00  1
164.759 0.00  16
165.308 0.00  4
165.497 0.50  16
166.178 0.00  8
166.481 0.00  4
167.219 0.00  16
168.166 0.00  4
168.222 0.00  4
168.885 0.00  2
168.941 0.00  2
169.092 0.00  1
169.830 0.00  1
169.887 0.00  1
170.739 0.00  2
170.795 0.00  1
170.947 0.00  4
171.212 0.00  1
171.363 0.00  8
172.253 0.00  6
172.309 0.00  6
173.873 0.00  1
174.094 0.00  4
174.315 0.00  4
174.609 0.00  4
174.903 0.00  8
175.234 0.00  2
175.381 0.00  4
175.638 0.00  2
176.006 0.00  8
176.116 0.00  4
176.227 0.00  1
176.484 5.50  2
182.440 0.00  4

999 0 0