3.808 0.00  1
4.105 0.00  3
4.283 0.00  2
4.402 0.00  4
4.581 0.00  8
4.759 0.00  16
5.057 0.00  16
5.532 0.00  8
5.711 0.00  16
6.009 0.00  8
6.187 0.00  2
6.306 0.00  4
6.485 0.00  3
6.961 0.00  8
7.139 0.00  10
7.198 0.00  10
7.437 0.00  10
7.839 0.00  10
7.896 0.00  1
8.064 0.00  2
8.176 0.00  4
8.344 0.00  8
8.512 0.00  16
8.792 0.00  16
9.240 0.00  8
9.408 0.00  16
9.688 0.00  8
9.856 0.00  2
9.969 0.00  4
10.139 0.00  3
10.593 0.00  8
10.763 0.00  10
11.217 0.00  10
0.016 11.00  16
11.467 0.00  4
11.582 0.00  16
11.890 0.00  16
12.448 0.00  8
12.505 0.00  4
12.582 0.00  2
12.660 0.00  1
12.970 0.00  4
13.410 0.00  8
13.467 0.00  4
13.582 0.00  2
13.888 0.00  1
14.041 0.00  4
14.195 0.00  2
14.349 0.00  1
14.504 0.00  2
14.811 0.00  4
15.138 0.00  8
15.196 0.00  4
15.311 0.00  1
15.425 0.00  2
15.539 0.00  4
15.615 0.50  16
16.183 0.00  2
16.336 0.00  8
16.451 0.00  4
16.528 0.00  2
16.605 0.00  1
16.798 0.00  4
16.913 0.00  8
17.086 0.00  4
17.182 0.00  2
17.259 0.00  1
18.122 0.00  1
18.178 0.00  16
19.025 0.00  16
19.082 0.00  10
19.534 0.00  5
19.816 0.00  5
20.664 0.00  4
20.834 0.00  1
21.100 0.50  10
21.633 0.00  4
21.690 0.00  2
21.747 0.00  1
22.655 0.00  10
23.107 0.00  5
23.389 0.00  5
0.016 24.00  5
24.348 0.00  4
24.517 0.00  1
25.307 0.00  10
25.363 0.00  4
25.476 0.00  2
25.589 0.50  1
26.323 0.00  10
26.774 0.00  5
27.056 0.00  5
27.903 0.00  4
28.072 0.00  1
28.335 0.50  10
28.862 0.00  4
28.975 0.00  2
29.087 0.00  1
29.869 0.00  10
30.322 0.00  5
30.604 0.00  5
0.016 31.00  5
31.572 0.00  4
31.743 0.00  1
32.365 0.00  10
32.421 0.00  4
32.477 0.00  2
32.533 0.00  1
33.484 0.00  5
33.932 0.00  3
33.987 0.00  5
34.267 0.00  6
34.435 0.00  1
35.274 0.00  12
35.723 0.00  10
35.779 0.00  12
36.059 0.00  16
36.226 0.00  1
36.893 0.00  1
36.949 0.00  1
37.115 0.00  2
37.227 0.00  4
37.393 0.00  8
37.560 0.00  16
38.227 0.00  16
38.282 0.00  8
38.449 0.00  16
38.727 0.00  8
38.894 0.00  2
39.007 0.00  4
39.568 0.00  3
39.624 0.00  1
39.792 0.00  1
40.632 0.00  5
41.080 0.00  3
41.136 0.00  5
41.416 0.00  6
41.584 0.00  1
42.417 0.00  12
42.862 0.00  10
42.917 0.00  12
43.195 0.00  16
43.362 0.00  1
44.029 0.00  1
44.084 0.00  3
44.251 0.00  2
44.361 0.00  4
44.526 0.00  8
44.691 0.00  16
45.357 0.00  16
45.413 0.00  8
45.582 0.00  16
45.863 0.00  8
46.032 0.00  2
46.144 0.00  4
46.706 0.00  3
46.763 0.00  8
46.931 0.00  16
47.772 0.00  16
47.829 0.00  10
48.278 0.00  5
48.559 0.00  5
49.400 0.00  4
49.569 0.00  1
49.832 0.50  10
50.359 0.00  4
50.415 0.00  2
50.472 0.00  1
51.375 0.00  10
51.826 0.00  5
52.109 0.00  5
0.016 53.00  5
53.074 0.00  4
53.247 0.00  1
54.052 0.00  10
54.109 0.00  4
54.167 0.00  2
54.224 0.00  1
55.030 0.00  16
55.086 0.00  10
55.535 0.00  5
55.816 0.00  5
56.664 0.00  4
56.833 0.00  1
57.097 0.50  10
57.625 0.00  4
57.738 0.00  2
57.852 0.00  1
58.644 0.00  10
59.096 0.00  5
59.379 0.00  5
0.016 60.00  5
60.340 0.00  4
60.510 0.00  1
61.189 0.00  10
61.245 0.00  4
61.302 0.00  2
61.358 0.00  1
62.264 0.00  5
62.716 0.00  3
62.773 0.00  5
63.055 0.00  6
63.225 0.00  1
64.069 0.00  12
64.518 0.00  10
64.575 0.00  12
64.856 0.00  16
65.025 0.00  1
65.718 0.00  1
65.774 0.00  1
65.924 0.00  1
66.112 0.00  2
66.262 0.00  8
66.449 0.00  4
66.524 0.00  8
67.052 0.00  8
67.108 0.00  16
67.429 0.00  2
67.543 0.00  8
67.694 0.00  4
67.770 0.00  8
67.959 0.00  4
68.885 0.00  8
69.491 0.00  5
69.942 0.00  3
69.998 0.00  5
70.281 0.00  6
70.450 0.00  1
71.293 0.00  12
71.744 0.00  10
71.800 0.00  12
72.082 0.00  16
72.250 0.00  1
73.094 0.00  6
73.537 0.00  6
73.592 0.00  10
73.868 0.00  10
74.034 0.00  1
74.255 0.00  4
74.329 1.00  16
75.792 0.00  8
76.282 0.00  4
76.433 0.00  2
77.318 0.00  1
78.319 0.00  16
78.545 0.00  10
78.810 0.00  6
78.999 0.00  10
79.264 0.00  10
79.453 0.00  6
79.718 0.00  2
80.153 0.00  16
80.362 0.00  4
80.477 0.00  8
80.592 0.00  4
80.823 0.00  1
80.938 0.00  2
81.527 0.00  1
81.583 0.00  2
81.733 0.00  1
81.996 0.00  6
82.428 0.00  3
82.484 0.00  1
82.635 0.00  2
82.710 0.00  16
83.066 0.00  4
83.179 0.00  8
83.292 0.00  4
83.742 0.00  2
83.799 0.00  2
83.874 0.00  1
83.949 0.00  2
84.024 0.00  1
84.099 0.00  2
84.605 0.00  16
85.092 0.00  4
85.504 0.00  1
85.561 0.00  1
85.841 0.00  2
85.898 0.00  8
86.048 0.50  16
86.910 0.00  4
87.135 0.00  2
87.247 0.00  4
87.360 0.00  8
87.585 0.00  16
88.241 0.00  8
88.297 0.00  1
88.484 0.00  2
88.596 0.00  4
88.746 0.00  16
89.082 0.00  4
89.194 0.00  8
89.773 0.00  1
89.829 0.00  1
89.979 0.00  2
90.128 0.00  8
90.279 0.00  1
90.679 0.00  2
90.736 0.00  2
90.888 0.00  1
91.041 0.00  1
91.155 0.00  1
91.231 0.00  2
91.346 0.00  2
91.460 0.00  4
91.650 0.00  8
91.803 0.00  16
92.146 0.00  16
92.432 0.00  8
94.121 0.00  16
94.179 0.00  1
94.413 0.00  2
94.646 0.00  16
94.879 0.00  10
95.111 0.00  1
95.343 0.00  5
95.983 0.00  10
96.041 0.00  1
96.273 0.00  2
96.506 0.00  16
96.738 0.00  10
97.029 0.00  1
97.203 0.00  5
97.844 0.00  10
97.903 0.00  1
98.137 0.00  2
98.370 0.00  16
98.604 0.00  10
98.895 0.00  1
99.070 0.00  5
99.769 0.00  10
99.828 0.00  1
100.003 0.00  2
100.236 0.00  16
100.470 0.00  10
100.762 0.00  1
100.936 0.00  5
101.624 0.00  10
101.682 0.00  1
101.854 0.00  2
102.083 0.00  16
102.312 0.00  10
102.599 0.00  1
102.771 0.00  5
103.459 0.00  10
103.516 0.00  1
103.688 0.00  2
103.918 0.00  16
104.146 0.00  10
104.426 0.00  1
104.594 0.00  5
105.284 0.00  10
105.919 0.00  1
105.976 0.00  2
106.779 0.00  4
106.835 0.00  10
107.098 0.00  12
107.530 1.00  12
108.544 0.00  10
108.883 0.50  4
109.881 0.00  2
109.995 0.00  1
110.692 0.00  1
110.866 0.00  2
111.098 0.00  16
111.331 0.00  10
111.563 0.00  1
111.795 0.00  5
112.086 0.00  10
112.546 0.00  1
112.718 0.00  2
112.947 0.00  16
113.176 0.00  10
113.462 0.00  1
113.634 0.00  5
113.901 0.00  10
114.379 0.00  1
114.550 0.00  2
114.779 0.00  16
115.008 0.00  10
115.295 0.00  1
115.467 0.00  5
115.754 0.00  10
116.213 0.00  1
116.385 0.00  2
116.612 0.00  16
116.839 0.00  10
117.122 0.00  1
117.293 0.00  5
117.576 0.00  10
118.030 0.00  1
118.200 0.00  2
118.427 0.00  16
118.654 0.00  10
118.937 0.00  1
119.107 0.00  5
119.372 0.00  10
119.845 0.00  1
120.015 0.00  2
120.242 0.00  16
120.469 0.00  10
120.752 0.00  1
120.922 0.00  5
121.204 0.00  10
121.654 0.00  1
121.823 0.00  2
122.049 0.00  16
122.274 0.00  10
122.556 0.00  1
122.725 0.00  5
123.006 0.00  10
123.431 0.50  1
124.088 0.00  2
124.325 0.50  4
124.928 0.00  10
125.185 0.00  12
0.016 125.50  12
126.692 0.00  12
126.749 0.00  10
127.970 0.00  4
128.027 0.00  2
128.102 0.00  1
128.365 0.00  1
128.440 0.00  2
128.515 0.00  4
128.589 0.50  16
129.300 0.00  16
129.711 0.00  16
130.159 0.00  8
130.346 0.00  4
131.187 0.00  4
131.243 0.00  1
131.468 0.00  4
132.009 0.00  16
132.066 0.00  4
132.140 0.00  8
132.365 0.50  16
133.038 0.00  10
133.486 0.00  5
133.767 0.00  5
134.608 0.00  4
134.776 0.00  1
135.038 0.50  10
135.617 0.00  4
135.673 0.00  2
135.730 0.00  1
136.574 0.00  10
137.025 0.00  5
137.311 0.00  5
0.016 138.00  5
138.283 0.00  4
138.454 0.00  1
139.138 0.00  10
139.196 0.00  4
139.253 0.00  2
139.310 0.00  1
140.108 0.00  16
140.279 0.00  10
140.735 0.00  5
141.020 0.00  5
141.876 0.00  4
142.047 0.00  1
142.313 0.50  10
142.845 0.00  4
142.902 0.00  2
142.959 0.00  1
143.871 0.00  10
144.323 0.00  5
144.605 0.00  5
0.016 145.00  5
145.559 0.00  4
145.727 0.00  4
146.454 0.00  10
146.511 0.00  4
146.567 0.00  2
146.623 0.00  1
147.463 0.00  5
147.911 0.00  3
147.968 0.00  5
148.248 0.00  6
148.416 0.00  1
149.255 0.00  12
149.704 0.00  10
149.760 0.00  12
150.040 0.00  16
150.208 0.00  2
150.470 1.00  16
151.627 0.00  8
151.814 0.00  4
152.001 0.00  8
152.262 0.00  4
152.449 0.00  4
152.636 0.00  2
152.748 0.00  1
152.860 0.00  16
153.122 0.50  16
154.636 0.00  5
155.083 0.00  3
155.139 0.00  5
155.419 0.00  6
155.587 0.00  1
156.423 0.00  12
156.868 0.00  10
156.923 0.00  12
157.202 0.00  16
157.369 0.00  1
158.205 0.00  6
158.650 0.00  6
158.705 0.00  10
158.984 0.00  10
159.151 1.00  16
160.498 0.00  4
160.763 0.00  8
160.896 0.50  16
161.863 0.00  8
162.128 0.00  4
162.318 0.00  8
162.545 0.00  4
162.696 0.00  4
162.772 0.00  2
162.999 0.00  1
163.169 0.00  2
163.548 0.00  4
163.605 0.00  2
163.718 0.00  4
163.832 0.00  2
163.945 0.00  4
164.059 0.00  2
164.172 0.00  4
164.286 0.00  2
164.399 0.00  4
164.456 0.00  2
164.513 0.00  4
164.570 0.00  2
164.626 0.00  4
164.683 0.00  2
164.740 0.50  16
165.308 0.00  4
165.497 0.00  8
165.800 0.00  16
166.178 0.00  8
166.481 0.00  4
166.746 0.00  2
167.219 0.00  16
167.541 0.00  2
168.090 0.00  4
168.146 0.00  2
168.222 0.00  4
168.487 0.00  1
168.562 0.00  2
168.941 0.00  2
169.092 0.00  1
169.830 0.00  1
169.887 0.00  1
170.739 0.00  2
170.795 0.00  1
170.947 0.00  4
171.212 0.00  1
171.363 0.00  8
172.102 0.00  6
172.158 0.00  8
172.309 0.00  6
172.536 0.00  16
172.877 0.00  16
173.218 0.50  16
173.928 0.00  1
174.075 0.00  2
174.149 0.00  16
174.370 0.00  16
174.664 0.00  16
174.958 0.00  8
175.031 0.00  4
175.289 0.00  2
175.436 0.00  4
175.693 0.00  2
175.877 0.00  16
176.061 0.00  8
176.171 0.00  4
176.282 0.00  1
176.539 0.00  2
182.440 0.00  8
182.440 0.00  8

999 0 0