3.999 0.50  2
4.570 0.00  1
5.016 0.00  2
5.461 0.50  4
6.352 0.00  2
6.937 0.00  1
7.375 0.00  2
7.818 0.50  4
8.710 0.00  2
9.312 0.00  1
9.756 0.00  2
10.197 0.50  4
11.075 0.00  2
11.643 0.00  4
12.216 0.00  2
12.793 0.00  1
13.240 0.00  2
13.687 0.50  4
14.582 0.00  2
15.179 0.00  1
15.617 0.00  2
16.055 0.50  4
16.931 0.00  2
17.515 0.00  1
17.949 0.00  2
18.384 0.50  4
19.252 0.00  2
19.831 0.00  1
20.265 0.00  2
20.699 0.50  4
21.567 0.00  1
22.141 0.00  1
22.573 0.00  2
23.005 0.50  4
23.868 0.00  4
24.448 0.00  1
24.883 0.00  2
25.318 0.50  4
26.188 0.00  4
26.770 0.00  1
27.214 0.00  2
27.658 0.50  4
28.546 0.00  2
29.130 0.00  1
29.565 0.00  2
30.000 0.50  4
30.869 0.00  2
31.448 0.00  1
31.873 0.00  2
32.304 0.50  4
33.174 0.00  4
33.746 0.00  1
34.175 0.00  2
34.609 0.50  4
35.479 0.00  4
36.054 0.00  1
36.488 0.00  2
36.922 0.50  4
37.790 0.00  2
38.368 0.00  1
38.802 0.00  2
39.240 0.50  4
40.120 0.00  1
40.702 0.00  1
41.135 0.00  2
41.568 0.50  4
42.434 0.00  4
43.008 0.00  1
43.439 0.00  2
43.872 0.50  4
44.739 0.00  4
45.309 0.00  1
45.749 0.00  2
46.188 0.50  4
47.067 0.00  4
47.653 0.00  1
48.093 0.00  2
48.532 0.50  4
49.412 0.00  2
50.010 0.00  1
50.445 0.00  2
50.881 0.50  4
51.753 0.00  2
52.344 0.00  4
52.926 0.00  2
53.508 0.00  1
53.953 0.00  2
54.396 0.50  4
55.279 0.00  2
55.868 0.00  4
56.310 0.00  2
56.751 0.00  4
57.632 0.00  2
58.219 0.00  4
58.650 0.00  2
59.083 0.50  4
59.952 0.00  2
60.530 0.00  4
61.097 0.00  2
61.665 0.50  1
62.545 1.00  4
64.011 0.00  4
64.449 0.00  2
64.888 0.50  2
65.472 2.50  1
68.102 0.50  2
68.685 0.00  4
69.112 0.00  1
69.539 3.00  2
72.661 0.50  2
73.221 0.00  4
73.656 0.00  2
74.091 0.50  2
74.670 2.50  1
77.252 0.50  2
77.820 0.00  4
78.247 0.00  1
78.673 3.00  2
81.745 0.50  2
82.298 0.00  4
82.732 0.00  2
83.166 0.50  2
83.744 0.50  1
84.612 0.00  4
85.045 1.00  2
86.346 0.50  2
86.914 0.00  4
87.337 0.00  2
87.759 1.00  1
89.169 0.00  4
89.592 0.00  2
90.015 1.00  1
91.419 0.00  4
91.848 0.00  2
92.277 1.00  1
93.707 0.00  1
94.132 0.00  2
94.563 0.50  4
95.427 0.00  1
96.002 0.00  1
96.434 0.00  2
96.860 0.50  4
97.711 0.00  2
98.289 0.00  1
98.837 0.00  4
99.128 0.50  2
100.000 0.00  4
100.573 0.00  1
101.146 0.00  4
101.435 0.50  2
102.303 0.00  4
102.900 0.00  1
103.334 0.00  2
103.767 0.50  4
104.634 0.00  2
105.214 0.00  1
105.659 0.00  2
106.096 0.50  4
106.962 0.00  2
107.532 1.50  4
109.563 0.50  4
110.433 0.00  2
110.869 0.50  2
111.594 0.50  1
112.175 0.00  1
112.614 0.00  2
113.054 0.50  4
113.933 0.00  2
114.518 0.00  1
114.958 0.00  2
115.397 0.50  4
116.274 0.00  1
116.858 0.00  1
117.717 0.50  4
118.600 0.00  4
119.148 0.00  2
119.719 0.00  1
120.290 0.50  4
120.862 0.50  2
121.436 0.00  1
121.878 0.00  2
122.321 0.50  4
123.207 0.00  1
123.798 0.00  1
124.241 0.00  2
124.684 0.50  4
125.568 0.00  1
126.148 0.00  2
126.728 0.00  4
127.308 0.00  1
127.888 0.00  2
128.467 1.00  4
129.608 2.00  2
131.918 0.00  4
132.354 0.00  2
132.790 0.50  2
133.371 2.50  1
135.985 0.50  2
136.565 0.00  4
136.994 0.00  1
137.423 3.00  2
140.569 0.50  2
141.141 0.00  4
141.568 0.00  2
141.994 0.50  2
142.563 2.50  1
145.122 0.50  2
145.690 0.00  4
146.113 0.00  1
146.536 3.00  2
149.623 0.50  2
150.183 0.00  4
150.615 0.00  2
151.047 0.50  2
151.624 0.50  1
152.488 0.00  4
152.920 1.00  2
154.216 0.50  2
154.792 0.00  4
155.220 0.00  1
155.648 1.00  2
157.077 0.00  1
157.919 0.00  2
158.194 0.00  1
159.020 0.00  2
159.298 0.00  4
159.727 0.00  2
160.155 0.50  2
160.727 2.50  1
163.294 0.50  2
163.847 0.00  4
164.277 0.00  2
164.707 1.00  1
166.137 0.00  4
166.549 0.00  2
166.961 1.00  1
168.333 0.00  4
168.745 0.00  2
169.157 1.00  1
170.533 0.00  4
170.961 0.00  2
171.389 1.00  1
172.818 0.00  1
173.690 0.00  2
174.548 0.00  4
175.119 0.00  1
175.977 0.00  2
176.835 0.00  4
177.402 0.00  1
178.234 0.00  2
179.070 0.00  4
179.619 0.00  1
180.442 0.00  2
181.266 0.00  4
181.815 0.50  2
182.368 0.50  2
182.923 0.50  2
183.759 0.00  2
184.038 0.50  2
184.867 0.50  4
185.692 0.00  1
186.256 0.50  2
186.801 0.50  4
187.352 0.00  4
187.902 0.00  2
188.452 0.00  1
189.001 0.00  1
189.414 0.50  2
190.647 0.00  4
191.183 0.00  4
191.725 0.00  2
192.270 0.00  1
192.830 0.00  2
193.387 0.00  2
193.932 0.00  1
194.204 0.50  1
195.022 0.00  2
195.572 0.00  2
196.121 0.00  2
196.671 0.00  2
197.221 0.00  1
197.770 0.00  1
198.182 0.50  2
199.143 1.00  4
200.532 0.50  2
201.089 0.00  1
201.648 0.00  4
202.208 0.00  2
202.767 0.00  1
203.327 2.50  2
206.356 1.00  4
207.743 0.50  4
210.508 2.00  4
214.693 0.00  4
214.974 2.00  4
217.229 0.00  1
217.635 0.00  2
218.059 1.00  2
219.464 0.00  1
219.881 0.00  2
220.315 0.50  2
220.893 0.50  4
221.755 0.00  1
222.176 0.00  1
222.604 1.00  2
224.025 0.00  1
224.450 0.00  1
224.880 0.50  2
225.453 0.50  4
226.298 0.00  1
226.713 0.00  1
227.137 0.50  2
227.984 0.50  4
228.549 0.00  1
228.973 0.00  1
229.397 0.50  2
229.963 0.50  4
230.828 0.00  1
231.256 0.00  1
231.684 0.50  2
232.539 0.50  4
233.109 0.00  1
233.537 0.00  1
233.965 0.50  2
234.820 0.50  4
235.392 0.00  4
235.825 0.00  2
236.258 0.50  2
236.835 2.50  1
239.433 0.50  2
240.008 0.00  4
240.432 0.00  1
240.856 3.00  2
243.967 0.50  2
244.533 0.00  4
244.958 0.00  2
245.382 0.50  2
245.948 2.00  1
248.496 0.50  2
249.057 0.00  4
249.467 0.00  1
249.878 2.50  2
252.902 0.50  2
253.463 0.00  4
253.897 0.00  2
254.331 0.50  2
254.910 0.50  1
255.777 0.00  4
256.211 1.00  2
257.480 0.50  2
258.044 0.00  4
258.469 0.00  1
258.894 1.00  2
260.310 0.00  2
261.146 0.00  2
261.970 0.00  2
262.525 0.00  4
262.950 0.00  2
263.376 0.50  2
263.943 2.00  1
266.468 0.50  2
267.037 0.00  4
267.467 0.00  2
267.898 0.50  1
268.759 0.50  1
269.333 0.00  4
269.764 0.00  2
270.197 0.50  1
271.059 0.50  1
271.622 0.00  4
272.040 0.00  2
272.458 1.00  1
273.851 0.00  4
274.269 0.00  2
274.687 1.00  1
276.106 0.00  1
276.958 0.00  2
277.797 0.00  4
278.366 0.00  1
279.219 0.00  2
280.075 0.00  4
280.647 0.00  1
281.489 0.00  2
282.331 0.00  4
282.893 0.00  1
283.735 0.00  2
284.577 0.00  4
285.145 0.00  4
285.719 0.00  2
286.275 0.00  1
286.831 0.00  2
287.386 0.00  4
287.942 0.00  2
288.498 0.00  1
289.057 0.00  2
289.626 0.00  4
290.195 0.00  2
290.763 0.00  1
291.332 0.00  2
291.900 0.00  4
292.465 0.00  2
293.031 0.00  1
293.576 1.00  4
294.924 0.00  8

999 0 0