3.999 0.50  4
4.570 0.00  1
5.016 0.00  2
5.461 0.50  6
6.352 0.00  4
6.645 0.00  2
6.937 0.00  1
7.375 0.00  2
7.818 0.50  6
8.710 0.00  4
9.011 0.00  2
9.312 0.00  1
9.756 0.00  2
10.197 0.50  6
11.075 0.00  4
11.359 0.00  2
11.643 0.00  8
12.216 0.00  4
12.504 0.00  2
12.793 0.00  1
13.240 0.00  2
13.687 0.50  4
14.582 0.00  2
14.881 0.00  1
15.179 0.00  1
15.617 0.00  2
16.055 0.50  4
16.931 0.00  2
17.223 0.00  1
17.515 0.00  1
17.949 0.00  2
18.384 0.50  6
19.252 0.00  1
19.541 0.00  1
19.831 0.00  1
20.265 0.00  2
20.699 0.50  6
21.567 0.00  1
21.854 0.00  1
22.141 0.00  1
22.573 0.00  2
23.005 0.50  6
23.868 0.00  1
24.448 0.00  1
24.883 0.00  2
25.318 0.50  6
26.188 0.00  1
26.770 0.00  1
27.214 0.00  2
27.658 0.50  6
28.546 0.50  2
29.130 0.00  1
29.565 0.00  2
30.000 0.50  6
30.869 0.00  2
31.159 0.00  1
31.448 0.00  1
31.873 0.00  2
32.304 0.50  6
33.174 0.00  1
33.746 0.00  1
34.175 0.00  2
34.609 0.50  6
35.479 0.00  1
36.054 0.00  1
36.488 0.00  2
36.922 0.50  6
37.790 0.00  2
38.368 0.00  1
38.802 0.00  2
39.240 0.50  6
40.120 0.00  1
40.411 0.00  1
40.702 0.00  1
41.135 0.00  2
41.568 0.50  6
42.434 0.00  1
43.008 0.00  1
43.439 0.00  2
43.872 0.50  6
44.739 0.00  1
45.309 0.00  1
45.749 0.00  2
46.188 0.50  6
47.067 0.00  1
47.360 0.00  1
47.653 0.00  1
48.093 0.00  2
48.532 0.50  6
49.412 0.00  4
50.010 0.00  1
50.445 0.00  2
50.881 0.50  6
51.753 0.00  1
52.048 0.00  1
52.344 0.00  8
52.926 0.00  4
53.217 0.00  2
53.508 0.00  1
53.953 0.00  2
54.396 0.50  6
55.279 0.00  4
55.574 0.00  2
55.868 0.00  8
56.310 0.00  2
56.751 0.50  6
57.632 0.00  4
57.926 0.00  2
58.219 0.00  8
58.650 0.00  2
59.083 0.50  6
59.952 0.00  4
60.242 0.00  2
60.530 0.00  8
61.097 0.00  4
61.380 0.00  2
61.665 0.50  1
62.545 1.00  4
64.011 0.00  8
64.449 0.00  4
64.888 0.50  2
65.472 0.50  1
66.275 0.00  1
66.714 0.00  1
67.152 0.50  1
68.102 0.50  2
68.685 0.00  8
69.112 0.00  4
69.539 1.00  2
70.891 0.00  2
71.318 0.00  2
71.743 0.50  2
72.661 0.50  2
73.221 0.00  8
73.656 0.00  4
74.091 0.50  2
74.670 0.50  1
75.467 0.00  1
75.902 0.00  1
76.402 0.50  1
77.252 0.50  2
77.820 0.00  8
78.247 0.00  4
78.673 1.00  2
80.015 0.00  2
80.434 0.00  2
80.919 0.50  2
81.745 0.50  2
82.298 0.00  8
82.732 0.00  4
83.166 0.50  2
83.744 0.50  1
84.612 0.00  4
85.045 1.00  2
86.346 0.50  2
86.914 0.00  8
87.337 0.00  4
87.759 1.00  2
89.169 0.00  8
89.592 0.00  4
90.015 1.00  2
91.419 0.00  8
91.848 0.00  4
92.277 1.00  2
93.707 0.00  1
94.132 0.00  2
94.563 0.50  6
95.427 0.00  1
95.715 0.00  1
96.002 0.00  1
96.434 0.00  2
96.860 0.50  6
97.711 0.00  4
98.002 0.00  1
98.289 0.00  1
98.837 0.00  4
99.128 0.50  2
100.000 0.00  4
100.287 0.00  1
101.146 0.00  4
101.435 0.50  2
102.303 0.00  8
102.900 0.00  1
103.334 0.00  2
103.767 0.50  6
104.634 0.00  1
104.923 0.00  1
105.214 0.00  1
105.659 0.00  2
106.096 0.50  6
106.962 0.00  1
107.532 1.50  8
109.563 0.50  8
110.433 0.00  4
110.723 0.50  4
111.594 0.50  2
112.175 0.00  1
112.614 0.00  2
113.054 0.50  6
113.933 0.00  1
114.225 0.00  1
114.518 0.00  1
114.958 0.00  2
115.397 0.50  6
116.274 0.00  1
116.567 0.00  1
117.144 0.00  4
117.431 0.00  8
117.717 0.50  8
118.576 0.00  8
118.862 0.00  8
119.148 0.00  4
119.719 0.00  2
120.005 0.00  1
120.290 0.50  4
120.862 0.50  2
121.436 0.00  1
121.878 0.00  2
122.321 0.50  6
123.207 0.00  1
123.502 0.00  1
123.798 0.00  1
124.241 0.00  2
124.684 0.50  6
125.568 0.00  4
126.148 0.00  4
126.535 0.00  8
127.115 0.00  1
127.501 0.00  2
128.081 0.00  4
128.467 0.50  8
129.608 2.00  4
131.918 0.00  8
132.354 0.00  4
132.790 0.50  2
133.371 0.50  1
134.170 0.00  1
134.605 0.50  1
135.114 0.50  1
135.985 0.50  2
136.565 0.00  8
136.994 0.00  4
137.423 1.00  2
138.781 0.00  2
139.210 0.00  2
139.711 0.50  2
140.569 0.50  2
141.141 0.00  8
141.568 0.00  4
141.994 0.50  2
142.563 0.50  1
143.345 0.00  1
143.771 0.00  1
144.269 0.50  1
145.122 0.50  2
145.690 0.00  8
146.113 0.00  4
146.536 1.00  2
147.875 0.00  2
148.298 0.00  2
148.787 0.50  2
149.623 0.50  2
150.183 0.00  8
150.615 0.00  4
151.047 0.50  2
151.624 0.50  1
152.488 0.00  4
152.920 1.00  2
154.216 0.50  2
154.792 0.00  8
155.220 0.00  4
155.648 1.00  2
157.077 0.00  2
157.505 0.00  2
157.919 0.00  4
158.194 0.00  2
158.607 0.00  2
159.020 0.00  4
159.298 0.00  8
159.727 0.00  4
160.155 0.50  2
160.727 1.00  1
161.941 0.00  1
162.441 0.50  1
163.294 0.50  2
163.847 0.00  8
164.277 0.00  4
164.707 0.50  2
165.568 0.00  2
166.137 0.00  8
166.549 0.00  4
166.961 1.00  2
168.333 0.00  8
168.745 0.00  4
169.157 1.00  2
170.533 0.00  8
170.961 0.00  4
171.389 1.00  2
172.818 0.00  1
173.404 0.00  1
173.833 0.00  2
174.262 0.00  1
174.548 0.50  4
175.119 0.00  1
175.691 0.00  1
176.120 0.00  2
176.549 0.00  1
176.835 0.50  4
177.402 0.00  1
177.955 0.00  1
178.374 0.00  2
178.792 0.00  1
179.070 0.50  4
179.619 0.00  1
180.168 0.00  1
180.580 0.00  2
180.991 0.00  1
181.266 0.50  4
181.815 0.50  2
182.368 0.00  2
182.784 0.00  2
183.201 0.50  2
184.038 0.50  2
184.594 0.00  2
184.867 0.50  8
185.692 0.00  2
185.976 0.00  2
186.256 0.00  8
186.801 0.50  8
187.352 0.00  8
187.627 0.00  4
187.902 0.00  2
188.452 0.00  4
188.726 0.00  2
189.001 0.00  4
189.414 0.50  8
190.375 0.00  2
190.647 0.00  4
191.183 0.00  4
191.725 0.00  4
191.996 0.00  2
192.270 0.00  1
192.830 0.00  2
193.110 0.00  1
193.387 0.00  2
193.660 0.00  1
193.932 0.00  2
194.204 0.50  2
194.749 0.00  1
195.022 0.00  4
195.434 0.00  4
195.847 0.00  4
196.259 0.00  4
196.671 0.00  4
197.221 0.00  4
197.495 0.00  4
197.770 0.00  2
198.182 0.50  4
198.869 0.00  4
199.143 0.50  8
200.254 0.00  8
200.532 0.00  4
201.089 0.00  2
201.369 0.00  2
201.648 0.00  8
202.208 0.00  4
202.767 0.00  2
203.047 0.00  1
203.327 2.50  2
206.079 0.00  4
206.356 1.00  8
207.743 0.50  8
210.232 0.00  2
210.508 2.00  4
214.693 0.00  8
214.974 2.00  8
217.229 0.00  1
217.635 0.00  2
218.059 1.00  4
219.464 0.00  1
219.881 0.00  2
220.315 0.50  4
220.893 0.00  8
221.326 0.00  4
221.755 0.00  1
222.176 0.00  2
222.604 1.00  4
224.025 0.00  1
224.450 0.00  2
224.880 0.50  4
225.453 0.00  8
225.878 0.00  4
226.298 0.00  1
226.713 0.00  2
227.137 0.00  4
227.561 0.00  8
227.984 0.50  8
228.549 0.00  1
228.973 0.00  2
229.397 0.50  4
229.963 0.00  8
230.395 0.00  8
230.828 0.00  1
231.256 0.00  2
231.684 0.00  4
232.111 0.00  8
232.539 0.50  8
233.109 0.00  1
233.537 0.00  2
233.965 0.00  4
234.392 0.00  4
234.820 0.50  8
235.392 0.00  8
235.825 0.00  4
236.258 0.50  2
236.835 0.50  1
237.629 0.00  1
238.062 0.50  1
238.567 0.50  1
239.433 0.50  2
240.008 0.00  8
240.432 0.00  4
240.856 1.50  2
242.624 0.00  2
243.119 0.50  2
243.967 0.50  2
244.533 0.00  8
244.958 0.00  4
245.382 0.50  2
245.948 0.50  1
246.727 0.00  1
247.151 0.00  1
247.647 0.50  1
248.496 0.50  2
249.057 0.00  8
249.467 0.00  4
249.878 1.50  2
251.725 0.00  2
252.071 0.50  2
252.902 0.50  2
253.463 0.00  8
253.897 0.00  4
254.331 0.50  2
254.910 0.50  1
255.777 0.00  4
256.211 1.00  2
257.480 0.50  2
258.044 0.00  8
258.469 0.00  4
258.894 1.00  2
260.310 0.00  2
260.734 0.00  2
261.146 0.00  2
261.696 0.00  2
261.970 0.00  2
262.245 0.00  2
262.525 0.00  8
262.950 0.00  4
263.376 0.50  2
263.943 0.50  1
264.727 0.00  1
265.168 0.00  1
265.647 0.50  1
266.468 0.50  2
267.037 0.00  8
267.467 0.00  4
267.898 0.50  2
268.759 0.50  2
269.333 0.00  8
269.764 0.00  4
270.197 0.50  2
271.059 0.50  2
271.622 0.00  8
272.040 0.00  4
272.458 1.00  2
273.851 0.00  8
274.269 0.00  4
274.687 1.00  2
276.106 0.00  1
276.679 0.00  1
277.097 0.00  2
277.515 0.00  1
277.797 0.50  4
278.366 0.00  1
278.935 0.00  1
279.361 0.00  2
279.788 0.00  1
280.075 0.50  4
280.647 0.00  1
281.209 0.00  1
281.630 0.00  2
282.051 0.00  1
282.331 0.50  4
282.893 0.00  1
283.454 0.00  1
283.875 0.00  2
284.296 0.00  1
284.577 0.50  4
285.145 0.00  8
285.580 0.00  4
286.275 0.00  2
286.831 0.50  12
287.386 0.00  8
287.803 0.00  4
288.498 0.00  2
289.057 0.00  12
289.342 0.00  12
289.626 0.00  8
290.053 0.00  4
290.763 0.00  2
291.332 0.00  12
291.617 0.00  12
291.900 0.00  8
292.324 0.00  4
293.031 0.00  2
293.576 1.00  12
294.924 0.00  16
294.924 0.00  16

999 0 0