3.999 0.50  8
4.570 0.00  1
4.719 0.00  2
4.867 0.00  2
5.016 0.00  4
5.461 0.00  12
5.907 0.00  12
6.055 0.00  12
6.352 0.00  8
6.499 0.00  4
6.645 0.00  2
6.937 0.00  1
7.083 0.00  2
7.229 0.00  2
7.375 0.00  4
7.818 0.00  12
8.264 0.00  12
8.413 0.00  12
8.710 0.00  8
8.860 0.00  4
9.011 0.00  2
9.312 0.00  1
9.460 0.00  2
9.608 0.00  2
9.756 0.00  4
10.197 0.00  12
10.636 0.00  12
10.782 0.00  12
11.075 0.00  8
11.217 0.00  4
11.359 0.00  2
11.643 0.00  8
11.786 0.00  4
11.929 0.00  2
12.216 0.00  1
12.504 0.00  1
12.648 0.00  2
12.793 0.00  1
13.240 0.00  4
13.389 0.00  2
13.538 0.00  2
13.687 0.00  8
14.135 0.00  1
14.284 0.00  1
14.582 0.00  2
14.731 0.00  4
14.881 0.00  1
15.030 0.00  1
15.179 0.00  1
15.325 0.00  2
15.471 0.00  2
15.617 0.00  4
15.909 0.00  2
16.055 0.00  8
16.493 0.00  1
16.639 0.00  1
16.931 0.00  2
17.004 0.00  4
17.223 0.00  1
17.369 0.00  1
17.515 0.00  1
17.660 0.00  2
17.805 0.00  2
17.949 0.00  4
18.384 0.50  12
19.252 0.00  1
19.541 0.00  1
19.686 0.00  1
19.831 0.00  1
19.975 0.00  2
20.120 0.00  2
20.265 0.00  4
20.699 0.50  12
21.567 0.00  1
21.854 0.00  1
21.998 0.00  1
22.141 0.00  1
22.285 0.00  2
22.429 0.00  2
22.573 0.00  4
23.005 0.50  12
23.580 0.00  1
23.724 0.00  1
23.868 0.00  1
24.013 0.00  1
24.448 0.00  1
24.593 0.00  2
24.738 0.00  2
24.883 0.00  4
25.318 0.50  12
25.898 0.00  1
26.043 0.00  1
26.188 0.00  1
26.333 0.00  1
26.770 0.00  1
26.918 0.00  2
27.066 0.00  2
27.214 0.00  4
27.658 0.50  12
28.250 0.00  8
28.546 0.00  2
28.838 0.00  1
28.984 0.00  1
29.130 0.00  1
29.275 0.00  2
29.420 0.00  2
29.565 0.00  4
30.000 0.50  12
30.579 0.00  8
30.869 0.00  2
31.159 0.00  1
31.304 0.00  1
31.448 0.00  1
31.590 0.00  2
31.731 0.00  2
31.873 0.00  4
32.304 0.50  12
32.884 0.00  1
33.029 0.00  1
33.174 0.00  1
33.317 0.00  1
33.746 0.00  1
33.889 0.00  2
34.032 0.00  2
34.175 0.00  4
34.609 0.50  12
35.189 0.00  1
35.334 0.00  1
35.479 0.00  1
35.623 0.00  1
36.054 0.00  1
36.198 0.00  2
36.343 0.00  2
36.488 0.00  4
36.922 0.50  12
37.500 0.00  8
37.790 0.00  2
38.368 0.00  1
38.513 0.00  2
38.657 0.00  2
38.802 0.00  4
39.240 0.50  12
39.827 0.00  2
40.120 0.00  2
40.702 0.00  1
40.847 0.00  2
40.991 0.00  2
41.135 0.00  4
41.568 0.50  12
42.145 0.00  1
42.290 0.00  1
42.434 0.00  1
42.578 0.00  1
43.008 0.00  1
43.152 0.00  2
43.296 0.00  2
43.439 0.00  4
43.872 0.50  12
44.739 0.00  1
44.881 0.00  1
45.309 0.00  1
45.456 0.00  2
45.602 0.00  2
45.749 0.00  4
46.188 0.50  12
47.067 0.50  4
47.653 0.00  1
47.800 0.00  2
47.946 0.00  2
48.093 0.00  4
48.532 0.50  12
49.412 0.00  8
49.711 0.00  1
49.861 0.00  1
50.010 0.00  1
50.155 0.00  2
50.300 0.00  2
50.445 0.00  4
50.881 0.50  12
51.753 0.00  2
52.048 0.00  2
52.196 0.00  2
52.344 0.00  8
52.489 0.00  4
52.635 0.00  2
52.926 0.00  1
53.217 0.00  1
53.362 0.00  2
53.508 0.00  1
53.953 0.00  6
54.396 0.00  12
54.543 0.50  12
55.279 0.00  4
55.426 0.00  2
55.574 0.00  1
55.868 0.00  8
56.310 0.00  6
56.751 0.00  12
57.192 0.00  12
57.338 0.00  12
57.632 0.00  8
57.779 0.00  4
57.926 0.00  2
58.219 0.00  4
58.650 0.00  6
59.083 0.50  12
59.952 0.00  4
60.097 0.00  2
60.242 0.00  1
60.530 0.00  8
60.672 0.00  4
60.814 0.00  2
61.097 0.00  1
61.380 0.00  1
61.522 0.00  2
61.665 0.50  1
62.545 1.00  3
64.011 0.00  16
64.449 0.00  8
64.888 0.50  6
65.472 0.50  2
66.275 0.00  2
66.714 0.00  2
67.152 0.50  2
68.102 0.50  12
68.685 0.00  16
69.112 0.00  8
69.539 1.00  12
70.891 0.00  4
71.318 0.00  4
71.743 0.50  4
72.661 0.50  12
73.221 0.00  16
73.656 0.00  8
74.091 0.50  6
74.670 0.50  2
75.467 0.00  2
75.902 0.00  2
76.402 0.50  2
77.252 0.50  12
77.820 0.00  16
78.247 0.00  8
78.673 1.00  12
80.015 0.00  4
80.434 0.00  4
80.919 0.50  4
81.745 0.50  12
82.298 0.00  16
82.732 0.00  8
83.166 0.50  6
83.744 0.50  2
84.756 0.00  8
85.045 1.00  4
86.346 0.50  12
86.914 0.00  16
87.337 0.00  8
87.759 1.00  12
89.169 0.00  16
89.592 0.00  8
90.015 1.00  12
91.419 0.00  16
91.848 0.00  8
92.277 1.00  12
93.707 0.00  1
93.849 0.00  2
93.991 0.00  2
94.132 0.00  4
94.563 0.50  12
95.427 0.00  1
95.715 0.00  1
95.858 0.00  1
96.002 0.00  1
96.146 0.00  2
96.290 0.00  2
96.434 0.00  4
96.860 0.50  12
97.427 0.00  8
97.711 0.00  2
98.002 0.00  1
98.289 0.00  1
98.561 0.00  1
98.697 0.00  1
98.837 0.00  8
99.128 0.50  2
99.710 0.00  2
100.000 0.00  4
100.143 0.00  2
100.287 0.00  1
100.573 0.00  2
100.859 0.00  1
101.146 0.00  8
101.435 0.50  4
102.900 0.00  1
103.045 0.00  2
103.189 0.00  2
103.334 0.00  4
103.767 0.50  12
104.345 0.00  2
104.634 0.00  1
104.923 0.00  1
105.214 0.00  1
105.362 0.00  2
105.511 0.00  2
105.659 0.00  4
106.096 0.50  12
106.674 0.00  2
106.962 0.00  2
107.246 0.00  2
110.433 0.00  8
110.723 0.00  2
110.869 0.50  4
111.594 0.50  2
112.175 0.00  1
112.321 0.00  2
112.468 0.00  2
112.614 0.00  4
113.054 0.50  12
113.933 0.00  12
114.518 0.00  1
114.665 0.00  2
114.811 0.00  2
114.958 0.00  4
115.397 0.50  12
116.274 0.00  1
116.567 0.00  1
116.713 0.00  1
116.858 0.00  1
117.144 0.00  2
117.288 0.00  2
117.431 0.00  8
117.717 0.50  8
118.576 0.00  8
118.862 0.00  8
119.005 0.00  4
119.148 0.00  2
119.433 0.00  2
119.576 0.00  1
119.719 0.00  4
120.005 0.00  1
120.148 0.00  1
120.290 0.50  2
120.862 0.50  4
121.436 0.00  1
121.583 0.00  2
121.731 0.00  2
121.878 0.00  4
122.321 0.50  12
123.207 0.00  12
123.502 0.00  1
123.798 0.00  1
123.945 0.00  2
124.093 0.00  2
124.241 0.00  4
124.684 0.50  12
125.568 0.00  4
125.858 0.00  2
126.003 0.00  1
126.148 0.00  4
126.341 0.00  4
126.535 0.00  1
126.728 0.00  1
126.921 0.00  1
127.115 0.00  2
127.308 0.00  2
127.501 0.00  4
127.695 0.00  4
127.888 0.00  4
128.081 0.00  8
128.275 0.00  8
129.464 0.00  4
129.608 2.00  8
131.918 0.00  16
132.354 0.00  8
132.790 0.50  6
133.371 0.50  2
134.170 0.00  2
134.605 0.50  2
135.114 0.50  2
135.985 0.50  12
136.565 0.00  16
136.994 0.00  8
137.423 1.00  12
138.781 0.00  4
139.210 0.00  4
139.711 0.50  4
140.569 0.50  12
141.141 0.00  16
141.568 0.00  8
141.994 0.50  6
142.563 0.50  2
143.345 0.00  2
143.771 0.00  2
144.269 0.50  2
145.122 0.50  12
145.690 0.00  16
146.113 0.00  8
146.536 1.00  12
147.875 0.00  4
148.298 0.00  4
148.787 0.50  4
149.623 0.50  12
150.183 0.00  16
150.615 0.00  8
151.047 0.50  6
151.624 0.50  2
152.200 0.00  2
152.344 0.00  2
152.632 0.00  8
152.920 1.00  4
154.216 0.50  12
154.792 0.00  16
155.220 0.00  8
155.648 1.00  12
157.077 0.00  4
157.219 0.00  4
157.362 0.00  4
157.505 0.00  4
157.782 0.00  8
158.194 0.00  4
158.332 0.00  4
158.469 0.00  4
158.607 0.00  4
158.882 0.00  8
159.298 0.00  16
159.727 0.00  8
160.155 0.50  6
160.727 1.00  2
161.941 0.00  2
162.441 0.50  2
163.294 0.50  12
163.847 0.00  16
164.277 0.00  8
164.707 0.50  4
165.568 0.00  4
166.137 0.00  16
166.549 0.00  8
166.961 1.00  12
168.333 0.00  16
168.745 0.00  8
169.157 1.00  12
170.533 0.00  16
170.961 0.00  8
171.389 1.00  12
172.818 0.00  1
172.966 0.00  1
173.113 0.00  1
173.260 0.00  1
173.404 0.00  1
173.547 0.00  2
173.690 0.00  4
173.833 0.00  4
174.119 0.00  1
174.262 0.00  1
174.405 0.00  1
174.548 0.50  8
175.119 0.00  1
175.262 0.00  1
175.405 0.00  1
175.548 0.00  1
175.691 0.00  1
175.834 0.00  2
175.977 0.00  4
176.120 0.00  4
176.406 0.00  1
176.549 0.00  1
176.692 0.00  1
176.835 0.50  8
177.402 0.00  1
177.540 0.00  1
177.678 0.00  1
177.816 0.00  1
177.955 0.00  1
178.095 0.00  2
178.234 0.00  4
178.374 0.00  4
178.653 0.00  1
178.792 0.00  1
178.932 0.00  1
179.070 0.50  8
179.619 0.00  1
179.756 0.00  1
179.893 0.00  1
180.030 0.00  1
180.168 0.00  1
180.305 0.00  2
180.442 0.00  4
180.580 0.00  4
180.854 0.00  1
180.991 0.00  1
181.129 0.00  1
181.266 0.50  8
181.815 0.50  8
182.368 0.00  8
182.645 0.00  8
182.784 0.00  8
183.201 0.00  8
183.666 0.00  8
184.038 0.00  8
184.594 0.00  8
185.414 0.00  2
185.551 0.00  2
185.692 0.00  2
185.976 0.00  2
186.119 0.00  2
186.256 0.00  8
186.664 0.00  8
187.489 0.00  8
187.627 0.00  4
187.902 0.00  8
188.039 0.00  4
188.177 0.00  2
188.452 0.00  4
188.589 0.00  8
188.726 0.00  4
189.001 0.00  4
190.375 0.00  2
190.513 0.00  2
190.647 0.00  2
190.915 0.00  8
191.048 0.00  4
191.183 0.00  8
191.454 0.00  4
191.590 0.00  2
191.725 0.00  4
191.996 0.00  2
192.550 0.00  8
192.830 0.00  4
193.110 0.00  2
193.387 0.00  4
193.660 0.00  2
193.932 0.00  1
194.204 0.50  1
194.749 0.00  1
194.885 0.00  1
195.022 0.00  1
195.297 0.00  4
195.709 0.00  4
196.121 0.00  4
196.534 0.00  4
196.671 0.00  2
196.946 0.00  1
197.221 0.00  4
197.495 0.00  4
197.633 0.00  8
197.770 0.00  4
198.045 0.00  2
198.182 0.50  8
198.869 0.00  8
200.671 0.00  8
201.089 0.00  12
201.229 0.00  12
201.369 0.00  12
201.509 0.00  12
201.855 0.00  8
202.276 0.00  4
202.415 0.00  2
202.835 0.00  8
203.115 0.00  4
203.255 0.00  2
205.887 0.00  4
206.008 0.00  4
206.147 4.00  16
210.254 0.00  2
210.392 0.00  2
210.575 0.00  4
212.836 1.50  8
214.762 0.00  4
214.903 0.00  8
217.185 0.00  4
217.295 0.00  1
217.430 0.00  2
217.565 0.00  2
217.704 0.00  4
217.987 0.00  2
219.298 0.00  8
219.532 0.00  1
219.671 0.00  2
219.810 0.00  2
219.951 0.00  4
220.241 0.00  2
220.881 0.00  16
221.395 0.00  8
221.824 0.00  1
221.964 0.00  2
222.105 0.00  2
222.246 0.00  4
222.531 0.00  2
223.857 0.00  8
224.094 0.00  1
224.236 0.00  2
224.378 0.00  2
224.520 0.00  4
224.807 0.00  2
225.441 0.00  16
225.946 0.00  8
226.366 0.00  1
226.505 0.00  2
226.643 0.00  2
226.782 0.00  4
227.064 0.00  2
227.206 0.00  8
227.630 0.00  16
227.912 0.00  8
228.537 0.00  16
228.618 0.00  1
228.759 0.00  2
228.901 0.00  2
229.042 0.00  4
229.325 0.00  2
229.466 0.50  16
230.466 0.00  16
230.611 0.00  16
230.898 0.00  1
231.041 0.00  2
231.183 0.00  2
231.326 0.00  4
231.611 0.00  2
231.754 0.00  8
232.181 0.00  16
232.466 0.00  8
233.097 0.00  16
233.179 0.00  1
233.322 0.00  2
233.464 0.00  2
233.607 0.00  4
233.750 0.00  2
234.035 0.00  8
234.460 0.50  16
235.033 0.00  8
235.461 0.00  16
235.895 0.00  8
236.823 0.00  6
237.542 0.00  2
238.061 0.00  2
238.567 0.00  2
239.413 0.00  2
239.995 0.00  12
240.076 0.00  16
240.501 0.00  8
242.518 0.00  12
243.118 0.00  4
243.948 0.00  4
244.520 0.00  12
244.601 0.00  16
245.027 0.00  8
245.936 0.00  6
246.641 0.00  2
247.151 0.00  2
247.646 0.00  2
248.477 0.00  2
249.045 0.00  12
249.123 0.00  16
249.534 0.00  8
251.620 0.00  12
251.791 0.00  4
252.886 0.00  4
253.450 0.00  12
253.532 0.00  16
253.968 0.00  8
254.897 0.00  6
255.618 0.00  16
255.994 0.00  8
257.453 0.00  4
258.032 0.00  12
258.112 0.00  16
258.538 0.00  8
260.281 0.00  12
260.379 0.00  4
260.520 0.00  4
260.662 0.00  4
260.801 0.00  4
261.076 0.00  4
261.886 0.00  4
262.037 0.00  4
262.312 0.00  4
262.452 0.00  4
262.593 0.00  16
263.019 0.00  8
263.931 0.00  6
264.638 0.00  2
265.168 0.00  2
265.647 0.00  2
266.449 0.00  2
267.024 0.00  12
267.106 0.00  16
267.537 0.00  8
268.742 0.00  12
269.116 0.00  4
269.260 0.00  4
269.402 0.00  16
269.833 0.00  8
271.042 0.00  12
271.411 0.00  4
271.551 0.00  4
271.689 0.00  16
272.107 0.00  8
273.823 0.00  12
273.918 0.00  16
274.336 0.00  8
276.076 0.00  12
276.177 0.00  1
276.322 0.00  1
276.467 0.00  1
276.608 0.00  1
276.747 0.00  1
276.887 0.00  2
277.026 0.00  4
277.165 0.00  4
277.444 0.00  1
277.583 0.00  1
277.724 0.00  1
278.354 0.00  8
278.435 0.00  1
278.577 0.00  1
278.719 0.00  1
278.862 0.00  1
279.004 0.00  1
279.146 0.00  2
279.288 0.00  4
279.430 0.00  4
279.715 0.00  1
279.857 0.00  1
280.001 0.00  1
280.635 0.00  8
280.716 0.00  1
280.857 0.00  1
280.997 0.00  1
281.137 0.00  1
281.278 0.00  1
281.418 0.00  2
281.558 0.00  4
281.699 0.00  4
281.979 0.00  1
282.120 0.00  1
282.260 0.00  1
282.880 0.00  8
282.962 0.00  1
283.102 0.00  1
283.243 0.00  1
283.383 0.00  1
283.523 0.00  1
283.664 0.00  2
283.804 0.00  4
283.944 0.00  4
284.225 0.00  1
284.365 0.00  1
284.506 0.00  1
285.132 0.00  16
285.507 0.00  4
285.695 0.00  8
286.065 0.00  4
286.204 0.00  2
286.343 0.00  2
286.481 0.00  4
286.899 0.00  12
287.664 0.00  4
287.849 0.00  8
288.220 0.00  4
288.359 0.00  2
288.498 0.00  2
288.637 0.00  4
289.057 0.00  12
289.200 0.00  12
289.342 0.00  12
289.979 0.00  4
290.171 0.00  8
290.548 0.00  4
290.690 0.00  2
290.832 0.00  2
290.974 0.00  4
291.401 0.00  12
291.543 0.00  12
291.686 0.00  12
291.828 0.00  12
292.183 0.00  4
292.324 0.00  8
292.748 0.00  4
293.031 0.00  8
293.172 0.00  8
293.313 0.00  8
293.451 0.00  8
293.576 1.00  16
294.924 0.00  16

999 0 0