4.643 0.00  1
4.792 0.00  2
4.940 0.00  2
5.089 0.00  4
5.237 0.00  2
5.386 0.00  2
5.534 0.00  12
5.980 0.00  12
6.128 0.00  12
6.499 0.00  8
6.645 0.00  4
6.791 0.00  2
6.937 0.00  1
7.083 0.00  2
7.229 0.00  2
7.375 0.00  4
7.521 0.00  2
7.670 0.00  2
7.818 0.00  12
8.264 0.00  12
8.413 0.00  12
8.933 0.00  8
9.084 0.00  4
9.234 0.00  2
9.384 0.00  1
9.532 0.00  2
9.680 0.00  2
9.828 0.00  4
9.976 0.00  2
10.122 0.00  2
10.269 0.00  12
10.708 0.00  12
10.854 0.00  12
11.217 0.00  8
11.359 0.00  4
11.501 0.00  2
11.786 0.00  8
11.929 0.00  4
12.073 0.00  2
12.216 0.00  4
12.360 0.00  1
12.504 0.00  2
12.648 0.00  4
12.793 0.00  1
13.240 0.00  4
13.389 0.00  2
13.538 0.00  2
13.687 0.00  8
14.135 0.00  8
14.284 0.00  1
14.582 0.00  2
14.731 0.00  4
14.881 0.00  1
15.030 0.00  1
15.179 0.00  1
15.325 0.00  2
15.471 0.00  2
15.617 0.00  4
15.763 0.00  2
15.909 0.00  2
16.055 0.00  8
16.493 0.00  1
16.639 0.00  1
16.931 0.00  2
17.077 0.00  4
17.223 0.00  1
17.369 0.00  1
17.515 0.00  1
17.660 0.00  2
17.805 0.00  2
17.949 0.00  4
18.094 0.00  2
18.239 0.00  2
18.384 0.50  12
19.252 0.00  2
19.541 0.00  2
19.686 0.00  2
19.831 0.00  1
19.975 0.00  2
20.120 0.00  2
20.265 0.00  4
20.409 0.00  2
20.554 0.00  2
20.699 0.50  12
21.567 0.00  2
21.854 0.00  2
21.998 0.00  2
22.141 0.00  1
22.285 0.00  2
22.429 0.00  2
22.573 0.00  4
22.717 0.00  2
22.861 0.00  2
23.005 0.50  12
23.580 0.00  2
23.724 0.00  2
23.868 0.00  2
24.013 0.00  2
24.303 0.00  2
24.448 0.00  1
24.593 0.00  2
24.738 0.00  2
24.883 0.00  4
25.028 0.00  2
25.173 0.00  2
25.318 0.50  12
25.898 0.00  2
26.043 0.00  2
26.188 0.00  2
26.333 0.00  2
26.624 0.00  2
26.770 0.00  1
26.918 0.00  2
27.066 0.00  2
27.214 0.00  4
27.362 0.00  2
27.510 0.00  2
27.658 0.50  12
28.617 0.00  4
28.909 0.00  2
29.055 0.00  2
29.201 0.00  1
29.346 0.00  2
29.491 0.00  2
29.636 0.00  4
29.781 0.00  2
29.926 0.00  2
30.567 0.00  12
30.869 0.00  4
31.159 0.00  1
31.304 0.00  1
31.448 0.00  1
31.590 0.00  2
31.731 0.00  2
31.873 0.00  4
32.014 0.00  2
32.159 0.00  2
32.304 0.50  12
32.884 0.00  2
33.029 0.00  2
33.174 0.00  2
33.317 0.00  2
33.603 0.00  2
33.746 0.00  1
33.889 0.00  2
34.032 0.00  2
34.175 0.00  4
34.318 0.00  2
34.463 0.00  2
34.609 0.50  12
35.189 0.00  2
35.334 0.00  2
35.479 0.00  2
35.623 0.00  2
35.910 0.00  2
36.054 0.00  1
36.198 0.00  2
36.343 0.00  2
36.488 0.00  4
36.632 0.00  2
36.777 0.00  2
36.922 0.50  12
37.861 0.00  4
38.150 0.00  2
38.295 0.00  2
38.439 0.00  1
38.584 0.00  2
38.728 0.00  2
38.873 0.00  4
39.019 0.00  2
39.166 0.00  2
39.814 0.00  12
40.191 0.00  2
40.482 0.00  2
40.628 0.00  2
40.772 0.00  1
40.917 0.00  2
41.061 0.00  2
41.205 0.00  4
41.350 0.00  2
41.494 0.00  2
42.133 0.00  12
42.215 0.00  2
42.360 0.00  2
42.504 0.00  2
42.648 0.00  2
42.935 0.00  2
43.078 0.00  1
43.222 0.00  2
43.366 0.00  2
43.509 0.00  4
43.654 0.00  2
43.799 0.00  2
44.437 0.00  12
44.809 0.00  2
44.951 0.00  2
45.236 0.00  2
45.381 0.00  1
45.528 0.00  2
45.674 0.00  2
45.821 0.00  4
45.967 0.00  2
46.114 0.00  2
46.761 0.00  12
47.139 0.00  8
47.432 0.00  2
47.579 0.00  2
47.725 0.00  1
47.872 0.00  2
48.018 0.00  2
48.165 0.00  4
48.311 0.00  2
48.458 0.00  2
49.105 0.00  12
49.711 0.00  2
49.861 0.00  2
50.010 0.00  1
50.155 0.00  2
50.300 0.00  2
50.445 0.00  4
50.590 0.00  2
50.736 0.00  2
50.881 0.50  12
51.753 0.00  4
52.048 0.00  4
52.196 0.00  4
52.489 0.00  8
52.635 0.00  4
52.780 0.00  2
52.926 0.00  4
53.071 0.00  1
53.217 0.00  2
53.362 0.00  4
53.508 0.00  1
53.805 0.00  2
53.953 0.00  6
54.249 0.00  2
54.396 0.00  12
54.543 0.50  12
55.279 0.00  4
55.426 0.00  2
55.574 0.00  1
55.721 0.00  2
55.868 0.00  8
56.162 0.00  2
56.310 0.00  6
56.604 0.00  2
56.751 0.00  12
57.192 0.00  12
57.338 0.00  12
57.632 0.00  8
57.779 0.00  4
57.926 0.00  2
58.073 0.00  4
58.219 0.00  2
58.315 0.00  4
58.411 0.00  8
58.506 0.00  2
58.650 0.00  4
58.938 0.00  2
59.083 0.50  12
59.662 0.00  4
59.807 0.00  4
59.952 0.00  8
60.097 0.00  4
60.242 0.00  2
60.386 0.00  1
60.672 0.00  8
60.814 0.00  4
60.955 0.00  2
61.097 0.00  4
61.239 0.00  1
61.380 0.00  2
61.522 0.00  4
61.665 0.50  1
62.545 1.00  5
64.011 0.00  16
64.449 0.00  12
64.888 0.50  10
65.472 0.50  6
66.275 0.00  1
66.349 0.00  2
66.714 0.00  1
66.787 0.00  2
67.152 0.00  1
67.225 0.50  2
68.102 0.50  10
68.685 0.00  16
69.112 0.00  8
69.539 1.00  12
70.891 0.00  2
70.962 0.00  4
71.318 0.00  2
71.389 0.00  4
71.743 0.00  2
71.814 0.00  4
72.096 0.00  4
72.285 0.00  4
72.473 0.00  4
72.661 0.00  12
72.941 0.00  4
73.221 0.00  16
73.656 0.00  12
74.091 0.50  10
74.670 0.50  6
75.467 0.00  1
75.540 0.00  2
75.902 0.00  1
75.974 0.00  2
76.331 0.00  1
76.402 0.50  2
77.252 0.50  10
77.820 0.00  16
78.247 0.00  8
78.673 1.00  12
80.015 0.00  2
80.085 0.00  4
80.434 0.00  2
80.504 0.00  4
80.850 0.00  2
80.919 0.50  4
81.745 0.50  12
82.298 0.00  16
82.732 0.00  12
83.166 0.50  10
83.744 0.50  6
84.612 0.00  8
84.829 0.00  8
85.045 1.00  4
86.346 0.50  12
86.914 0.00  16
87.337 0.00  8
87.759 1.00  12
89.169 0.00  16
89.592 0.00  8
90.015 1.00  12
91.139 0.00  4
91.278 0.00  4
91.419 0.00  16
91.848 0.00  8
92.277 1.00  12
93.707 0.00  1
93.849 0.00  2
93.991 0.00  2
94.132 0.00  4
94.275 0.00  2
94.419 0.00  2
94.563 0.50  12
95.427 0.00  2
95.715 0.00  2
95.858 0.00  2
96.002 0.00  1
96.146 0.00  2
96.290 0.00  2
96.434 0.00  4
96.577 0.00  2
96.719 0.00  2
96.860 0.50  12
97.782 0.00  4
98.073 0.00  1
98.218 0.00  1
98.355 0.00  4
98.627 0.00  1
98.763 0.00  1
98.908 0.00  8
99.697 0.00  2
99.781 0.00  2
100.070 0.00  4
100.213 0.00  2
100.357 0.00  1
100.643 0.00  4
100.929 0.00  1
101.072 0.00  1
101.216 0.00  8
102.142 0.50  16
102.971 0.00  1
103.116 0.00  2
103.260 0.00  2
103.405 0.00  4
103.549 0.00  2
103.694 0.00  2
104.332 0.00  12
104.705 0.00  1
104.849 0.00  2
104.994 0.00  1
105.138 0.00  1
105.287 0.00  1
105.435 0.00  2
105.584 0.00  2
105.732 0.00  4
105.877 0.00  2
106.022 0.00  2
106.662 0.00  12
106.745 0.00  1
107.031 0.00  1
107.315 0.00  2
107.457 0.00  2
107.603 1.50  16
109.634 0.50  16
110.504 0.00  8
110.649 0.00  4
110.794 0.00  2
111.579 0.00  4
112.162 0.00  2
112.247 0.00  1
112.393 0.00  2
112.540 0.00  2
112.686 0.00  4
112.833 0.00  2
112.979 0.00  2
113.627 0.00  12
114.005 0.00  12
114.297 0.00  1
114.444 0.00  1
114.590 0.00  1
114.737 0.00  2
114.883 0.00  2
115.030 0.00  4
115.175 0.00  2
115.322 0.00  2
115.969 0.00  12
116.345 0.00  2
116.638 0.00  2
116.784 0.00  2
116.928 0.00  1
117.214 0.00  4
117.358 0.00  16
117.787 0.50  16
118.789 0.00  16
119.075 0.00  8
119.218 0.00  4
119.360 0.00  2
119.503 0.00  8
119.646 0.00  4
119.718 0.00  2
119.789 0.00  4
119.932 0.00  2
120.075 0.00  1
120.218 0.00  1
120.849 0.00  2
121.423 0.00  4
121.508 0.00  1
121.655 0.00  2
121.803 0.00  2
121.950 0.00  4
122.098 0.00  2
122.246 0.00  2
123.189 0.00  12
123.279 0.00  12
123.574 0.00  2
123.722 0.00  2
123.870 0.00  1
124.017 0.00  2
124.165 0.00  2
124.313 0.00  4
124.460 0.00  2
124.608 0.00  2
125.551 0.00  12
125.639 0.00  8
125.784 0.00  4
125.929 0.00  2
126.074 0.00  1
126.219 0.00  4
126.412 0.00  4
126.606 0.00  1
126.799 0.00  1
126.992 0.00  1
127.186 0.00  2
127.379 0.00  2
127.572 0.00  4
127.766 0.00  4
127.959 0.00  4
128.152 0.00  8
128.346 1.00  16
129.534 0.00  4
131.730 0.00  8
131.988 0.00  16
132.425 0.00  12
133.358 0.00  10
134.082 0.00  6
134.241 0.00  1
134.605 0.00  2
134.676 0.00  1
135.041 0.00  2
135.112 0.00  1
135.967 0.00  2
136.552 0.00  10
136.634 0.00  16
137.064 0.00  8
138.683 0.00  12
138.851 0.00  2
139.209 0.00  4
139.280 0.00  2
139.638 0.00  4
139.709 0.00  2
140.551 0.00  4
141.129 0.00  12
141.209 0.00  16
141.637 0.00  12
142.550 0.00  10
143.259 0.00  6
143.414 0.00  1
143.771 0.00  2
143.840 0.00  1
144.197 0.00  2
144.267 0.00  1
145.104 0.00  2
145.678 0.00  10
145.758 0.00  16
146.182 0.00  8
147.779 0.00  12
147.944 0.00  2
148.298 0.00  4
148.367 0.00  2
148.717 0.00  4
148.786 0.00  2
149.605 0.00  4
150.171 0.00  12
150.252 0.00  16
150.685 0.00  12
151.611 0.00  10
152.188 0.00  6
152.270 0.00  2
152.414 0.00  2
152.558 0.00  16
152.774 0.00  8
154.189 0.00  4
154.779 0.00  12
154.861 0.00  16
155.289 0.00  8
157.047 0.00  12
157.147 0.00  4
157.289 0.00  4
157.432 0.00  4
157.574 0.00  4
157.849 0.00  16
158.261 0.00  4
158.399 0.00  4
158.536 0.00  4
158.674 0.00  4
158.949 0.00  16
159.367 0.00  16
159.797 0.00  12
160.714 0.00  10
161.847 0.00  6
162.011 0.00  1
162.369 0.00  2
162.439 0.00  1
163.277 0.00  2
163.835 0.00  10
163.917 0.00  16
164.347 0.00  8
165.550 0.00  12
165.638 0.00  4
165.925 0.00  4
166.067 0.00  4
166.204 0.00  16
166.616 0.00  8
167.768 0.00  12
167.851 0.00  4
168.126 0.00  4
168.263 0.00  4
168.400 0.00  16
168.812 0.00  8
170.504 0.00  12
170.603 0.00  16
171.031 0.00  8
172.789 0.00  12
172.890 0.00  1
173.038 0.00  1
173.185 0.00  1
173.331 0.00  1
173.474 0.00  1
173.617 0.00  2
173.760 0.00  4
173.903 0.00  4
174.046 0.00  1
174.189 0.00  1
174.332 0.00  1
174.475 0.00  1
175.107 0.00  12
175.189 0.00  1
175.332 0.00  1
175.475 0.00  1
175.618 0.00  1
175.761 0.00  1
175.904 0.00  2
176.047 0.00  4
176.190 0.00  4
176.333 0.00  1
176.476 0.00  1
176.619 0.00  1
176.762 0.00  1
177.391 0.00  12
177.469 0.00  1
177.607 0.00  1
177.745 0.00  1
177.884 0.00  1
178.023 0.00  1
178.163 0.00  2
178.302 0.00  4
178.442 0.00  4
178.581 0.00  1
178.721 0.00  1
178.860 0.00  1
179.000 0.00  1
179.607 0.00  12
179.686 0.00  1
179.823 0.00  1
179.960 0.00  1
180.097 0.00  1
180.235 0.00  1
180.372 0.00  2
180.509 0.00  4
180.647 0.00  4
180.784 0.00  1
180.921 0.00  1
181.058 0.00  1
181.196 0.00  1
181.333 0.00  12
182.355 0.00  8
182.436 0.00  8
182.713 0.00  8
183.200 0.00  8
183.618 0.00  8
184.038 0.00  8
184.456 0.00  8
184.523 0.00  2
184.661 0.00  8
184.797 0.50  16
185.481 0.00  2
185.619 0.00  2
185.761 0.00  2
185.903 0.00  2
186.045 0.00  6
186.187 0.00  6
186.322 0.00  16
186.731 0.50  16
187.556 0.00  8
187.694 0.00  4
187.832 0.00  2
187.969 0.00  8
188.106 0.00  4
188.175 0.00  2
188.244 0.00  1
188.381 0.00  1
188.519 0.00  2
188.656 0.00  4
188.793 0.00  2
188.931 0.00  1
189.068 0.00  2
189.206 0.00  4
189.343 0.00  2
190.222 0.00  8
190.305 0.00  4
190.442 0.00  1
190.579 0.00  1
190.712 0.00  2
190.846 0.00  8
190.980 0.00  4
191.047 0.00  2
191.114 0.00  1
191.249 0.00  8
191.385 0.00  8
191.520 0.00  4
191.588 0.00  2
191.656 0.00  1
191.791 0.00  4
191.926 0.00  2
191.994 0.00  1
192.062 0.00  4
192.198 0.00  2
192.338 0.00  8
192.478 0.00  4
192.618 0.00  2
192.758 0.00  1
192.898 0.00  8
193.038 0.00  4
193.178 0.00  2
193.317 0.00  4
193.453 0.00  8
193.589 0.00  4
193.726 0.00  2
193.862 0.00  1
193.998 0.00  2
194.134 0.00  4
194.737 0.00  2
194.815 0.00  1
194.952 0.00  1
195.089 0.00  2
195.227 0.00  4
195.364 0.00  8
195.501 0.00  2
195.639 0.00  4
195.776 0.00  8
195.914 0.00  2
196.051 0.00  4
196.188 0.00  8
196.326 0.00  2
196.463 0.00  4
196.601 0.00  8
196.738 0.00  2
196.875 0.00  1
197.013 0.00  2
197.150 0.00  4
197.288 0.00  8
197.562 0.00  16
197.837 0.00  8
197.974 0.00  4
198.112 0.50  16
199.004 0.00  8
199.279 0.50  16
200.183 0.00  16
200.739 0.00  8
201.017 0.00  12
201.157 0.00  12
201.297 0.00  12
201.437 0.00  12
201.577 0.00  12
201.788 0.00  8
202.208 0.00  4
202.348 0.00  2
202.767 0.00  8
202.907 0.00  4
203.047 0.00  2
203.187 0.00  1
203.327 0.50  2
204.293 1.50  16
205.940 0.00  2
206.079 0.00  16
206.356 1.00  16
207.743 0.50  16
210.232 0.00  2
210.370 0.00  2
210.508 0.00  4
210.646 2.00  8
214.693 0.00  6
214.834 0.00  12
214.974 2.00  6
217.229 0.00  1
217.364 0.00  2
217.499 0.00  2
217.635 0.00  4
217.776 0.00  2
217.918 0.00  2
218.059 1.00  8
219.464 0.00  1
219.603 0.00  2
219.742 0.00  2
219.881 0.00  4
220.025 0.00  2
220.170 0.00  2
220.315 0.50  8
221.326 0.00  8
221.755 0.00  1
221.895 0.00  2
222.036 0.00  2
222.176 0.00  4
222.319 0.00  2
222.461 0.00  2
222.604 1.00  8
224.025 0.00  1
224.167 0.00  2
224.309 0.00  2
224.450 0.00  4
224.593 0.00  2
224.737 0.00  2
224.880 0.50  8
225.878 0.00  8
226.298 0.00  1
226.437 0.00  2
226.575 0.00  2
226.713 0.00  4
226.854 0.00  2
226.996 0.00  2
227.137 0.00  8
227.561 0.00  16
227.843 0.00  8
227.984 0.00  16
228.267 0.00  16
228.408 0.00  16
228.549 0.00  1
228.690 0.00  2
228.832 0.00  2
228.973 0.00  4
229.114 0.00  2
229.256 0.00  2
229.397 0.00  8
230.395 0.00  16
230.540 0.00  16
230.685 0.00  16
230.828 0.00  1
230.971 0.00  2
231.113 0.00  2
231.256 0.00  4
231.398 0.00  2
231.541 0.00  2
231.684 0.00  8
232.111 0.00  16
232.396 0.00  8
232.539 0.50  16
233.109 0.00  1
233.252 0.00  2
233.394 0.00  2
233.537 0.00  4
233.680 0.00  2
233.822 0.00  2
233.965 0.00  8
234.392 0.00  8
234.820 0.00  16
234.963 0.00  12
235.105 0.00  12
235.392 0.00  16
235.825 0.00  12
236.258 0.50  10
236.835 0.50  6
237.629 0.00  1
237.701 0.00  2
238.062 0.00  1
238.134 0.00  2
238.495 0.00  1
238.567 0.50  2
239.433 0.50  10
240.008 0.00  16
240.432 0.00  8
240.856 1.50  12
242.624 0.00  2
242.695 0.00  4
243.048 0.00  2
243.119 0.50  4
243.967 0.50  12
244.533 0.00  16
244.958 0.00  12
245.382 0.50  10
245.948 0.50  6
246.727 0.00  1
246.798 0.00  2
247.151 0.00  1
247.222 0.00  2
247.576 0.00  1
247.647 0.50  2
248.496 0.50  10
249.057 0.00  16
249.467 0.00  8
249.878 1.50  12
251.725 0.00  2
251.794 0.00  4
252.002 0.00  2
252.071 0.50  4
252.902 0.50  12
253.463 0.00  16
253.897 0.00  12
254.331 0.50  10
254.910 0.50  6
255.777 0.00  8
255.994 0.00  8
256.211 1.00  4
257.480 0.50  12
258.044 0.00  16
258.469 0.00  8
258.894 1.00  12
260.310 0.00  4
260.451 0.00  4
260.593 0.00  4
260.734 0.00  4
261.009 0.00  4
261.146 0.00  4
261.284 0.50  4
261.970 0.00  4
262.108 0.00  4
262.245 0.00  12
262.383 0.00  12
262.525 0.00  16
262.950 0.00  12
263.376 0.50  10
263.943 0.50  6
264.727 0.00  1
264.800 0.00  2
265.168 0.00  1
265.240 0.00  2
265.579 0.00  1
265.647 0.50  2
266.468 0.50  10
267.037 0.00  16
267.467 0.00  8
267.898 0.50  12
268.759 0.00  4
269.046 0.00  12
269.190 0.00  12
269.333 0.00  16
269.764 0.00  8
270.197 0.50  12
271.059 0.00  4
271.342 0.00  12
271.483 0.00  12
271.622 0.00  16
272.040 0.00  8
272.458 1.00  12
273.851 0.00  16
274.269 0.00  8
274.687 0.50  12
275.529 0.00  4
275.673 0.00  4
275.817 0.00  4
275.961 0.00  4
276.106 0.00  1
276.251 0.00  1
276.396 0.00  1
276.540 0.00  1
276.679 0.00  1
276.819 0.00  2
276.958 0.00  4
277.097 0.00  4
277.236 0.00  1
277.376 0.00  1
277.515 0.00  1
277.655 0.00  1
277.797 0.50  12
278.366 0.00  1
278.508 0.00  1
278.650 0.00  1
278.793 0.00  1
278.935 0.00  1
279.077 0.00  2
279.219 0.00  4
279.361 0.00  4
279.504 0.00  1
279.646 0.00  1
279.788 0.00  1
279.931 0.00  1
280.075 0.50  12
280.647 0.00  1
280.788 0.00  1
280.928 0.00  1
281.068 0.00  1
281.209 0.00  1
281.349 0.00  2
281.489 0.00  4
281.630 0.00  4
281.770 0.00  1
281.910 0.00  1
282.051 0.00  1
282.191 0.00  1
282.331 0.50  12
282.893 0.00  1
283.033 0.00  1
283.174 0.00  1
283.314 0.00  1
283.454 0.00  1
283.595 0.00  2
283.735 0.00  4
283.875 0.00  4
284.016 0.00  1
284.156 0.00  1
284.296 0.00  1
284.437 0.00  1
284.577 0.50  12
285.361 0.00  8
285.507 0.00  4
285.649 0.00  8
286.065 0.00  4
286.204 0.00  2
286.343 0.00  2
286.481 0.00  4
286.899 0.00  12
287.038 0.00  12
287.177 0.00  12
287.316 0.00  12
287.525 0.00  8
287.664 0.00  4
287.803 0.00  8
288.220 0.00  4
288.359 0.00  2
288.498 0.00  2
288.637 0.00  4
288.775 0.00  4
288.915 0.00  4
289.057 0.00  12
289.200 0.00  12
289.342 0.00  12
289.484 0.00  12
289.837 0.00  8
289.979 0.00  4
290.124 0.00  8
290.548 0.00  4
290.690 0.00  2
290.832 0.00  2
290.974 0.00  4
291.119 0.00  4
291.261 0.00  4
291.401 0.00  12
291.543 0.00  12
291.686 0.00  12
291.828 0.00  12
292.041 0.00  8
292.183 0.00  4
292.324 0.00  8
292.748 0.00  4
292.889 0.00  4
293.031 0.00  12
293.172 0.00  12
293.313 0.00  12
293.451 0.00  12
293.576 0.00  12
294.924 0.00  12
294.924 0.00  16

999 0 0