4.141 0.00  1
4.926 0.50  1
5.440 0.00  1
5.954 0.50  1
6.468 0.00  1
6.979 0.00  1
7.233 0.00  2
7.739 0.00  2
8.246 0.00  1
9.005 0.50  1
9.507 0.00  1
10.009 0.50  1
10.762 1.00  2
12.801 7.00  4
20.319 0.50  1
21.336 0.00  4
21.845 0.00  2
22.354 1.00  1
23.376 1.00  1
24.399 0.50  1
25.433 0.00  4
25.951 0.00  2
26.468 1.00  1
27.485 1.00  1
28.502 0.50  1
29.535 0.00  4
30.052 0.00  2
30.568 1.00  1
31.602 1.00  1
32.635 0.50  1
33.662 0.00  4
34.176 0.00  2
34.689 1.00  1
35.724 1.00  1
36.759 0.50  1
37.802 0.00  4
38.324 0.00  2
38.846 1.00  1
39.885 1.00  1
40.924 0.50  1
41.969 0.00  4
42.491 0.00  2
43.014 1.00  1
44.052 1.00  1
45.090 0.50  1
46.147 0.00  4
46.676 0.00  2
47.205 1.00  1
48.244 1.00  1
49.283 0.50  1
50.325 0.00  4
50.847 0.00  2
51.368 1.00  1
52.402 1.00  1
53.435 0.00  2
53.965 0.00  2
54.496 0.00  2
55.556 0.00  1
56.087 0.00  1
56.617 0.00  1
57.679 0.00  2
58.211 0.00  2
58.744 0.00  2
59.809 0.00  1
60.339 0.00  1
60.870 0.00  1
61.930 0.00  2
62.470 0.00  2
63.011 0.00  2
64.091 0.00  1
64.622 0.00  1
65.153 0.00  1
66.214 0.00  2
66.745 0.00  2
67.276 0.00  2
68.339 0.00  1
68.864 0.00  1
69.388 0.00  1
70.438 1.50  1
72.513 1.50  2
74.624 0.00  1
74.891 0.00  2
75.694 0.00  2
75.962 0.00  2
76.765 0.00  2
77.025 0.50  2
77.802 0.00  2
78.057 0.00  2
78.822 1.50  1
80.922 1.50  2
83.022 0.50  1
84.090 0.00  4
84.624 0.00  2
85.158 1.00  1
86.213 1.00  1
87.267 0.50  1
88.340 0.00  4
88.876 0.00  2
89.413 1.00  1
90.462 1.00  1
91.511 0.50  1
92.573 0.00  4
93.104 0.00  2
93.635 1.00  1
94.686 1.00  1
95.738 0.50  1
96.802 0.00  4
97.334 0.00  2
97.866 0.00  1
98.131 0.50  1
98.924 0.00  2
99.189 0.50  2
99.982 0.00  1
100.247 0.00  1
100.776 1.00  4
102.099 0.00  1
102.364 0.00  1
102.894 1.00  4
104.218 1.50  1
106.348 0.00  2
106.874 0.00  1
107.401 0.50  4
108.455 0.00  1
108.721 0.00  1
109.254 1.00  4
110.587 0.00  1
110.852 0.00  1
111.382 1.00  4
112.708 0.00  4
113.241 0.00  4
113.775 0.00  2
114.309 0.00  4
115.104 3.00  1
118.781 0.50  4
119.852 0.50  2
120.928 0.50  1
121.733 0.00  4
122.404 0.00  1
123.074 0.50  4
124.140 0.50  2
125.204 0.50  1
126.002 0.00  4
126.668 0.00  1
127.600 0.00  1
128.139 1.00  2
129.758 0.00  4
130.297 1.00  2
131.913 0.00  1
132.450 1.00  2
134.059 0.00  2
134.326 0.00  4
134.849 0.00  1
136.132 0.00  2
136.681 0.00  2
137.231 0.00  2
138.331 0.00  1
138.876 0.00  1
139.421 0.00  1
140.510 0.00  2
141.055 0.00  2
141.600 0.00  2
142.689 0.00  1
143.235 0.00  1
143.781 0.00  1
144.873 0.00  2
145.416 0.00  2
145.960 0.00  2
147.046 0.00  1
147.593 0.00  1
148.140 0.00  1
149.233 0.00  2
149.775 0.00  2
150.317 0.00  2
151.400 0.00  1
151.932 0.00  1
152.463 0.00  1
153.527 1.50  1
155.663 1.50  2
157.819 0.50  1
158.883 0.00  4
159.415 0.00  2
159.947 1.00  1
161.014 1.00  1
162.082 0.50  1
163.157 0.00  4
163.695 0.00  2
164.233 1.00  1
165.289 1.00  1
166.345 0.50  1
167.406 0.00  4
167.937 0.00  2
168.467 1.00  1
169.529 1.00  1
170.592 0.50  1
171.666 0.00  4
172.204 0.00  2
172.741 1.00  1
173.810 1.00  1
174.879 0.00  1
175.142 0.00  1
175.666 1.00  4
176.976 0.00  1
177.238 0.00  1
177.762 1.00  4
179.072 1.50  1
181.201 0.00  2
181.461 0.00  2
181.721 0.00  2
182.240 0.00  2
182.500 0.00  4
182.760 0.00  2
183.280 0.00  1
183.543 0.00  1
184.071 1.00  4
185.390 0.00  1
185.658 0.00  1
186.196 1.00  4
187.542 0.00  4
188.078 0.00  2
188.615 0.00  1
189.151 0.00  2
189.420 4.00  1
193.933 1.50  2
196.062 4.00  4
200.348 1.50  1
202.452 2.50  4
204.988 0.00  4
205.644 0.00  1
205.906 0.50  2
206.693 1.00  4
208.038 0.00  4
208.509 0.00  2
208.845 1.00  1
210.161 0.00  1
210.555 0.00  1
210.950 0.50  2
212.014 0.50  4
213.078 0.50  1
214.129 0.50  2
215.181 0.50  4
216.224 0.50  1
217.267 0.50  2
218.310 0.00  4
218.832 0.00  4
219.353 0.00  2
219.753 0.00  4
220.020 0.50  4
221.222 0.00  2
221.489 0.00  2
222.015 0.00  2
222.542 0.00  1
222.893 0.00  1
223.244 0.00  2
223.595 0.00  4
223.946 0.00  1
224.297 0.00  2
224.649 0.00  4
225.000 0.00  1
225.351 0.00  2
225.702 0.50  4
226.226 0.50  4
226.750 0.00  4
227.144 0.00  4
227.537 0.00  4
227.799 0.50  4
228.324 0.00  4
228.849 0.00  4
229.374 0.00  4
229.636 0.00  4
229.898 0.00  4
230.427 0.00  2
230.956 0.50  2
231.749 0.00  2
232.013 0.50  2
232.546 0.00  2
233.078 0.00  2
233.611 0.00  4
234.143 0.00  2
234.664 0.00  2
234.923 1.00  2
236.223 0.50  3
239.918 1.50  1
242.054 0.50  2
242.847 0.50  2
243.617 0.00  2
244.130 3.00  1
247.470 1.00  3
248.475 0.00  4
248.475 0.00  4

999 0 0