4.141 0.00  1
4.405 0.00  1
4.926 0.50  1
5.440 0.00  1
5.954 0.50  1
6.468 0.00  1
6.979 0.00  1
7.233 0.00  2
7.486 0.00  1
7.739 0.00  2
8.246 0.00  1
8.500 0.00  1
9.005 0.00  1
9.507 0.00  1
10.009 0.00  1
10.511 0.00  1
10.762 1.00  2
12.291 7.50  8
20.319 0.00  1
20.573 0.50  4
21.082 0.00  4
21.336 0.00  4
21.845 0.00  2
22.354 0.00  1
22.609 0.00  4
23.121 0.00  4
23.376 0.00  1
23.632 0.00  4
24.143 0.00  4
24.399 0.00  1
24.657 0.50  4
25.175 0.00  4
25.433 0.00  4
25.951 0.00  2
26.468 0.00  1
26.723 0.00  4
27.231 0.00  4
27.485 0.00  1
27.740 0.00  4
28.248 0.00  4
28.502 0.00  1
28.761 0.50  4
29.277 0.00  4
29.535 0.00  4
30.052 0.00  2
30.568 0.00  1
30.827 0.00  4
31.344 0.00  4
31.602 0.00  1
31.860 0.00  4
32.377 0.00  4
32.635 0.00  1
32.892 0.00  4
33.406 0.00  4
33.662 0.00  4
34.176 0.00  2
34.689 0.00  1
34.948 0.00  4
35.465 0.00  4
35.724 0.00  1
35.983 0.00  4
36.500 0.00  4
36.759 0.00  1
37.019 0.00  4
37.541 0.00  4
37.802 0.00  4
38.063 0.00  8
38.324 0.00  2
38.585 0.00  4
38.846 0.00  2
39.106 0.00  1
39.625 0.00  4
39.885 0.00  1
40.145 0.00  4
40.664 0.00  4
40.924 0.00  1
41.185 0.00  4
41.708 0.00  4
41.969 0.00  4
42.230 0.00  8
42.491 0.00  2
42.753 0.00  4
43.014 0.00  2
43.274 0.00  1
43.793 0.00  4
44.052 0.00  1
44.312 0.00  4
44.831 0.00  4
45.090 0.00  1
45.354 0.00  4
45.883 0.00  4
46.147 0.00  4
46.412 0.00  8
46.676 0.00  2
46.940 0.00  4
47.205 0.00  2
47.465 0.00  1
47.984 0.00  4
48.244 0.00  1
48.503 0.00  4
49.023 0.00  4
49.283 0.00  1
49.543 0.00  4
50.065 0.00  4
50.325 0.00  4
50.586 0.00  8
50.847 0.00  2
51.108 0.00  4
51.368 0.00  2
51.627 0.00  1
52.143 0.00  4
52.402 0.00  1
52.660 0.00  4
53.177 0.00  4
53.435 0.00  4
53.700 0.00  8
54.230 0.00  8
54.496 0.00  4
54.761 0.00  8
55.291 0.00  4
55.556 0.00  2
55.821 0.00  4
56.352 0.00  4
56.617 0.00  2
56.883 0.00  4
57.413 0.00  2
57.679 0.00  4
57.945 0.00  8
58.477 0.00  8
58.744 0.00  4
59.010 0.00  8
59.543 0.00  4
59.809 0.00  2
60.074 0.00  4
60.604 0.00  4
60.870 0.00  2
61.135 0.00  4
61.665 0.00  2
61.930 0.00  4
62.200 0.00  8
62.741 0.00  8
63.011 0.00  4
63.281 0.00  8
63.821 0.00  4
64.091 0.00  2
64.357 0.00  4
64.888 0.00  4
65.153 0.00  2
65.418 0.00  4
65.949 0.00  2
66.214 0.00  4
66.480 0.00  8
67.011 0.00  8
67.276 0.00  4
67.542 0.00  8
68.073 0.00  4
68.339 0.00  2
68.601 0.00  4
69.126 0.00  4
69.388 0.00  2
69.651 0.00  4
70.438 1.50  3
72.513 1.50  6
74.624 0.00  1
74.891 0.00  2
75.427 0.00  1
75.694 0.00  2
75.962 0.00  2
76.497 0.00  1
76.765 0.00  2
77.025 0.50  2
77.802 0.00  2
78.057 0.00  2
78.822 1.50  3
80.922 1.50  6
83.022 0.00  1
83.289 0.00  2
83.556 0.00  2
84.090 0.00  4
84.624 0.00  2
85.158 0.00  1
85.422 0.00  2
85.949 0.00  1
86.213 0.00  1
86.476 0.50  2
87.267 0.00  1
87.535 0.50  2
88.340 0.00  4
88.876 0.00  2
89.413 0.00  1
89.675 0.00  2
90.200 0.00  1
90.462 0.00  1
90.724 0.50  2
91.511 0.00  1
91.776 0.50  2
92.573 0.00  4
92.838 0.00  8
93.104 0.00  2
93.369 0.00  4
93.635 0.00  2
93.898 0.50  1
94.686 0.00  2
94.949 0.50  2
95.738 0.00  1
96.004 0.50  4
96.536 0.00  4
96.802 0.00  4
97.068 0.00  8
97.334 0.00  2
97.600 0.00  4
97.866 0.00  2
98.131 0.50  1
98.924 0.00  2
99.189 0.50  2
99.982 0.00  3
100.247 0.00  3
100.776 1.00  6
102.099 0.00  3
102.364 0.00  3
102.894 1.00  6
104.218 1.50  3
106.348 0.00  2
106.611 0.00  1
106.874 0.00  2
107.138 0.00  4
107.401 0.00  8
107.665 0.50  4
108.455 0.00  3
108.721 0.00  3
109.254 1.00  6
110.587 0.00  3
110.852 0.00  3
111.382 1.00  6
112.708 0.00  8
112.974 0.00  8
113.241 0.00  4
113.775 0.00  1
114.042 0.00  1
114.309 0.00  4
114.576 0.00  2
115.104 3.00  1
118.781 0.00  8
119.046 0.50  8
119.852 0.00  4
120.121 0.50  4
120.928 0.00  2
121.197 0.00  2
121.733 0.00  8
121.934 0.00  2
122.404 0.00  1
123.074 0.00  8
123.342 0.50  8
124.140 0.00  4
124.406 0.50  4
125.204 0.00  2
125.470 0.00  2
126.002 0.00  8
126.202 0.00  2
126.668 0.00  1
127.333 0.00  1
127.600 0.00  1
127.869 0.00  2
128.139 0.00  4
128.409 0.50  8
129.489 0.00  8
129.758 0.00  8
130.028 0.00  4
130.297 0.00  2
130.566 0.50  1
131.644 0.00  1
131.913 0.00  1
132.181 0.00  2
132.450 0.00  4
132.718 0.50  8
133.791 0.00  2
134.059 0.00  4
134.326 0.00  8
134.592 0.00  2
134.849 0.00  1
136.132 0.00  4
136.406 0.00  8
136.956 0.00  8
137.231 0.00  4
137.506 0.00  8
138.056 0.00  4
138.331 0.00  2
138.604 0.00  4
139.148 0.00  4
139.421 0.00  2
139.693 0.00  4
140.238 0.00  2
140.510 0.00  4
140.783 0.00  8
141.327 0.00  8
141.600 0.00  4
141.872 0.00  8
142.417 0.00  4
142.689 0.00  2
142.962 0.00  4
143.508 0.00  4
143.781 0.00  2
144.054 0.00  4
144.600 0.00  2
144.873 0.00  4
145.145 0.00  8
145.688 0.00  8
145.960 0.00  4
146.231 0.00  8
146.774 0.00  4
147.046 0.00  2
147.319 0.00  4
147.866 0.00  4
148.140 0.00  2
148.413 0.00  4
148.960 0.00  2
149.233 0.00  4
149.504 0.00  8
150.046 0.00  8
150.317 0.00  4
150.587 0.00  8
151.129 0.00  4
151.400 0.00  2
151.666 0.00  4
152.197 0.00  4
152.463 0.00  2
152.729 0.00  4
153.527 2.00  3
155.663 1.50  6
157.819 0.00  1
158.085 0.50  2
158.883 0.00  4
159.415 0.00  2
159.947 0.00  1
160.213 0.00  2
160.747 0.00  1
161.014 0.00  1
161.281 0.50  2
162.082 0.00  2
162.350 0.00  1
162.619 0.00  2
163.157 0.00  4
163.695 0.00  2
164.233 0.00  1
164.498 0.00  2
165.025 0.00  1
165.289 0.00  1
165.553 0.50  2
166.345 0.00  1
166.610 0.50  2
167.406 0.00  4
167.671 0.00  8
167.937 0.00  2
168.202 0.00  4
168.467 0.00  2
168.733 0.50  1
169.529 0.00  2
169.795 0.50  2
170.592 0.00  1
170.860 0.50  2
171.666 0.00  4
171.935 0.00  8
172.204 0.00  2
172.472 0.00  4
172.741 0.00  2
173.008 0.50  1
173.810 0.00  2
174.077 0.50  2
174.879 0.00  3
175.142 0.00  3
175.666 1.00  6
176.976 0.00  3
177.238 0.00  3
177.762 1.00  6
179.072 1.50  3
181.201 0.00  4
181.461 0.00  4
181.721 0.00  4
181.981 0.00  4
182.240 0.00  4
182.500 0.00  8
182.760 0.00  4
183.020 0.00  2
183.280 0.00  3
183.543 0.00  3
184.071 1.00  6
185.390 0.00  3
185.658 0.00  3
186.196 1.00  6
187.542 0.00  8
187.810 0.00  8
188.078 0.00  4
188.347 0.00  2
188.615 0.00  1
188.883 0.00  1
189.151 0.00  4
189.420 0.00  2
189.954 3.50  3
193.933 1.50  2
196.062 2.00  4
198.207 2.00  8
200.348 1.50  1
202.452 2.50  4
204.988 0.00  4
205.185 0.00  2
205.382 0.00  1
205.710 0.00  2
205.972 0.00  4
206.234 0.00  8
206.497 0.00  4
206.693 1.00  8
208.038 0.00  8
208.509 0.00  4
208.845 1.00  2
210.161 0.00  2
210.555 0.00  2
210.950 0.50  4
212.014 0.50  8
213.078 0.50  1
214.129 0.50  2
215.181 0.50  4
216.224 0.50  8
217.267 0.50  2
218.310 0.00  4
218.832 0.00  8
219.353 0.00  4
219.753 0.00  8
220.020 0.00  4
220.154 0.50  8
221.222 0.00  12
221.489 0.00  12
221.752 0.00  4
221.884 0.00  8
222.279 0.00  4
222.542 0.00  1
222.893 0.00  2
223.244 0.00  4
223.595 0.00  8
223.946 0.00  2
224.297 0.00  4
224.649 0.00  8
225.000 0.00  2
225.351 0.00  4
225.702 0.50  12
226.226 0.50  12
226.750 0.00  12
227.144 0.00  4
227.537 0.00  4
227.799 0.50  8
228.324 0.00  8
228.717 0.00  8
229.111 0.00  8
229.374 0.00  8
229.636 0.00  8
229.898 0.00  4
230.163 0.00  8
230.427 0.00  2
230.691 0.00  1
230.956 0.50  2
231.749 0.00  1
232.013 0.50  2
232.546 0.00  2
232.812 0.00  1
233.078 0.00  2
233.611 0.00  8
233.877 0.00  8
234.143 0.00  4
234.404 0.00  2
234.664 0.00  4
234.923 1.00  2
236.223 0.50  5
239.918 2.00  3
242.054 0.50  5
242.847 0.50  5
243.617 0.00  5
244.130 3.00  3
247.470 1.00  3
248.475 0.00  4
248.475 0.00  4

999 0 0