4.141 0.00  5
4.405 0.00  5
4.926 0.50  5
5.440 0.00  5
5.954 0.50  5
6.468 0.00  5
6.979 0.00  5
7.233 0.00  2
7.486 0.00  1
7.739 0.00  2
8.246 0.00  5
8.500 0.00  5
9.005 0.00  5
9.256 0.00  1
9.507 0.00  5
10.009 0.00  5
10.260 0.00  1
10.511 0.00  5
10.762 1.50  2
20.319 0.00  1
20.573 0.50  3
21.082 0.00  3
21.336 0.50  12
21.845 0.50  6
22.354 0.00  1
22.609 0.00  3
23.121 0.00  3
23.376 0.00  1
23.632 0.00  3
24.143 0.00  3
24.399 0.00  1
24.657 0.50  3
25.175 0.00  3
25.433 0.50  12
25.951 0.50  6
26.468 0.00  1
26.723 0.00  3
27.231 0.00  3
27.485 0.00  1
27.740 0.00  3
28.248 0.00  3
28.502 0.00  1
28.761 0.50  3
29.277 0.00  3
29.535 0.50  12
30.052 0.50  6
30.568 0.00  1
30.827 0.00  3
31.344 0.00  3
31.602 0.00  1
31.860 0.00  3
32.377 0.00  3
32.635 0.00  1
32.892 0.50  3
33.406 0.00  3
33.662 0.50  12
34.176 0.50  6
34.689 0.00  1
34.948 0.00  3
35.465 0.00  3
35.724 0.00  1
35.983 0.00  3
36.500 0.00  3
36.759 0.00  1
37.019 0.00  3
37.541 0.00  3
37.802 0.00  8
38.324 0.00  4
38.585 0.00  8
38.846 0.00  2
39.106 0.50  1
39.625 0.00  3
39.885 0.00  1
40.145 0.00  3
40.664 0.00  3
40.924 0.00  1
41.185 0.00  3
41.708 0.00  3
41.969 0.00  8
42.491 0.00  4
42.753 0.00  8
43.014 0.00  2
43.274 0.50  1
43.793 0.00  3
44.052 0.00  1
44.312 0.00  3
44.831 0.00  3
45.090 0.00  1
45.354 0.00  3
45.883 0.00  3
46.147 0.00  8
46.676 0.00  4
46.940 0.00  8
47.205 0.00  2
47.465 0.50  1
47.984 0.00  3
48.244 0.00  1
48.503 0.00  3
49.023 0.00  3
49.283 0.00  1
49.543 0.00  3
50.065 0.00  3
50.325 0.00  8
50.847 0.00  4
51.108 0.00  8
51.368 0.00  2
51.627 0.50  1
52.143 0.00  3
52.402 0.00  1
52.660 0.00  3
53.177 0.00  3
53.435 0.00  4
53.700 0.00  8
54.230 0.00  8
54.496 0.00  4
54.761 0.00  8
55.291 0.00  4
55.556 0.00  2
55.821 0.00  4
56.352 0.00  4
56.617 0.00  2
56.883 0.00  4
57.413 0.00  2
57.679 0.00  4
57.945 0.00  8
58.477 0.00  8
58.744 0.00  4
59.010 0.00  8
59.543 0.00  4
59.809 0.00  2
60.074 0.00  4
60.604 0.00  4
60.870 0.00  2
61.135 0.00  4
61.665 0.00  2
61.930 0.00  4
62.200 0.00  8
62.741 0.00  8
63.011 0.00  4
63.281 0.00  8
63.821 0.00  4
64.091 0.00  2
64.357 0.00  4
64.888 0.00  4
65.153 0.00  2
65.418 0.00  4
65.949 0.00  2
66.214 0.00  4
66.480 0.00  8
67.011 0.00  8
67.276 0.00  4
67.542 0.00  8
68.073 0.00  4
68.339 0.00  2
68.601 0.00  4
69.126 0.00  4
69.388 0.00  2
69.651 0.00  4
70.438 1.50  9
72.513 1.50  16
74.624 0.00  1
74.891 0.50  2
75.427 0.00  1
75.694 0.00  2
75.962 0.50  2
76.497 0.00  1
76.765 0.00  2
77.025 0.50  2
77.802 0.00  2
78.057 0.00  2
78.822 1.50  9
80.922 1.50  16
83.022 0.00  1
83.289 0.50  2
83.823 0.00  2
84.090 0.50  12
84.624 0.50  6
85.158 0.00  1
85.422 0.50  2
85.949 0.00  1
86.213 0.00  1
86.476 0.50  2
87.267 0.00  1
87.535 0.50  2
88.340 0.50  12
88.876 0.50  6
89.413 0.00  1
89.675 0.50  2
90.200 0.00  1
90.462 0.00  1
90.724 0.50  2
91.511 0.00  1
91.776 0.50  2
92.573 0.00  8
93.104 0.00  4
93.369 0.00  8
93.635 0.00  2
93.898 0.50  3
94.686 0.00  2
94.949 0.50  2
95.738 0.00  1
96.004 0.50  8
96.536 0.00  8
96.802 0.00  8
97.334 0.00  4
97.600 0.00  8
97.866 0.00  2
98.131 0.50  3
98.924 0.00  2
99.189 0.50  2
99.982 0.00  5
100.247 0.00  5
100.776 1.00  16
102.099 0.00  5
102.364 0.00  5
102.894 1.00  16
104.218 1.50  5
106.348 0.00  4
106.479 0.00  2
106.611 0.00  1
106.874 0.00  2
107.138 0.00  4
107.665 0.50  4
108.455 0.00  5
108.721 0.00  5
109.254 1.00  16
110.587 0.00  5
110.852 0.00  5
111.382 1.00  16
113.307 0.00  8
113.574 0.00  4
113.841 0.00  2
114.108 0.00  2
114.375 0.00  8
115.104 0.00  2
118.516 0.00  5
118.913 0.00  8
119.852 0.00  8
119.987 0.00  4
120.121 0.50  8
120.928 0.00  4
121.063 0.00  2
121.197 0.50  4
121.733 0.00  8
121.867 0.50  2
122.404 0.00  1
123.208 0.00  8
124.140 0.00  8
124.273 0.00  4
124.406 0.50  8
125.204 0.00  4
125.337 0.00  2
125.470 0.50  4
126.002 0.00  8
126.135 0.50  2
126.668 0.00  1
127.333 0.00  1
127.600 0.00  1
127.869 0.00  2
128.139 0.00  4
128.409 1.00  8
129.758 0.00  8
130.028 0.00  4
130.297 0.00  2
130.566 1.00  1
131.644 0.00  1
131.913 0.00  1
132.181 0.00  2
132.450 0.00  4
132.718 0.50  8
133.791 0.00  4
134.059 0.00  8
134.193 0.00  4
134.592 0.00  2
134.849 0.00  1
136.132 0.00  4
136.406 0.00  8
136.956 0.00  8
137.231 0.00  4
137.506 0.00  8
138.056 0.00  4
138.331 0.00  2
138.604 0.00  4
139.148 0.00  4
139.421 0.00  2
139.693 0.00  4
140.238 0.00  2
140.510 0.00  4
140.783 0.00  8
141.327 0.00  8
141.600 0.00  4
141.872 0.00  8
142.417 0.00  4
142.689 0.00  2
142.962 0.00  4
143.508 0.00  4
143.781 0.00  2
144.054 0.00  4
144.600 0.00  2
144.873 0.00  4
145.145 0.00  8
145.688 0.00  8
145.960 0.00  4
146.231 0.00  8
146.774 0.00  4
147.046 0.00  2
147.319 0.00  4
147.866 0.00  4
148.140 0.00  2
148.413 0.00  4
148.960 0.00  2
149.233 0.00  4
149.504 0.00  8
150.046 0.00  8
150.317 0.00  4
150.587 0.00  8
151.129 0.00  4
151.400 0.00  2
151.666 0.00  4
152.197 0.00  4
152.463 0.00  2
152.729 0.00  4
153.527 2.00  9
155.663 1.50  16
157.819 0.00  1
158.085 0.50  3
158.617 0.00  1
158.883 0.50  12
159.415 0.50  6
159.947 0.00  1
160.213 0.50  2
160.747 0.00  1
161.014 0.00  1
161.281 0.50  2
161.815 0.00  2
162.082 0.00  2
162.350 0.00  1
162.619 0.50  2
163.157 0.50  12
163.695 0.50  6
164.233 0.00  1
164.498 0.50  2
165.025 0.00  1
165.289 0.00  1
165.553 0.50  2
166.081 0.00  1
166.345 0.00  1
166.610 0.50  2
167.406 0.00  8
167.937 0.00  4
168.202 0.00  8
168.467 0.00  2
168.733 0.50  3
169.264 0.00  1
169.529 0.00  1
169.795 0.50  2
170.326 0.00  1
170.592 0.00  1
170.860 0.50  2
171.666 0.00  8
172.204 0.00  4
172.472 0.00  8
172.741 0.00  2
173.008 0.50  3
173.543 0.00  1
173.810 0.00  1
174.077 0.50  2
174.879 0.00  5
175.142 0.00  5
175.666 1.00  16
176.976 0.00  5
177.238 0.00  5
177.762 1.00  16
179.072 1.50  5
181.266 0.00  8
181.396 0.00  4
181.526 0.00  8
181.786 0.00  8
181.916 0.00  4
182.046 0.00  8
182.175 0.00  4
182.305 0.00  8
182.760 0.00  8
183.020 0.00  4
183.280 0.00  5
183.543 0.00  5
184.071 1.00  16
185.390 0.00  5
185.658 0.00  5
186.196 1.00  16
188.145 0.00  8
188.414 0.00  4
188.682 0.00  2
188.950 0.00  2
189.218 0.00  4
189.953 0.00  2
193.933 0.00  5
196.062 0.00  6
198.206 1.50  16
199.878 0.00  8
200.146 0.00  4
202.452 0.00  2
202.719 0.00  2
204.988 0.00  4
205.053 0.00  4
205.185 0.00  2
205.381 0.00  1
205.512 0.00  2
205.775 0.00  4
206.037 0.00  16
206.562 0.00  4
208.037 0.00  8
208.105 0.00  8
208.307 0.00  4
208.576 0.00  2
210.160 0.00  1
210.226 0.00  1
210.620 0.00  2
211.215 0.00  2
212.013 0.00  4
212.279 0.50  16
213.341 0.00  1
214.129 0.00  2
214.391 0.00  2
215.180 0.00  4
215.441 0.00  4
216.224 0.00  8
216.484 0.50  16
218.310 0.00  2
218.831 0.00  4
219.353 0.00  8
219.753 0.00  16
220.086 0.00  16
220.954 0.00  16
221.154 0.00  8
221.288 0.00  16
221.554 0.00  16
221.817 0.00  16
222.344 0.00  8
222.893 0.00  3
223.244 0.00  4
223.595 0.00  16
224.297 0.00  4
224.648 0.00  16
225.351 0.00  4
225.702 0.00  8
226.226 0.00  16
226.750 0.00  16
227.012 0.00  16
227.078 0.00  2
227.209 0.00  8
227.471 0.00  2
227.602 0.50  16
228.651 0.00  16
229.045 0.00  16
229.307 0.00  16
229.570 0.00  16
229.964 0.00  16
230.493 0.00  2
230.757 0.00  1
231.749 0.00  2
231.815 0.00  1
232.545 0.00  2
232.612 0.00  2
232.878 0.00  1
233.144 0.00  2
233.677 0.00  8
233.943 0.00  8
234.208 0.00  4
234.468 0.00  2
234.728 0.00  4
236.222 0.00  2
237.014 2.50  5
242.053 0.00  5
242.847 0.00  16
243.616 0.00  16
244.129 0.00  16
247.470 0.00  5
248.475 0.00  5
248.475 0.00  8

999 0 0