4.141 0.00  5
4.206 0.00  5
4.405 0.00  5
4.470 0.00  5
4.926 0.00  5
5.440 0.00  5
5.440 0.00  5
5.504 0.00  5
5.954 0.00  5
6.468 0.00  5
6.468 0.00  5
6.532 0.00  5
6.979 0.00  5
7.042 0.00  5
7.233 0.00  10
7.486 0.00  9
7.739 0.00  10
8.246 0.00  5
8.309 0.00  5
8.500 0.00  5
8.563 0.00  5
9.005 0.00  5
9.067 0.00  5
9.256 0.00  1
9.507 0.00  5
9.569 0.00  5
10.009 0.00  5
10.071 0.00  5
10.260 0.00  1
10.511 0.00  5
10.573 0.00  5
10.762 1.50  2
20.319 0.00  1
20.573 0.50  3
21.082 0.00  3
21.336 0.00  12
21.591 0.00  12
21.845 0.00  6
22.100 0.00  6
22.354 0.00  1
22.609 0.00  3
23.121 0.00  3
23.376 0.00  1
23.632 0.00  3
24.143 0.00  3
24.399 0.00  1
24.657 0.50  3
25.175 0.00  3
25.433 0.50  12
25.951 0.50  6
26.468 0.00  1
26.723 0.00  3
27.231 0.00  3
27.485 0.00  1
27.740 0.00  3
28.248 0.00  3
28.502 0.00  1
28.761 0.50  3
29.277 0.00  3
29.535 0.00  12
29.794 0.00  12
30.052 0.00  6
30.310 0.00  6
30.568 0.00  1
30.827 0.00  3
31.344 0.00  3
31.602 0.00  1
31.860 0.00  3
32.377 0.00  3
32.635 0.00  1
32.892 0.50  3
33.406 0.00  3
33.662 0.50  12
34.176 0.50  6
34.689 0.00  1
34.948 0.00  3
35.465 0.00  3
35.724 0.00  1
35.983 0.00  3
36.500 0.00  3
36.759 0.00  1
37.019 0.00  3
37.541 0.00  3
37.802 0.00  12
0.016 38.00  12
38.389 0.00  6
38.650 0.00  8
38.910 0.00  2
39.625 0.00  3
39.689 0.00  3
39.949 0.00  1
40.209 0.00  3
40.728 0.00  3
40.989 0.00  1
41.250 0.00  3
41.773 0.00  3
42.034 0.00  12
42.491 0.00  6
42.753 0.00  8
43.014 0.00  2
43.274 0.50  3
43.793 0.00  3
44.052 0.00  1
44.312 0.00  3
44.831 0.00  3
45.090 0.00  1
45.354 0.00  3
45.883 0.00  3
46.147 0.00  12
0.016 46.50  12
46.742 0.00  6
47.006 0.00  8
47.270 0.00  2
47.984 0.00  3
48.048 0.00  3
48.308 0.00  1
48.567 0.00  3
49.087 0.00  3
49.348 0.00  1
49.608 0.00  3
50.130 0.00  3
50.390 0.00  12
50.847 0.00  6
51.108 0.00  8
51.368 0.00  4
51.627 0.50  3
52.143 0.00  3
52.402 0.00  1
52.660 0.00  3
53.177 0.00  3
53.435 0.00  2
53.700 0.00  8
54.230 0.00  8
54.496 0.00  2
54.761 0.00  8
55.291 0.00  2
55.556 0.00  1
55.821 0.00  4
56.352 0.00  4
56.617 0.00  1
56.883 0.00  4
57.413 0.00  1
57.679 0.00  2
57.945 0.00  8
58.477 0.00  8
58.744 0.00  2
59.010 0.00  8
59.543 0.00  2
59.809 0.00  1
60.074 0.00  4
60.604 0.00  4
60.870 0.00  1
61.135 0.00  4
61.665 0.00  1
61.930 0.00  2
62.200 0.00  8
62.741 0.00  8
63.011 0.00  2
63.281 0.00  8
63.821 0.00  2
64.091 0.00  1
64.357 0.00  4
64.888 0.00  4
65.153 0.00  1
65.418 0.00  4
65.949 0.00  1
66.214 0.00  2
66.480 0.00  8
67.011 0.00  8
67.276 0.00  2
67.542 0.00  8
68.073 0.00  2
68.339 0.00  1
68.601 0.00  4
69.126 0.00  4
69.388 0.00  1
69.651 0.00  4
70.438 0.00  5
72.123 0.00  5
72.513 0.00  6
74.228 0.00  6
74.624 0.00  1
74.891 0.50  2
75.427 0.00  1
75.694 0.00  2
75.962 0.50  2
76.497 0.00  1
76.765 0.00  2
77.025 0.50  2
77.802 0.00  2
78.057 0.00  2
78.822 0.00  5
80.592 0.00  5
80.922 0.00  6
82.496 0.00  6
83.022 0.00  1
83.289 0.50  3
83.823 0.00  3
84.090 0.00  12
84.357 0.00  12
84.624 0.00  6
84.891 0.00  6
85.158 0.00  1
85.422 0.50  3
85.949 0.00  1
86.213 0.00  1
86.476 0.50  3
87.267 0.00  1
87.535 0.50  3
88.072 0.00  3
88.340 0.50  12
88.876 0.50  6
89.413 0.00  1
89.675 0.50  3
90.200 0.00  1
90.462 0.00  1
90.724 0.50  3
91.511 0.00  1
91.776 0.50  3
92.307 0.00  3
92.573 0.00  12
0.016 93.00  12
93.170 0.00  6
93.435 0.00  8
93.700 0.00  2
94.489 0.00  3
94.554 0.00  3
94.948 0.00  2
95.737 0.00  2
95.804 0.00  1
96.536 0.00  3
96.602 0.00  2
96.868 0.00  12
97.334 0.00  6
97.600 0.00  8
97.866 0.00  2
98.131 0.50  3
98.924 0.00  2
99.189 0.50  2
99.982 0.00  5
100.048 0.00  5
100.247 0.00  5
100.313 0.00  5
100.776 0.00  6
102.032 0.00  6
102.099 0.00  5
102.165 0.00  5
102.364 0.00  5
102.430 0.00  5
102.894 0.00  6
104.151 0.00  6
104.218 0.00  5
106.081 0.00  5
106.348 0.00  4
106.479 0.00  2
106.611 0.00  1
106.874 0.00  2
107.138 0.00  4
107.401 0.00  8
107.665 0.50  4
108.455 0.00  5
108.521 0.00  5
108.721 0.00  5
108.787 0.00  5
109.254 0.00  6
110.519 0.00  6
110.587 0.00  5
110.653 0.00  5
110.852 0.00  5
110.918 0.00  5
111.382 0.00  6
112.641 0.00  6
0.016 113.00  16
113.307 0.00  8
113.574 0.00  4
113.841 0.00  2
114.108 0.00  2
114.375 0.00  8
115.104 0.00  2
115.104 3.00  12
118.516 0.00  12
118.913 0.00  8
119.852 0.00  8
119.987 0.00  4
120.121 0.50  8
120.928 0.00  4
121.063 0.00  2
121.197 0.50  4
121.733 0.00  8
121.867 0.00  2
122.001 0.00  4
122.404 0.00  1
123.208 0.00  8
124.140 0.00  8
124.273 0.00  4
124.406 0.50  8
125.204 0.00  4
125.337 0.00  2
125.470 0.50  4
126.002 0.00  8
126.135 0.00  2
126.268 0.00  4
126.668 0.00  1
127.333 0.00  1
127.600 0.00  2
127.869 0.00  1
128.139 0.00  2
128.409 1.00  4
129.489 0.00  8
129.758 0.00  8
130.028 0.00  4
130.297 0.00  2
130.566 1.00  1
131.644 0.00  1
131.913 0.00  2
132.181 0.00  1
132.450 0.00  2
132.718 0.50  4
133.791 0.00  4
134.059 0.00  8
134.193 0.00  4
134.592 0.00  4
134.849 0.00  2
136.132 0.00  2
136.406 0.00  8
136.956 0.00  8
137.231 0.00  2
137.506 0.00  8
138.056 0.00  2
138.331 0.00  1
138.604 0.00  4
139.148 0.00  4
139.421 0.00  1
139.693 0.00  4
140.238 0.00  1
140.510 0.00  2
140.783 0.00  8
141.327 0.00  8
141.600 0.00  2
141.872 0.00  8
142.417 0.00  2
142.689 0.00  1
142.962 0.00  4
143.508 0.00  4
143.781 0.00  1
144.054 0.00  4
144.600 0.00  1
144.873 0.00  2
145.145 0.00  8
145.688 0.00  8
145.960 0.00  2
146.231 0.00  8
146.774 0.00  2
147.046 0.00  1
147.319 0.00  4
147.866 0.00  4
148.140 0.00  1
148.413 0.00  4
148.960 0.00  1
149.233 0.00  2
149.504 0.00  8
150.046 0.00  8
150.317 0.00  2
150.587 0.00  8
151.129 0.00  2
151.400 0.00  1
151.666 0.00  4
152.197 0.00  4
152.463 0.00  1
152.729 0.00  4
153.527 0.00  5
155.597 0.00  5
155.663 0.00  6
157.549 0.00  6
157.819 0.00  1
158.085 0.50  3
158.617 0.00  3
158.883 0.00  12
159.149 0.00  12
159.415 0.00  6
159.681 0.00  6
159.947 0.00  1
160.213 0.50  3
160.747 0.00  1
161.014 0.00  1
161.281 0.50  3
161.815 0.00  2
162.082 0.00  1
162.350 0.50  3
162.888 0.00  3
163.157 0.50  12
163.695 0.50  6
164.233 0.00  1
164.498 0.50  3
165.025 0.00  1
165.289 0.00  1
165.553 0.50  3
166.081 0.00  1
166.345 0.00  1
166.610 0.50  3
167.141 0.00  3
167.406 0.00  12
0.016 167.50  12
168.003 0.00  6
168.268 0.00  8
168.533 0.00  2
169.264 0.00  3
169.330 0.00  1
169.595 0.00  1
170.326 0.00  3
170.392 0.00  1
170.659 0.00  1
171.397 0.00  3
171.465 0.00  3
171.733 0.00  12
172.204 0.00  6
172.472 0.00  8
172.741 0.00  2
173.008 0.50  3
173.543 0.00  1
173.810 0.00  1
174.077 0.50  2
174.612 0.00  5
174.678 0.00  5
174.879 0.00  5
174.944 0.00  5
175.142 0.00  5
175.207 0.00  5
175.666 0.00  6
176.911 0.00  6
176.976 0.00  5
177.041 0.00  5
177.238 0.00  5
177.303 0.00  5
177.762 0.00  6
179.006 0.00  6
179.072 0.00  5
180.801 0.00  5
181.134 0.00  4
181.266 0.00  8
181.396 0.00  4
181.526 0.00  8
181.656 0.00  4
181.786 0.00  8
181.916 0.00  4
182.046 0.00  8
182.175 0.00  4
182.305 0.00  8
182.760 0.00  8
183.020 0.00  4
183.150 0.00  2
183.280 0.00  5
183.345 0.00  5
183.543 0.00  5
183.608 0.00  5
184.071 0.00  6
185.323 0.00  6
185.390 0.00  5
185.457 0.00  5
185.658 0.00  5
185.725 0.00  5
186.196 0.00  6
187.473 0.00  6
0.016 188.00  16
188.145 0.00  8
188.414 0.00  4
188.682 0.00  2
188.950 0.00  2
189.218 0.00  4
189.953 0.00  2
189.954 3.50  12
193.933 0.00  12
196.062 0.00  6
198.206 1.50  16
199.878 0.00  8
200.146 0.00  4
202.452 0.00  2
202.719 0.00  4
204.988 0.00  8
205.053 0.00  8
205.185 0.00  2
205.381 0.00  1
205.512 0.00  2
205.775 0.00  4
206.037 0.00  16
206.562 0.00  4
208.037 0.00  8
208.105 0.00  8
208.307 0.00  4
208.576 0.00  2
210.160 0.00  1
210.226 0.00  1
210.620 0.00  2
211.215 0.00  2
212.013 0.00  4
212.279 0.50  16
213.341 0.00  1
214.129 0.00  2
214.391 0.00  2
215.180 0.00  4
215.441 0.00  4
216.224 0.00  8
216.484 0.50  16
217.593 0.00  1
218.310 0.00  2
218.831 0.00  4
219.353 0.00  8
219.419 0.00  4
219.753 0.00  16
220.086 0.00  16
220.954 0.00  16
221.154 0.00  8
221.288 0.00  16
221.421 0.00  16
221.554 0.00  16
221.686 0.00  16
221.817 0.00  16
222.344 0.00  4
222.475 0.00  8
222.893 0.00  3
223.244 0.00  6
223.595 0.00  12
223.946 0.00  16
224.297 0.00  6
224.648 0.00  12
225.000 0.00  16
225.351 0.00  6
225.702 0.00  12
226.226 0.00  16
226.750 0.00  16
227.012 0.00  16
227.078 0.00  2
227.209 0.00  8
227.471 0.00  2
227.602 0.00  8
227.864 0.00  4
227.930 0.50  16
228.651 0.00  16
229.045 0.00  16
229.307 0.00  16
229.570 0.00  16
230.097 0.00  16
230.493 0.00  2
230.757 0.00  1
231.022 0.00  2
231.154 0.00  1
231.286 0.00  2
231.418 0.00  1
231.551 0.00  2
231.683 0.00  1
231.815 0.00  2
232.079 0.00  1
232.546 0.00  2
232.612 0.00  2
232.878 0.00  1
233.144 0.00  2
233.677 0.00  8
233.943 0.00  8
234.208 0.00  4
234.468 0.00  2
234.728 0.00  4
236.222 0.00  2
236.223 0.50  12
237.014 2.50  12
239.918 2.00  12
242.053 0.00  12
242.054 0.50  16
242.847 0.00  16
242.847 0.50  16
243.616 0.00  16
243.617 0.50  16
244.129 0.00  16
244.130 3.00  12
247.470 0.00  12
247.470 1.00  12
248.475 0.00  12
248.475 0.00  16

999 0 0