21.940 0.00  2
22.852 1.00  2
24.375 0.00  1
25.282 1.50  2
26.797 0.00  2
27.700 1.00  2
29.202 0.00  1
30.115 0.00  2
30.725 0.50  4
31.637 0.00  2
32.540 1.00  2
34.042 0.00  1
34.955 1.00  2
36.475 0.00  1
37.377 1.00  2
38.880 0.00  1
39.505 0.00  2
40.407 0.00  1
41.010 1.00  4
42.847 0.00  4
43.762 0.00  4
44.675 0.00  4
45.277 2.00  2
47.662 0.00  4
48.557 0.00  2
49.765 1.00  2
51.562 0.00  2
52.195 0.50  4
53.400 0.00  2
53.992 0.00  4
54.597 2.00  4
57.007 0.00  1
57.622 0.00  2
58.235 0.00  2
59.722 0.00  4
60.615 0.00  4
61.212 1.50  2
63.295 0.00  1
64.175 0.00  2
65.055 0.00  4
65.942 0.00  4
66.600 1.00  4
68.070 0.00  1
68.950 0.00  1
69.852 0.00  1
70.740 0.00  4
71.360 0.00  4
71.962 0.00  1
72.565 0.00  2
73.135 1.00  2
74.895 0.00  1
75.507 0.00  2
76.127 0.00  1
76.715 0.00  4
77.320 1.00  4
79.112 1.00  1
80.890 1.50  4
82.690 1.00  1
84.482 1.00  4
86.270 1.00  2
88.042 1.00  1
89.837 0.50  1
91.030 0.00  2
91.627 0.50  2
92.825 0.00  4
93.425 0.00  1
94.010 0.00  2
94.595 0.00  2
95.180 0.00  4
95.765 0.00  4
96.352 0.00  4
96.940 0.00  2
97.527 0.00  2
98.115 0.00  2
98.702 0.00  1
99.290 0.00  1
99.907 0.00  1
100.480 0.00  1
101.067 0.00  2
101.655 0.00  2
102.242 0.00  4
102.835 0.00  4
103.425 0.00  4
104.017 0.00  2
104.610 0.00  2
105.200 0.00  2
105.792 0.00  1
106.382 0.00  1
106.975 0.50  4
107.567 1.00  4
109.340 1.00  1
111.130 1.00  4
112.907 0.50  1
114.085 0.00  2
114.685 1.00  4
116.475 1.00  2
118.265 1.00  1
120.037 0.00  1
120.640 0.00  2
121.222 1.00  4
123.022 1.00  1
124.797 1.50  4
126.615 0.50  1
127.792 0.00  2
128.400 1.00  4
130.177 1.00  2
131.965 1.00  1
133.722 0.00  1
134.330 0.00  2
134.922 0.50  2
136.075 0.00  4
136.642 0.00  2
137.205 0.00  1
137.782 0.00  4
138.365 0.50  2
139.540 0.00  4
140.107 0.00  1
140.670 0.00  2
141.242 0.00  4
141.792 0.00  1
142.395 0.00  2
142.997 0.00  2
143.600 0.00  4
144.185 0.00  4
144.772 0.00  4
145.357 0.00  2
145.945 0.00  2
146.530 0.00  2
147.117 0.00  1
147.705 0.00  1
148.290 0.00  1
148.885 0.00  1
149.480 0.00  2
150.075 0.00  2
150.670 0.00  4
151.262 0.00  4
151.855 0.00  4
152.445 0.00  2
153.037 0.00  2
153.627 0.00  2
154.220 0.00  1
154.810 0.00  1
155.417 0.50  4
156.047 1.00  4
157.845 1.00  1
159.617 1.00  4
161.395 0.50  1
162.575 0.00  2
163.195 1.00  4
164.985 1.50  2
166.780 1.00  1
168.550 0.00  1
169.150 0.00  2
169.747 1.00  4
171.547 1.00  1
173.330 1.00  4
175.087 0.50  1
176.282 0.00  2
176.885 1.00  4
178.682 1.00  2
180.475 1.00  1
182.252 0.00  1
182.850 0.00  2
183.432 0.50  2
184.615 0.00  4
185.175 0.00  2
185.750 0.00  1
186.322 0.00  4
186.895 0.50  2
188.052 0.00  4
188.620 0.00  1
189.190 0.00  2
189.770 0.00  4
190.360 0.00  1
190.945 0.00  2
191.530 0.00  2
192.115 0.00  4
192.710 0.00  4
193.302 0.00  4
193.897 0.00  2
194.490 0.00  2
195.085 0.00  2
195.680 0.00  1
196.275 0.00  1
196.867 0.00  4
197.435 0.50  4
198.030 0.00  4
198.625 0.00  2
199.220 0.00  2
199.815 0.50  1
201.000 0.00  4
201.592 0.00  2
202.185 0.00  2
202.762 0.50  1
203.917 0.00  4
204.515 0.50  4
205.150 0.00  4
205.737 0.00  2
206.325 0.50  1
206.912 0.00  1
207.500 0.00  2
208.107 0.50  4
209.580 1.50  1
211.635 0.00  2
212.232 0.00  2
212.830 0.00  1
213.427 0.00  4
214.000 0.00  4
214.570 0.00  2
215.127 1.00  4
216.845 0.00  2
217.440 0.50  2
218.625 0.50  2
219.752 0.00  4
220.307 0.00  2
220.890 0.00  1
221.460 0.00  4
222.042 0.50  2
223.175 0.00  4
223.750 0.00  1
224.332 0.00  2
224.932 0.00  4
225.485 0.50  2
226.602 0.00  4
227.170 0.00  2
227.730 0.00  1
228.282 0.00  4
228.850 0.50  2
229.992 0.00  4
230.545 0.00  1
231.112 0.00  2
231.650 0.00  4
232.210 0.50  2
233.330 0.00  4
233.897 0.00  2
234.460 0.00  1
235.037 0.00  4
235.607 0.50  2
236.710 0.00  2
237.252 0.50  4
237.792 0.50  4
238.342 0.00  4
238.905 0.50  1
240.007 0.00  1
240.542 0.00  2
241.095 0.00  2
241.640 0.00  2
242.175 0.50  2
243.255 0.00  2
243.815 0.50  4
244.357 0.50  4
244.910 0.00  2
245.470 0.50  1
246.585 0.00  1
247.140 0.00  2
247.675 0.00  2
248.215 0.00  2
248.755 0.50  2
249.850 0.00  2
250.405 0.50  4
250.972 0.50  4
251.522 0.00  2
252.092 0.50  1
253.210 0.00  1
253.740 0.00  2
254.267 0.00  2
254.792 0.00  2
255.315 0.50  2
256.452 0.00  2
257.000 0.50  4
257.545 0.50  4
258.092 0.00  2
258.642 0.50  1
259.735 0.00  1
260.267 0.00  2
260.825 0.00  2
261.370 0.00  2
261.925 0.50  4
262.472 0.00  4
263.022 0.00  4
263.567 0.00  2
264.112 0.00  2
264.645 0.00  2
265.192 0.50  1
266.275 0.00  1
266.805 0.00  2
267.355 0.00  2
267.882 0.00  2
268.435 0.50  4
268.972 0.00  4
269.510 0.00  4
270.025 0.00  2
270.570 0.00  2
271.110 0.00  2
271.660 0.50  1
272.465 0.00  1
273.007 0.00  1
273.270 0.00  2
273.827 0.00  2
274.370 0.00  2
274.915 4.00  3
279.197 0.00  1
279.745 0.00  3
280.295 0.00  1
280.830 0.00  3
281.395 0.00  1
281.915 0.00  3
282.472 0.00  1
283.012 0.00  3
283.557 0.00  1
284.095 0.50  3
284.640 0.00  1
285.160 0.00  3
285.710 0.00  1
286.237 0.50  3
286.780 0.00  1
287.315 0.00  3
287.850 0.00  1
288.377 0.50  3
288.932 0.00  1
289.447 0.00  3
290.012 0.00  1
290.535 0.50  3
291.075 0.00  1
291.615 0.00  3
292.152 0.00  1
292.687 0.50  3
293.247 0.00  1
293.767 0.00  3
294.327 0.00  1
294.845 0.50  3
295.395 0.00  1
295.920 0.00  3
296.495 0.00  1
297.022 0.00  3
297.587 0.00  1
298.112 0.00  3
298.670 0.00  1
299.190 0.00  3
299.765 0.00  1
300.302 0.00  3
300.842 0.00  1
301.365 0.00  3
301.927 0.00  1
302.455 0.00  3
303.030 0.00  1
303.540 0.00  3
304.090 0.00  1
304.625 0.00  3
305.160 0.00  1
305.695 0.00  2
306.260 0.00  1
306.757 0.00  4
307.292 0.00  1
307.830 0.00  2
308.362 0.00  1
308.897 0.00  4
309.470 0.00  1
309.987 0.00  2
310.530 0.00  1
311.072 0.00  4
311.630 0.00  1
312.165 0.00  2
312.705 0.00  1
313.245 0.00  2
313.820 0.00  1
314.355 0.00  3
314.892 0.00  1
315.425 0.00  3
315.967 0.00  1
316.502 0.00  3
317.025 0.00  1
317.557 0.00  3
318.112 0.00  1
318.655 0.00  3
319.210 0.00  1
319.730 0.00  3
320.280 0.00  1
320.805 0.00  3
321.337 0.00  1
321.877 0.00  3
322.417 0.00  1
322.962 0.00  3
323.782 0.00  3
324.327 0.00  6
325.142 0.00  3
325.952 0.00  3
326.492 0.00  6
327.305 0.00  3
328.122 0.00  3
328.665 0.00  6
329.470 0.00  3
330.267 0.00  3
330.800 0.00  6
331.610 0.00  1
332.410 0.00  1
332.955 0.00  1
333.777 0.00  1
334.582 0.00  1
335.450 0.00  1
335.972 0.00  3
336.752 0.00  3
337.272 0.00  6
338.067 0.00  3
338.867 0.00  3
339.402 0.00  6
340.212 0.00  3
341.032 0.00  3
341.582 0.00  6
342.387 0.00  3
343.195 0.00  3
343.722 0.00  6
343.985 0.00  1
344.500 0.00  3
345.290 0.00  3
345.835 0.00  3
346.660 0.00  3
347.492 0.00  3
348.322 0.00  2
348.725 0.00  2
349.125 0.00  2
349.392 0.00  4
349.795 0.00  4
350.195 0.00  4
350.460 0.00  1
350.860 0.00  1
351.262 0.00  1
351.530 0.00  2
351.930 0.00  2
352.330 0.00  2
352.597 0.00  1
353.002 0.00  1
353.407 0.00  1
353.677 0.00  2
354.082 0.00  2
354.487 0.00  2
354.757 0.00  4
355.295 0.00  2
355.835 0.00  2
356.372 0.00  1
356.910 0.00  1
357.180 0.00  1
357.450 0.00  1
357.720 0.00  2
357.990 0.00  4
358.530 0.00  2
359.125 0.50  4
359.660 1.00  4
360.992 0.00  1
361.530 0.00  1
362.070 0.00  1
362.610 0.00  1
363.150 0.00  1
363.700 0.00  1
364.262 0.00  1
364.545 0.00  4
364.805 0.00  4
365.067 0.00  4
365.592 0.00  4
365.865 0.00  4
366.135 0.00  4
366.677 0.00  2
366.942 0.00  2
367.210 0.00  2
367.475 0.00  2
367.742 0.00  4
368.012 0.00  1
368.282 0.00  4
368.552 0.00  1
368.822 0.00  4
369.350 0.00  2
369.875 0.00  1
370.425 0.00  4
370.975 0.00  2
371.515 0.00  1
372.055 0.00  2
372.612 1.50  4
374.215 0.00  4
374.745 0.00  4
375.275 0.00  2
375.802 0.50  1
376.600 0.00  2
377.132 0.00  2
377.665 0.00  2
378.197 0.00  2
378.465 0.50  4
379.262 1.00  4
380.882 0.00  2
381.422 0.00  2
381.827 0.00  4
382.230 0.00  2
382.770 0.00  4
383.035 0.00  4
383.297 0.00  4
383.562 0.00  4
383.825 0.00  4
384.090 0.00  4
384.355 0.00  4
384.882 0.00  4
385.410 0.00  4
385.952 0.00  4
386.525 0.00  2
387.097 0.00  1
387.647 0.00  3
388.455 0.00  3
388.987 0.00  6
389.787 0.00  3
390.590 0.00  3
391.130 0.00  6
391.937 0.00  3
392.745 0.00  3
393.275 0.00  6
394.072 0.00  3
394.867 0.00  3
395.380 0.00  6
395.635 0.00  1
396.192 0.00  1
396.745 0.00  4
397.295 0.00  2
397.845 0.50  1
398.647 0.50  2
399.450 0.00  4
399.985 0.00  4
400.517 0.00  2
401.050 0.00  2
401.575 0.00  1
402.110 0.50  1
402.910 0.50  2
403.715 0.00  4
404.250 0.00  4
404.785 0.00  2
405.317 0.00  4
405.850 0.00  2
406.387 0.50  1
407.195 0.50  2
407.997 0.00  4
408.535 0.00  4
409.070 0.00  2
409.605 0.00  2
410.137 0.00  1
410.675 0.50  1
411.485 0.50  2
412.292 0.00  4
412.830 0.00  4
413.365 0.00  2
413.902 0.00  1
414.440 0.00  4
414.977 0.00  2
415.512 0.00  1
416.045 0.00  4
416.577 0.00  2
417.110 0.00  1
417.650 0.00  3
418.462 0.00  3
418.997 0.00  6
419.805 0.00  3
420.600 0.00  3
421.150 0.00  6
421.952 0.00  3
422.745 0.00  3
423.290 0.00  6
424.087 0.00  3
424.887 0.00  3
425.437 0.00  6
425.977 0.00  4
426.505 0.00  4
427.035 0.00  4
427.562 0.00  4
428.370 0.00  3
429.165 0.00  3
429.695 0.00  6
430.220 0.00  4
430.742 0.00  4
431.272 0.00  4
431.805 0.00  4
432.625 0.00  3
432.897 0.00  3
433.440 0.00  6
433.982 0.00  6
434.792 0.00  3
435.057 0.00  3
435.595 0.00  6
436.130 0.00  6
436.937 0.00  3
437.205 0.00  3
437.742 0.00  6
438.275 0.00  6
439.072 0.00  3
439.337 0.00  3
439.865 0.00  4
440.390 0.00  4
440.917 0.00  4
441.457 0.00  4
442.267 0.00  3
443.080 0.00  3
443.620 0.00  6
443.892 0.00  3
444.422 0.00  3
444.687 0.00  3
445.215 0.00  3
445.245 0.00  3

999 0 0