21.935 0.00  2
22.242 0.00  8
22.547 0.00  2
22.852 1.50  4
24.375 0.00  1
24.677 0.00  8
24.980 0.00  1
25.282 1.50  4
26.797 0.00  2
27.100 0.00  8
27.400 0.00  2
27.700 1.50  4
29.202 0.00  1
29.507 0.00  8
29.812 0.00  1
30.115 0.00  4
30.725 0.50  8
31.637 0.00  2
31.937 0.00  8
32.237 0.00  2
32.540 1.00  4
34.042 0.00  1
34.345 0.00  8
34.650 0.00  1
34.955 1.50  4
36.475 0.00  1
36.775 0.00  8
37.075 0.00  1
37.377 1.50  4
38.880 0.00  1
39.192 0.00  4
39.505 0.00  2
39.810 0.00  4
40.115 0.00  4
40.407 0.00  1
40.702 0.00  2
41.010 0.00  8
41.315 1.00  4
42.847 0.00  8
43.155 0.00  2
43.762 0.00  8
44.067 0.00  1
44.675 0.00  8
44.980 0.00  8
45.277 2.00  2
47.662 0.00  8
48.110 0.00  4
48.557 0.00  4
49.010 0.00  2
49.462 0.00  1
49.765 1.00  2
51.562 0.00  2
51.880 0.00  4
52.195 0.50  4
53.400 0.00  2
53.697 0.00  4
53.992 0.00  8
54.295 0.00  2
54.597 2.00  2
57.007 0.00  1
57.315 0.00  4
57.622 0.00  2
57.930 0.00  4
58.235 0.00  2
58.532 0.00  8
58.830 0.00  2
59.127 0.00  4
59.722 0.00  4
60.020 0.00  8
60.615 0.00  4
60.915 0.00  2
61.212 1.50  1
63.295 0.00  1
63.590 0.00  1
64.175 0.00  2
64.467 0.00  2
65.055 0.00  4
65.345 0.00  4
65.942 0.00  8
66.270 0.00  8
66.600 1.00  4
68.070 0.00  1
68.365 0.00  2
68.657 0.00  4
68.950 0.00  1
69.257 0.00  2
69.565 0.00  8
69.852 0.00  1
70.142 0.00  2
70.440 0.00  2
70.740 0.00  4
71.050 0.00  8
71.360 0.00  4
71.660 0.00  2
71.962 0.00  1
72.262 0.00  2
72.565 0.00  2
72.992 0.00  4
73.135 1.00  1
74.895 0.00  1
75.202 0.00  4
75.507 0.00  2
75.817 0.00  4
76.127 0.00  1
76.420 0.00  4
76.715 0.00  8
77.017 0.00  2
77.320 0.00  2
77.620 0.00  8
77.922 0.00  2
78.225 0.00  4
78.525 0.00  8
78.820 0.00  4
79.112 0.00  1
79.405 0.00  8
79.700 0.00  1
79.992 0.00  4
80.285 0.00  8
80.587 0.00  4
80.890 0.00  2
81.190 0.00  8
81.492 0.00  2
81.795 0.00  4
82.095 0.00  8
82.392 0.00  4
82.690 0.00  1
82.990 0.00  8
83.285 0.00  1
83.585 0.00  4
83.880 0.00  8
84.182 0.00  4
84.482 0.00  2
84.782 0.00  8
85.082 0.00  2
85.382 0.00  4
85.682 0.00  8
85.975 0.00  4
86.270 0.00  1
86.562 0.00  8
86.855 0.00  1
87.147 0.00  2
87.440 0.00  4
87.742 0.00  8
88.042 0.00  1
88.342 0.00  8
88.642 0.00  1
88.942 0.00  4
89.242 0.00  8
89.540 0.00  4
89.837 0.00  1
90.135 0.00  4
90.432 0.00  1
90.730 0.00  4
91.030 0.00  2
91.327 0.00  8
91.627 0.00  4
91.927 0.00  8
92.227 0.00  8
92.525 0.00  2
92.825 0.00  4
93.125 0.00  8
93.425 0.00  1
93.717 0.00  4
94.010 0.00  2
94.302 0.00  8
94.595 0.00  2
94.887 0.00  4
95.180 0.00  8
95.472 0.00  4
95.765 0.00  8
96.057 0.00  4
96.352 0.00  8
96.645 0.00  4
96.940 0.00  1
97.235 0.00  4
97.527 0.00  2
97.822 0.00  8
98.410 0.00  2
98.702 0.00  2
98.997 0.00  4
99.290 0.00  2
99.600 0.00  4
99.907 0.00  8
100.480 0.00  1
100.772 0.00  4
101.067 0.00  2
101.360 0.00  8
101.655 0.00  2
101.947 0.00  4
102.242 0.00  8
102.537 0.00  4
102.835 0.00  8
103.130 0.00  4
103.425 0.00  8
103.720 0.00  4
104.017 0.00  1
104.312 0.00  4
104.610 0.00  2
104.905 0.00  8
105.200 0.00  4
105.495 0.00  4
105.792 0.00  2
106.087 0.00  1
106.382 0.00  2
106.680 0.00  8
106.975 0.50  4
107.567 0.00  2
107.862 0.00  8
108.160 0.00  2
108.455 0.00  4
108.750 0.00  8
109.045 0.00  4
109.340 0.00  1
109.640 0.00  8
109.940 0.00  1
110.240 0.00  4
110.537 0.00  8
110.835 0.00  4
111.130 0.00  2
111.427 0.00  8
111.725 0.00  2
112.020 0.00  4
112.317 0.00  8
112.612 0.00  4
112.907 0.00  1
113.202 0.00  8
113.495 0.00  1
113.790 0.00  4
114.085 0.50  6
114.685 0.00  2
114.982 0.00  8
115.282 0.00  2
115.580 0.00  4
115.880 0.00  8
116.177 0.00  4
116.475 0.00  1
116.775 0.00  8
117.072 0.00  1
117.370 0.00  2
117.667 0.00  4
117.965 0.00  8
118.265 0.00  1
118.562 0.00  8
118.862 0.00  1
119.160 0.00  4
119.460 0.00  8
119.747 0.00  4
120.037 0.00  1
120.340 0.00  4
120.640 0.00  2
120.932 0.00  4
121.222 0.00  2
121.522 0.00  8
121.822 0.00  2
122.122 0.00  4
122.422 0.00  8
122.722 0.00  4
123.022 0.00  1
123.322 0.00  8
123.622 0.00  1
123.922 0.00  4
124.222 0.00  8
124.510 0.00  4
124.797 0.00  2
125.105 0.00  8
125.412 0.00  2
125.720 0.00  4
126.025 0.00  8
126.320 0.00  4
126.615 0.00  1
126.910 0.00  8
127.202 0.00  1
127.497 0.00  4
127.792 0.50  6
128.400 0.00  2
128.697 0.00  8
128.995 0.00  2
129.290 0.00  4
129.585 0.00  8
129.882 0.00  4
130.177 0.00  1
130.475 0.00  8
130.772 0.00  1
131.070 0.00  2
131.367 0.00  4
131.665 0.00  8
131.965 0.00  1
132.260 0.00  8
132.560 0.00  1
132.857 0.00  4
133.155 0.00  8
133.437 0.00  4
133.722 0.00  1
134.025 0.00  4
134.330 0.00  2
134.627 0.00  4
134.922 0.50  6
135.792 0.00  4
136.075 0.00  8
136.357 0.00  4
136.642 0.50  6
137.205 0.50  3
137.782 0.50  12
138.365 0.50  6
139.247 0.00  4
139.540 0.00  8
139.825 0.00  4
140.107 0.50  6
140.670 0.50  4
141.242 0.50  8
141.792 0.00  1
142.092 0.00  4
142.395 0.00  2
142.695 0.00  8
142.997 0.00  2
143.297 0.00  4
143.600 0.00  8
143.892 0.00  4
144.185 0.00  8
144.480 0.00  4
144.772 0.00  8
145.065 0.00  4
145.357 0.00  1
145.652 0.00  4
145.945 0.00  2
146.237 0.00  8
146.530 0.00  4
147.117 0.00  2
147.410 0.00  4
147.705 0.00  2
147.997 0.00  4
148.290 0.00  8
148.885 0.00  1
149.182 0.00  4
149.480 0.00  2
149.777 0.00  8
150.075 0.00  2
150.372 0.00  4
150.670 0.00  8
150.967 0.00  4
151.262 0.00  8
151.557 0.00  4
151.855 0.00  8
152.150 0.00  4
152.445 0.00  1
152.740 0.00  4
153.037 0.00  2
153.332 0.00  8
153.627 0.00  4
153.925 0.00  4
154.220 0.00  2
154.515 0.00  1
154.810 0.00  2
155.115 0.00  8
155.417 0.50  4
156.047 0.00  2
156.350 0.00  8
156.650 0.00  2
156.952 0.00  4
157.255 0.00  8
157.550 0.00  4
157.845 0.00  1
158.140 0.00  8
158.435 0.00  1
158.730 0.00  4
159.025 0.00  8
159.320 0.00  4
159.617 0.00  2
159.915 0.00  8
160.210 0.00  2
160.507 0.00  4
160.805 0.00  8
161.100 0.00  4
161.395 0.00  1
161.690 0.00  8
161.985 0.00  1
162.280 0.00  4
162.575 0.50  6
163.195 0.00  2
163.495 0.00  8
163.797 0.00  2
164.100 0.00  4
164.402 0.00  8
164.695 0.00  4
164.985 0.00  1
165.290 0.00  8
165.590 0.00  1
165.895 0.00  2
166.197 0.00  4
166.490 0.00  8
166.780 0.00  1
167.075 0.00  8
167.365 0.00  1
167.657 0.00  4
167.950 0.00  8
168.250 0.00  4
168.550 0.00  1
168.850 0.00  4
169.150 0.00  2
169.450 0.00  4
169.747 0.00  2
170.047 0.00  8
170.347 0.00  2
170.647 0.00  4
170.947 0.00  8
171.247 0.00  4
171.547 0.00  1
171.850 0.00  8
172.150 0.00  1
172.450 0.00  4
172.750 0.00  8
173.040 0.00  4
173.330 0.00  2
173.620 0.00  8
173.910 0.00  2
174.200 0.00  4
174.490 0.00  8
174.790 0.00  4
175.087 0.00  1
175.387 0.00  8
175.685 0.00  1
175.985 0.00  4
176.282 0.50  6
176.885 0.00  2
177.185 0.00  8
177.485 0.00  2
177.787 0.00  4
178.087 0.00  8
178.385 0.00  4
178.682 0.00  1
178.982 0.00  8
179.282 0.00  1
179.582 0.00  2
179.882 0.00  4
180.177 0.00  8
180.475 0.00  1
180.770 0.00  8
181.067 0.00  1
181.365 0.00  4
181.660 0.00  8
181.955 0.00  4
182.252 0.00  1
182.550 0.00  4
182.850 0.00  2
183.140 0.00  4
183.432 0.50  6
184.322 0.00  4
184.615 0.00  8
184.895 0.00  4
185.175 0.50  6
185.750 0.50  3
186.322 0.50  12
186.895 0.50  6
187.770 0.00  4
188.052 0.00  8
188.337 0.00  4
188.620 0.50  6
189.190 0.50  4
189.770 0.50  8
190.360 0.00  1
190.652 0.00  4
190.945 0.00  2
191.237 0.00  8
191.530 0.00  2
191.822 0.00  4
192.115 0.00  8
192.412 0.00  4
192.710 0.00  8
193.005 0.00  4
193.302 0.00  8
193.600 0.00  4
193.897 0.00  1
194.195 0.00  4
194.490 0.00  2
194.787 0.00  8
195.085 0.00  4
195.382 0.00  2
195.680 0.00  2
195.977 0.00  4
196.275 0.00  2
196.867 0.00  8
197.150 0.00  2
197.435 0.50  8
198.030 0.00  8
198.327 0.00  4
198.625 0.00  2
198.920 0.00  1
199.220 0.00  2
199.565 0.00  4
199.815 1.00  1
201.000 0.00  8
201.295 0.00  4
201.592 0.00  2
201.890 0.00  1
202.185 0.00  2
202.522 0.00  4
202.762 1.00  2
203.917 0.00  8
204.215 0.00  2
204.515 0.50  8
205.150 0.00  8
205.445 0.00  4
205.737 0.00  2
206.032 0.00  4
206.325 0.50  1
206.912 0.00  1
207.205 0.00  1
207.500 0.00  2
207.802 0.00  4
208.107 0.00  8
208.415 0.00  8
208.725 0.00  8
209.005 0.00  4
209.285 0.00  2
209.580 1.50  1
211.635 0.00  6
211.935 0.00  6
212.232 0.00  6
212.530 0.00  6
212.830 0.00  2
213.427 0.00  12
213.712 0.00  12
214.000 0.00  12
214.285 0.00  12
214.570 0.00  4
215.127 0.00  8
215.415 0.00  8
215.700 0.00  8
215.987 0.00  8
216.275 0.00  8
216.560 0.00  8
216.845 0.00  2
217.142 0.00  4
217.440 0.00  2
217.735 0.50  2
218.625 0.50  6
219.472 0.00  4
219.752 0.00  8
220.030 0.00  4
220.307 0.50  6
220.890 0.50  3
221.460 0.50  12
222.042 0.50  6
222.892 0.00  4
223.175 0.00  8
223.462 0.00  4
223.750 0.50  6
224.332 0.50  12
224.932 0.50  8
225.485 0.50  6
226.322 0.00  4
226.602 0.00  8
226.885 0.00  4
227.170 0.50  6
227.730 0.50  3
228.282 0.50  12
228.850 0.50  6
229.707 0.00  4
229.992 0.00  8
230.270 0.00  4
230.545 0.50  6
231.112 0.50  12
231.650 0.50  8
232.210 0.50  6
233.050 0.00  4
233.330 0.00  8
233.612 0.00  4
233.897 0.50  6
234.460 0.50  3
235.037 0.50  12
235.607 0.50  2
236.430 0.00  4
236.710 0.00  2
236.980 0.00  4
237.252 0.50  4
237.792 0.50  4
238.342 0.00  4
238.905 0.50  4
239.725 0.00  1
240.007 0.00  4
240.275 0.00  1
240.542 0.00  8
240.820 0.00  1
241.095 0.00  8
241.367 0.00  1
241.640 0.00  8
241.907 0.00  1
242.175 0.50  2
242.982 0.00  4
243.255 0.00  2
243.535 0.00  4
243.815 0.50  4
244.357 0.50  4
244.910 0.00  4
245.470 0.50  4
246.310 0.00  1
246.585 0.00  4
246.862 0.00  1
247.140 0.00  8
247.407 0.00  8
247.675 0.00  8
247.945 0.00  1
248.215 0.00  8
248.485 0.00  1
248.755 0.50  2
249.575 0.00  4
249.850 0.00  2
250.127 0.00  4
250.405 0.50  4
250.972 0.50  4
251.522 0.00  4
252.092 0.50  4
252.930 0.00  1
253.210 0.00  4
253.475 0.00  1
253.740 0.00  8
254.005 0.00  1
254.267 0.00  8
254.530 0.00  1
254.792 0.00  8
255.055 0.00  1
255.315 0.50  2
256.170 0.00  4
256.452 0.00  2
256.725 0.00  4
257.000 0.50  4
257.545 0.50  4
258.092 0.00  4
258.642 0.50  4
259.455 0.00  1
259.735 0.00  4
260.002 0.00  1
260.267 0.00  8
260.547 0.00  8
260.825 0.00  8
261.097 0.00  1
261.370 0.00  8
261.647 0.00  1
261.925 0.50  12
262.472 0.00  4
262.747 0.00  8
263.022 0.00  4
263.295 0.00  8
263.567 0.00  4
263.840 0.00  4
264.112 0.00  4
264.377 0.00  8
264.645 0.50  4
265.192 0.50  6
266.002 0.00  1
266.275 0.00  4
266.540 0.00  1
266.805 0.00  8
267.080 0.00  8
267.355 0.00  8
267.617 0.00  1
267.882 0.00  8
268.157 0.00  1
268.435 0.50  12
268.972 0.00  4
269.240 0.00  8
269.510 0.00  4
269.767 0.00  8
270.025 0.00  4
270.297 0.00  4
270.570 0.00  4
270.840 0.00  8
271.110 0.50  4
271.660 0.50  6
272.465 0.00  1
272.742 0.00  4
273.007 0.00  1
273.270 0.00  8
273.547 0.00  8
273.827 0.00  8
274.100 0.00  1
274.370 0.00  8
274.642 0.00  1
274.915 4.00  10
279.197 0.00  1
279.470 0.00  1
279.745 0.00  3
280.295 0.00  1
280.562 0.00  1
280.830 0.00  3
281.395 0.00  1
281.655 0.00  1
281.915 0.00  3
282.472 0.00  1
282.742 0.00  1
283.012 0.00  3
283.557 0.00  1
283.825 0.00  1
284.095 0.50  3
284.640 0.00  1
284.900 0.00  1
285.160 0.00  3
285.710 0.00  1
285.975 0.00  1
286.237 0.50  3
286.780 0.00  1
287.047 0.00  1
287.315 0.00  3
287.582 0.00  6
287.850 0.00  1
288.115 0.00  1
288.377 0.50  3
288.932 0.00  1
289.190 0.00  1
289.447 0.00  3
289.730 0.00  6
290.012 0.00  1
290.275 0.00  1
290.535 0.50  3
291.075 0.00  1
291.345 0.00  1
291.615 0.00  3
291.885 0.00  6
292.152 0.00  1
292.420 0.00  1
292.687 0.50  3
293.247 0.00  1
293.507 0.00  1
293.767 0.00  3
294.047 0.00  6
294.327 0.00  1
294.585 0.00  1
294.845 0.50  3
295.395 0.00  1
295.657 0.00  1
295.920 0.00  3
296.207 0.00  6
296.495 0.00  1
296.760 0.00  1
297.022 0.00  3
297.587 0.00  1
297.850 0.00  1
298.112 0.00  3
298.670 0.00  1
298.930 0.00  1
299.190 0.00  3
299.765 0.00  1
300.035 0.00  1
300.302 0.00  3
300.572 0.00  6
300.842 0.00  1
301.102 0.00  1
301.365 0.00  3
301.927 0.00  1
302.192 0.00  1
302.455 0.00  3
303.030 0.00  1
303.285 0.00  1
303.540 0.00  3
304.090 0.00  1
304.357 0.00  1
304.625 0.00  3
304.892 0.00  6
305.160 0.00  1
305.427 0.00  1
305.695 0.50  4
306.260 0.00  1
306.510 0.00  1
306.757 0.00  4
307.025 0.00  8
307.292 0.00  1
307.560 0.00  1
307.830 0.50  2
308.362 0.00  1
308.630 0.00  1
308.897 0.00  2
309.185 0.00  8
309.470 0.00  1
309.730 0.00  1
309.987 0.50  4
310.530 0.00  1
310.802 0.00  1
311.072 0.00  4
311.352 0.00  8
311.630 0.00  1
311.897 0.00  1
312.165 0.50  2
312.705 0.00  1
312.975 0.00  1
313.245 0.00  2
313.532 0.00  1
313.820 0.00  1
314.085 0.00  1
314.355 0.00  3
314.892 0.00  1
315.160 0.00  1
315.425 0.00  3
315.967 0.00  1
316.235 0.00  1
316.502 0.00  3
317.025 0.00  1
317.290 0.00  1
317.557 0.00  3
317.835 0.00  6
318.112 0.00  1
318.385 0.00  1
318.655 0.00  3
319.210 0.00  1
319.470 0.00  1
319.730 0.00  3
320.280 0.00  1
320.542 0.00  1
320.805 0.00  3
321.337 0.00  1
321.607 0.00  1
321.877 0.00  3
322.147 0.00  6
322.417 0.00  1
322.690 0.00  1
322.962 0.00  3
323.235 0.00  1
323.510 0.00  1
323.782 0.00  3
324.055 0.00  1
324.327 0.00  6
324.600 0.00  1
324.870 0.00  1
325.142 0.00  3
325.412 0.00  1
325.682 0.00  1
325.952 0.00  3
326.222 0.00  1
326.492 0.00  6
326.762 0.00  1
327.035 0.00  1
327.305 0.00  3
327.577 0.00  1
327.850 0.00  1
328.122 0.00  3
328.392 0.00  1
328.665 0.00  6
328.937 0.00  1
329.202 0.00  1
329.470 0.00  3
329.735 0.00  1
330.000 0.00  1
330.267 0.00  3
330.535 0.00  1
330.800 0.00  6
331.065 0.00  1
331.337 0.00  1
331.610 0.00  1
331.882 0.00  1
332.145 0.00  1
332.410 0.00  1
332.672 0.00  1
332.955 0.00  1
333.240 0.00  1
333.510 0.00  1
333.777 0.00  1
334.045 0.00  1
334.315 0.00  1
334.582 0.00  1
334.850 0.00  1
335.150 0.00  1
335.450 0.00  1
335.712 0.00  1
335.972 0.00  3
336.232 0.00  1
336.492 0.00  1
336.752 0.00  3
337.012 0.00  1
337.272 0.00  6
337.532 0.00  1
337.800 0.00  1
338.067 0.00  3
338.335 0.00  1
338.600 0.00  1
338.867 0.00  3
339.135 0.00  1
339.402 0.00  6
339.670 0.00  1
339.940 0.00  1
340.212 0.00  3
340.485 0.00  1
340.757 0.00  1
341.032 0.00  3
341.307 0.00  1
341.582 0.00  6
341.857 0.00  1
342.122 0.00  1
342.387 0.00  3
342.650 0.00  1
342.922 0.00  1
343.195 0.00  3
343.460 0.00  1
343.722 0.00  6
343.985 0.00  1
344.242 0.00  1
344.500 0.00  3
344.757 0.00  1
345.025 0.00  1
345.290 0.00  3
345.557 0.00  1
345.835 0.00  3
346.110 0.00  1
346.385 0.00  1
346.660 0.00  3
346.937 0.00  1
347.215 0.00  1
347.492 0.00  3
347.770 0.00  1
348.045 0.00  1
348.322 0.00  1
348.455 0.00  2
348.590 0.00  4
348.725 0.00  1
348.857 0.00  2
348.992 0.00  4
349.125 0.00  1
349.392 0.00  2
349.527 0.00  4
349.660 0.00  8
349.795 0.00  2
349.927 0.00  4
350.060 0.00  8
350.195 0.00  2
350.460 0.00  1
350.595 0.00  2
350.727 0.00  4
350.860 0.00  1
350.995 0.00  2
351.127 0.00  4
351.262 0.00  1
351.530 0.00  2
351.662 0.00  4
351.795 0.00  8
351.930 0.00  2
352.062 0.00  4
352.195 0.00  8
352.330 0.00  2
352.597 0.00  1
352.732 0.00  2
352.867 0.00  4
353.002 0.00  1
353.137 0.00  2
353.272 0.00  4
353.407 0.00  1
353.677 0.00  2
353.812 0.00  4
353.947 0.00  8
354.082 0.00  2
354.217 0.00  4
354.352 0.00  8
354.487 0.00  2
354.847 0.00  8
354.982 0.00  4
355.160 0.00  2
355.340 0.00  8
355.542 0.00  4
355.700 0.00  2
355.857 0.00  8
356.080 0.00  4
356.260 0.00  2
356.417 0.00  4
356.597 0.00  2
356.710 0.00  1
356.910 0.00  1
357.180 0.00  2
357.450 0.00  2
357.720 0.00  2
357.990 0.00  4
358.260 0.00  8
358.530 0.00  2
358.827 0.00  4
359.125 0.50  8
359.660 0.00  8
359.925 0.50  8
360.992 0.00  1
361.260 0.00  8
361.530 0.00  1
361.800 0.00  8
362.070 0.00  1
362.340 0.00  8
362.610 0.00  1
362.880 0.00  8
363.150 0.00  1
363.420 0.00  8
363.700 0.00  1
363.982 0.00  8
364.262 0.00  1
364.545 0.00  8
364.805 0.00  8
365.067 0.00  8
365.330 0.00  8
365.592 0.00  8
365.865 0.00  8
366.135 0.00  8
366.405 0.00  8
366.677 0.00  2
366.942 0.00  2
367.210 0.00  2
367.475 0.00  2
367.742 0.00  8
368.012 0.00  2
368.282 0.00  8
368.552 0.00  2
368.822 0.00  8
369.085 0.00  4
369.350 0.00  4
369.612 0.00  2
369.875 0.00  2
370.150 0.00  1
370.425 0.00  8
370.700 0.00  4
370.975 0.00  4
371.245 0.00  2
371.515 0.00  8
371.785 0.00  4
372.055 0.00  2
372.335 0.00  1
372.612 0.00  4
372.822 0.00  4
373.030 0.00  4
373.235 0.00  4
373.432 0.50  4
373.955 0.00  4
374.215 0.00  4
374.390 0.00  2
374.567 0.00  8
374.745 0.00  4
374.920 0.00  2
375.097 0.00  1
375.275 0.00  8
375.450 0.00  4
375.627 0.00  2
375.802 0.50  1
376.332 0.00  1
376.600 0.00  4
376.865 0.00  1
377.132 0.00  4
377.397 0.00  1
377.665 0.00  4
377.930 0.00  1
378.197 0.00  4
378.465 0.50  8
379.262 0.50  8
380.077 0.00  4
380.345 0.00  2
380.615 0.00  1
380.882 0.00  4
381.152 0.00  1
381.422 0.00  4
381.827 0.00  8
382.230 0.00  4
382.500 0.00  2
382.770 0.00  4
383.035 0.00  4
383.297 0.00  4
383.562 0.00  4
383.825 0.00  4
384.090 0.00  4
384.355 0.00  4
384.882 0.00  4
385.147 0.00  4
385.410 0.00  4
385.675 0.00  8
385.952 0.00  8
386.237 0.00  4
386.525 0.00  2
386.812 0.00  1
387.097 0.00  1
387.372 0.00  1
387.647 0.00  3
387.920 0.00  1
388.187 0.00  1
388.455 0.00  3
388.720 0.00  1
388.987 0.00  6
389.255 0.00  1
389.520 0.00  1
389.787 0.00  3
390.052 0.00  1
390.322 0.00  1
390.590 0.00  3
390.860 0.00  1
391.130 0.00  6
391.400 0.00  1
391.667 0.00  1
391.937 0.00  3
392.205 0.00  1
392.475 0.00  1
392.745 0.00  3
393.010 0.00  1
393.275 0.00  6
393.540 0.00  1
393.805 0.00  1
394.072 0.00  3
394.337 0.00  1
394.602 0.00  1
394.867 0.00  3
395.125 0.00  1
395.380 0.00  6
395.635 0.00  1
395.915 0.00  1
396.192 0.00  1
396.470 0.00  8
396.745 0.00  8
397.020 0.00  4
397.295 0.00  2
397.570 0.00  1
397.845 0.00  2
398.112 0.00  1
398.380 0.00  1
398.647 0.00  4
398.915 0.00  2
399.182 0.00  2
399.450 0.00  8
399.715 0.00  4
399.985 0.00  8
400.250 0.00  4
400.517 0.00  4
400.785 0.00  2
401.050 0.00  4
401.312 0.00  2
401.575 0.00  2
401.840 0.00  1
402.110 0.00  2
402.380 0.00  1
402.645 0.00  1
402.910 0.00  4
403.180 0.00  2
403.447 0.00  2
403.715 0.00  8
403.982 0.00  4
404.250 0.00  8
404.520 0.00  4
404.785 0.00  4
405.050 0.00  2
405.317 0.00  8
405.582 0.00  4
405.850 0.00  4
406.115 0.00  2
406.387 0.00  2
406.660 0.00  1
406.927 0.00  1
407.195 0.00  4
407.462 0.00  2
407.730 0.00  2
407.997 0.00  8
408.265 0.00  4
408.535 0.00  8
408.802 0.00  4
409.070 0.00  4
409.337 0.00  2
409.605 0.00  4
409.870 0.00  2
410.137 0.00  2
410.402 0.00  1
410.675 0.00  2
410.945 0.00  1
411.215 0.00  1
411.485 0.00  4
411.755 0.00  2
412.022 0.00  2
412.292 0.00  8
412.560 0.00  4
412.830 0.00  8
413.097 0.00  4
413.365 0.00  4
413.635 0.00  2
413.902 0.00  4
414.170 0.00  2
414.440 0.00  2
414.710 0.00  1
414.977 0.00  8
415.245 0.00  4
415.512 0.00  4
415.777 0.00  2
416.045 0.00  4
416.310 0.00  2
416.577 0.00  2
416.842 0.00  1
417.110 0.00  1
417.380 0.00  1
417.650 0.00  3
417.920 0.00  1
418.192 0.00  1
418.462 0.00  3
418.730 0.00  1
418.997 0.00  6
419.267 0.00  1
419.540 0.00  1
419.805 0.00  3
420.070 0.00  1
420.335 0.00  1
420.600 0.00  3
420.875 0.00  1
421.150 0.00  6
421.420 0.00  1
421.690 0.00  1
421.952 0.00  3
422.217 0.00  1
422.482 0.00  1
422.745 0.00  3
423.017 0.00  1
423.290 0.00  6
423.555 0.00  1
423.822 0.00  1
424.087 0.00  3
424.355 0.00  1
424.620 0.00  1
424.887 0.00  3
425.162 0.00  1
425.437 0.00  6
425.715 0.00  4
425.845 0.00  4
425.977 0.00  12
426.242 0.00  4
426.375 0.00  4
426.505 0.00  12
426.770 0.00  4
426.902 0.00  4
427.035 0.00  12
427.300 0.00  4
427.430 0.00  4
427.562 0.00  12
427.832 0.00  1
428.102 0.00  1
428.370 0.00  3
428.637 0.00  1
428.902 0.00  1
429.165 0.00  3
429.430 0.00  1
429.695 0.00  6
429.960 0.00  4
430.090 0.00  4
430.220 0.00  12
430.480 0.00  4
430.612 0.00  4
430.742 0.00  12
431.007 0.00  4
431.140 0.00  4
431.272 0.00  12
431.540 0.00  4
431.672 0.00  4
431.805 0.00  12
432.077 0.00  1
432.350 0.00  1
432.625 0.00  3
432.897 0.00  3
433.170 0.00  2
433.305 0.00  2
433.440 0.00  6
433.710 0.00  2
433.847 0.00  2
433.982 0.00  6
434.255 0.00  1
434.527 0.00  1
434.792 0.00  3
435.057 0.00  3
435.322 0.00  2
435.457 0.00  2
435.595 0.00  6
435.860 0.00  2
435.995 0.00  2
436.130 0.00  6
436.397 0.00  1
436.667 0.00  1
436.937 0.00  3
437.205 0.00  3
437.475 0.00  2
437.610 0.00  2
437.742 0.00  6
438.007 0.00  2
438.140 0.00  2
438.275 0.00  6
438.540 0.00  1
438.807 0.00  1
439.072 0.00  3
439.337 0.00  3
439.602 0.00  4
439.735 0.00  4
439.865 0.00  12
440.127 0.00  4
440.260 0.00  4
440.390 0.00  12
440.655 0.00  4
440.785 0.00  4
440.917 0.00  12
441.187 0.00  4
441.322 0.00  4
441.457 0.00  12
441.727 0.00  1
441.997 0.00  1
442.267 0.00  3
442.537 0.00  1
442.807 0.00  1
443.080 0.00  3
443.350 0.00  1
443.620 0.00  6
443.892 0.00  3
443.980 0.00  3
444.070 0.00  3
444.157 0.00  3
444.245 0.00  3
444.335 0.00  3
444.422 0.00  3
444.687 0.00  3
444.775 0.00  3
444.865 0.00  3
444.952 0.00  3
445.040 0.00  3
445.127 0.00  3
445.215 0.00  3
445.245 0.00  3
