21.940 0.00  2
22.242 0.00  8
22.547 0.00  2
22.852 1.50  4
24.375 0.00  1
24.677 0.00  8
24.980 0.00  1
25.282 1.50  4
26.797 0.00  2
27.100 0.00  8
27.400 0.00  2
27.700 1.50  4
29.202 0.00  1
29.507 0.00  8
29.812 0.00  1
30.115 0.00  4
31.637 0.00  2
31.937 0.00  8
32.237 0.00  2
32.540 1.00  4
34.042 0.00  1
34.345 0.00  8
34.650 0.00  1
34.955 1.50  4
36.475 0.00  1
36.775 0.00  8
37.075 0.00  1
37.377 1.50  4
38.880 0.00  1
39.192 0.00  4
39.505 0.00  2
39.810 0.00  4
40.115 0.00  4
40.407 0.00  1
40.555 0.00  2
40.702 0.00  4
41.010 0.00  8
41.315 1.00  8
42.847 0.00  8
43.000 0.00  4
43.155 0.00  2
43.762 0.00  8
43.915 0.00  4
44.067 0.00  1
44.675 0.00  8
44.980 0.00  8
45.127 0.00  4
45.277 2.00  2
47.810 0.00  8
48.110 0.00  8
48.257 0.00  4
48.557 0.00  4
48.707 0.00  2
49.010 0.00  2
49.160 0.00  1
49.462 0.00  1
49.765 0.00  2
49.915 1.00  4
51.562 0.00  4
51.880 0.00  8
52.195 1.00  8
53.400 0.00  4
53.697 0.00  8
54.145 0.00  8
54.295 0.00  4
54.597 0.00  4
54.672 2.00  8
57.007 0.00  1
57.315 0.00  4
57.622 0.00  2
57.930 0.00  4
58.235 0.00  2
58.532 0.00  8
58.830 0.00  2
59.127 0.00  4
59.575 0.00  1
59.647 0.00  2
59.722 0.00  4
60.615 0.00  8
60.765 0.00  4
60.915 0.00  2
61.062 0.00  4
61.212 1.50  1
63.295 0.00  2
63.442 0.00  1
63.590 0.00  2
64.175 0.00  4
64.322 0.00  2
64.467 0.00  4
65.055 0.00  8
65.200 0.00  4
65.345 0.00  8
66.600 1.00  8
68.070 0.00  1
68.217 0.00  2
68.365 0.00  1
68.510 0.00  2
68.657 0.00  4
68.950 0.00  1
69.105 0.00  2
69.257 0.00  1
69.410 0.00  2
69.565 0.00  8
69.852 0.00  1
69.997 0.00  2
70.142 0.00  1
70.290 0.00  2
70.440 0.00  4
70.740 0.00  8
71.360 0.00  8
71.660 0.00  4
71.962 0.00  2
72.262 0.00  4
72.565 0.00  4
73.135 1.00  2
74.895 0.00  1
75.202 0.00  4
75.507 0.00  2
75.817 0.00  4
76.127 0.00  1
76.420 0.00  4
76.715 0.00  4
76.865 0.00  8
77.017 0.00  2
77.320 0.00  2
77.620 0.00  8
77.922 0.00  2
78.225 0.00  4
78.375 0.00  4
78.525 0.00  8
78.820 0.00  4
79.112 0.00  1
79.405 0.00  8
79.700 0.00  1
79.992 0.00  4
80.285 0.00  8
80.435 0.00  8
80.587 0.00  4
80.890 0.00  2
81.190 0.00  8
81.492 0.00  2
81.795 0.00  4
81.945 0.00  4
82.095 0.00  8
82.392 0.00  4
82.690 0.00  1
82.990 0.00  8
83.285 0.00  1
83.585 0.00  4
83.880 0.00  8
84.030 0.00  8
84.182 0.00  4
84.482 0.00  2
84.782 0.00  8
85.082 0.00  2
85.382 0.00  4
85.532 0.00  4
85.682 0.00  8
85.975 0.00  4
86.270 0.00  1
86.562 0.00  8
86.855 0.00  1
87.147 0.00  4
87.440 0.00  8
87.590 0.00  8
88.042 0.00  1
88.342 0.00  8
88.642 0.00  1
88.942 0.00  4
89.092 0.00  4
89.242 0.00  8
89.540 0.00  4
89.837 0.00  1
90.135 0.00  4
90.285 0.00  8
90.432 0.00  1
90.730 0.00  4
91.030 0.00  2
91.327 0.00  8
91.627 0.00  4
91.927 0.00  8
92.227 0.00  8
92.525 0.00  4
92.825 0.00  8
93.425 0.00  1
93.717 0.00  4
94.010 0.00  2
94.302 0.00  8
94.595 0.00  2
94.887 0.00  8
95.472 0.00  8
95.765 0.00  8
96.057 0.00  8
96.352 0.00  8
96.645 0.00  2
96.940 0.00  1
97.235 0.00  4
97.527 0.00  2
98.115 0.00  8
98.410 0.00  4
98.702 0.00  2
98.997 0.00  4
99.290 0.00  2
99.600 0.00  4
99.907 0.00  8
100.195 0.00  4
100.480 0.00  1
100.772 0.00  4
101.067 0.00  2
101.360 0.00  8
101.655 0.00  2
101.947 0.00  8
102.537 0.00  8
102.835 0.00  8
103.130 0.00  8
103.425 0.00  8
103.720 0.00  2
104.017 0.00  1
104.312 0.00  4
104.610 0.00  2
105.200 0.00  8
105.495 0.00  4
105.792 0.00  2
106.087 0.00  1
106.382 0.00  2
106.680 0.00  8
106.975 0.50  4
107.567 0.00  2
107.862 0.00  8
108.160 0.00  2
108.455 0.00  4
108.602 0.00  4
108.750 0.00  8
109.045 0.00  4
109.340 0.00  1
109.640 0.00  8
109.940 0.00  1
110.240 0.00  4
110.537 0.00  8
110.687 0.00  8
110.835 0.00  4
111.130 0.00  2
111.427 0.00  8
111.725 0.00  2
112.020 0.00  4
112.170 0.00  4
112.317 0.00  8
112.612 0.00  4
112.907 0.00  1
113.202 0.00  8
113.495 0.00  1
113.790 0.00  4
114.085 0.50  10
114.685 0.00  2
114.982 0.00  8
115.282 0.00  2
115.580 0.00  4
115.730 0.00  4
115.880 0.00  8
116.177 0.00  4
116.475 0.00  1
116.775 0.00  8
117.072 0.00  1
117.370 0.00  4
117.667 0.00  8
117.817 0.00  8
118.265 0.00  1
118.562 0.00  8
118.862 0.00  1
119.160 0.00  4
119.310 0.00  4
119.460 0.00  8
119.747 0.00  4
120.037 0.00  1
120.340 0.00  4
120.640 0.00  2
120.932 0.00  4
121.222 0.00  2
121.522 0.00  8
121.822 0.00  2
122.122 0.00  4
122.272 0.00  4
122.422 0.00  8
122.722 0.00  4
123.022 0.00  1
123.322 0.00  8
123.622 0.00  1
123.922 0.00  4
124.222 0.00  8
124.365 0.00  8
124.510 0.00  4
124.797 0.00  2
125.105 0.00  8
125.412 0.00  2
125.720 0.00  4
125.872 0.00  4
126.025 0.00  8
126.320 0.00  4
126.615 0.00  1
126.910 0.00  8
127.202 0.00  1
127.497 0.00  4
127.792 0.50  10
128.400 0.00  2
128.697 0.00  8
128.995 0.00  2
129.290 0.00  4
129.437 0.00  4
129.585 0.00  8
129.882 0.00  4
130.177 0.00  1
130.475 0.00  8
130.772 0.00  1
131.070 0.00  4
131.367 0.00  8
131.517 0.00  8
131.965 0.00  1
132.260 0.00  8
132.560 0.00  1
132.857 0.00  4
133.005 0.00  4
133.155 0.00  8
133.437 0.00  4
133.722 0.00  1
134.025 0.00  4
134.330 0.00  2
134.627 0.00  4
134.922 0.50  6
135.792 0.00  10
136.075 0.00  12
136.357 0.00  10
136.642 0.50  6
137.205 0.50  3
137.782 0.50  12
138.365 0.50  10
139.247 0.00  12
139.540 0.00  16
139.825 0.00  12
140.107 0.50  10
140.670 0.50  4
141.242 0.50  8
141.792 0.00  1
142.092 0.00  4
142.395 0.00  2
142.695 0.00  8
142.997 0.00  2
143.297 0.00  8
143.892 0.00  8
144.185 0.00  8
144.480 0.00  8
144.772 0.00  8
145.065 0.00  2
145.357 0.00  1
145.652 0.00  4
145.945 0.00  2
146.530 0.00  8
146.825 0.00  4
147.117 0.00  2
147.410 0.00  4
147.705 0.00  2
147.997 0.00  4
148.290 0.00  8
148.587 0.00  4
148.885 0.00  1
149.182 0.00  4
149.480 0.00  2
149.777 0.00  8
150.075 0.00  2
150.372 0.00  8
150.967 0.00  8
151.262 0.00  8
151.557 0.00  8
151.855 0.00  8
152.150 0.00  2
152.445 0.00  1
152.740 0.00  4
153.037 0.00  2
153.627 0.00  8
153.925 0.00  4
154.220 0.00  2
154.515 0.00  1
154.810 0.00  2
155.115 0.00  8
155.417 0.50  4
156.047 0.00  2
156.350 0.00  8
156.650 0.00  2
156.952 0.00  4
157.102 0.00  4
157.255 0.00  8
157.550 0.00  4
157.845 0.00  1
158.140 0.00  8
158.435 0.00  1
158.730 0.00  4
159.025 0.00  8
159.172 0.00  8
159.320 0.00  4
159.617 0.00  2
159.915 0.00  8
160.210 0.00  2
160.507 0.00  4
160.655 0.00  4
160.805 0.00  8
161.100 0.00  4
161.395 0.00  1
161.690 0.00  8
161.985 0.00  1
162.280 0.00  4
162.575 0.50  10
163.195 0.00  2
163.495 0.00  8
163.797 0.00  2
164.100 0.00  4
164.250 0.00  4
164.402 0.00  8
164.695 0.00  4
164.985 0.00  1
165.290 0.00  8
165.590 0.00  1
165.895 0.00  4
166.197 0.00  8
166.342 0.00  8
166.780 0.00  1
167.075 0.00  8
167.365 0.00  1
167.657 0.00  4
167.805 0.00  4
167.950 0.00  8
168.250 0.00  4
168.550 0.00  1
168.850 0.00  4
169.150 0.00  2
169.450 0.00  4
169.747 0.00  2
170.047 0.00  8
170.347 0.00  2
170.647 0.00  4
170.797 0.00  4
170.947 0.00  8
171.247 0.00  4
171.547 0.00  1
171.850 0.00  8
172.150 0.00  1
172.450 0.00  4
172.750 0.00  8
172.895 0.00  8
173.040 0.00  4
173.330 0.00  2
173.620 0.00  8
173.910 0.00  2
174.200 0.00  4
174.345 0.00  4
174.490 0.00  8
174.790 0.00  4
175.087 0.00  1
175.387 0.00  8
175.685 0.00  1
175.985 0.00  4
176.282 0.50  10
176.885 0.00  2
177.185 0.00  8
177.485 0.00  2
177.787 0.00  4
177.937 0.00  4
178.087 0.00  8
178.385 0.00  4
178.682 0.00  1
178.982 0.00  8
179.282 0.00  1
179.582 0.00  4
179.882 0.00  8
180.030 0.00  8
180.475 0.00  1
180.770 0.00  8
181.067 0.00  1
181.365 0.00  4
181.512 0.00  4
181.660 0.00  8
181.955 0.00  4
182.252 0.00  1
182.550 0.00  4
182.850 0.00  2
183.140 0.00  4
183.432 0.50  6
184.322 0.00  10
184.615 0.00  12
184.895 0.00  10
185.175 0.50  6
185.750 0.50  3
186.322 0.50  12
186.895 0.50  10
187.770 0.00  12
188.052 0.00  16
188.337 0.00  12
188.620 0.50  10
189.190 0.50  4
189.770 0.50  8
190.360 0.00  1
190.652 0.00  4
190.945 0.00  2
191.237 0.00  8
191.530 0.00  2
191.822 0.00  8
192.412 0.00  8
192.710 0.00  8
193.005 0.00  8
193.302 0.00  8
193.600 0.00  2
193.897 0.00  1
194.195 0.00  4
194.490 0.00  2
195.085 0.00  8
195.382 0.00  4
195.680 0.00  2
195.977 0.00  4
196.275 0.00  2
196.570 0.00  4
197.010 0.00  4
197.150 0.00  4
197.292 0.00  4
198.327 0.00  8
198.625 0.00  4
198.920 0.00  2
199.220 0.00  4
199.565 0.00  8
199.665 0.00  4
199.815 1.00  1
201.295 0.00  8
201.592 0.00  4
201.890 0.00  2
202.185 0.00  4
202.522 0.00  8
202.620 0.00  4
202.762 1.00  2
203.917 0.00  8
204.065 0.00  4
204.215 0.00  2
204.365 0.00  4
204.515 0.50  8
205.150 0.00  8
205.445 0.00  4
205.737 0.00  2
206.032 0.00  4
206.180 0.00  2
206.325 0.50  1
206.912 0.00  1
207.205 0.00  2
207.500 0.00  4
207.802 0.00  8
208.210 0.00  8
208.520 0.00  8
208.820 0.00  8
209.005 0.00  2
209.145 0.00  8
209.285 0.00  1
209.432 0.00  4
209.580 1.50  1
211.635 0.00  10
211.935 0.00  10
212.232 0.00  10
212.530 0.00  10
212.830 0.00  6
213.427 0.00  16
213.712 0.00  16
214.000 0.00  16
214.285 0.00  16
214.570 0.00  12
215.252 0.00  16
215.540 0.00  16
215.825 0.00  16
216.112 0.00  16
216.400 0.00  16
216.685 0.00  8
216.875 0.00  2
217.025 0.00  4
217.172 0.00  2
217.470 0.00  2
217.617 0.00  4
218.625 0.00  2
219.470 0.00  6
219.502 0.00  10
219.782 0.00  12
220.052 0.00  8
220.307 0.50  6
220.890 0.50  3
221.460 0.50  12
222.042 0.50  10
222.892 0.00  12
223.175 0.00  16
223.462 0.00  12
223.750 0.50  10
224.332 0.50  12
224.932 0.50  16
225.485 0.50  6
226.322 0.00  10
226.602 0.00  12
226.885 0.00  10
227.170 0.50  6
227.730 0.50  3
228.282 0.50  12
228.850 0.50  10
229.707 0.00  12
229.992 0.00  16
230.270 0.00  12
230.545 0.50  10
231.112 0.50  12
231.650 0.50  16
232.210 0.50  6
233.050 0.00  10
233.330 0.00  12
233.612 0.00  10
233.897 0.50  6
234.460 0.50  3
235.037 0.50  12
235.607 0.50  6
236.430 0.00  12
236.710 0.00  6
236.980 0.00  12
237.252 0.50  12
237.792 0.50  12
238.342 0.00  12
238.905 0.50  12
239.725 0.00  1
240.007 0.00  12
240.275 0.00  1
240.542 0.00  16
240.820 0.00  1
241.095 0.00  16
241.367 0.00  1
241.640 0.00  16
241.907 0.00  1
242.175 0.50  6
242.982 0.00  12
243.255 0.00  6
243.535 0.00  12
243.815 0.50  12
244.357 0.50  12
244.910 0.00  12
245.470 0.50  12
246.310 0.00  1
246.585 0.00  12
246.862 0.00  1
247.140 0.00  16
247.407 0.00  8
247.675 0.00  16
247.945 0.00  1
248.215 0.00  16
248.485 0.00  1
248.755 0.50  6
249.575 0.00  12
249.850 0.00  6
250.127 0.00  12
250.405 0.50  12
250.972 0.50  12
251.522 0.00  12
252.092 0.50  12
252.930 0.00  1
253.210 0.00  12
253.475 0.00  1
253.740 0.00  16
254.005 0.00  1
254.267 0.00  16
254.530 0.00  1
254.792 0.00  16
255.055 0.00  1
255.315 0.50  6
256.170 0.00  12
256.452 0.00  6
256.725 0.00  12
257.000 0.50  12
257.545 0.50  12
258.092 0.00  12
258.642 0.50  12
259.455 0.00  1
259.735 0.00  12
260.002 0.00  1
260.267 0.00  16
260.547 0.00  8
260.825 0.00  16
261.097 0.00  1
261.370 0.00  16
261.647 0.00  1
261.925 0.50  16
262.472 0.00  16
262.747 0.00  16
263.022 0.00  16
263.295 0.00  16
263.567 0.00  12
263.840 0.00  12
264.112 0.00  12
264.377 0.00  16
264.645 0.50  12
265.192 0.50  6
266.002 0.00  1
266.275 0.00  6
266.540 0.00  1
266.805 0.00  12
267.080 0.00  12
267.355 0.00  12
267.617 0.00  1
267.882 0.00  12
268.157 0.00  1
268.435 0.50  16
268.972 0.00  16
269.240 0.00  16
269.510 0.00  16
269.767 0.00  16
270.025 0.00  12
270.297 0.00  12
270.570 0.00  12
270.840 0.00  16
271.110 0.50  12
271.660 0.50  6
272.465 0.00  1
272.742 0.00  6
273.007 0.00  1
273.270 0.00  12
273.547 0.00  4
273.687 0.00  4
273.827 0.00  12
274.100 0.00  1
274.370 0.00  12
274.642 0.00  1
274.915 0.00  6
279.197 0.00  6
279.197 0.00  1
279.287 0.00  1
279.380 0.00  1
279.470 0.00  1
279.562 0.00  1
279.655 0.00  1
279.745 0.00  5
280.295 0.00  1
280.382 0.00  1
280.472 0.00  1
280.562 0.00  1
280.650 0.00  1
280.740 0.00  1
280.830 0.00  5
281.395 0.00  1
281.480 0.00  1
281.567 0.00  1
281.655 0.00  1
281.742 0.00  1
281.830 0.00  1
281.915 0.00  5
282.472 0.00  1
282.562 0.00  1
282.652 0.00  1
282.742 0.00  1
282.832 0.00  1
282.922 0.00  1
283.012 0.00  5
283.557 0.00  1
283.647 0.00  1
283.737 0.00  1
283.825 0.00  1
283.915 0.00  1
284.005 0.00  1
284.095 0.50  5
284.640 0.00  1
284.725 0.00  1
284.812 0.00  1
284.900 0.00  1
284.987 0.00  1
285.075 0.00  1
285.160 0.00  5
285.710 0.00  1
285.797 0.00  1
285.885 0.00  1
285.975 0.00  1
286.062 0.00  1
286.150 0.00  1
286.237 0.50  5
286.780 0.00  1
286.867 0.00  1
286.957 0.00  1
287.047 0.00  1
287.135 0.00  1
287.225 0.00  1
287.315 0.00  5
287.582 0.00  10
287.850 0.00  1
287.937 0.00  1
288.025 0.00  1
288.115 0.00  1
288.200 0.00  1
288.290 0.00  1
288.377 0.50  5
288.932 0.00  1
289.020 0.00  1
289.105 0.00  1
289.190 0.00  1
289.275 0.00  1
289.360 0.00  1
289.447 0.00  5
289.730 0.00  10
290.012 0.00  1
290.100 0.00  1
290.187 0.00  1
290.275 0.00  1
290.360 0.00  1
290.447 0.00  1
290.535 0.50  5
291.075 0.00  1
291.165 0.00  1
291.255 0.00  1
291.345 0.00  1
291.435 0.00  1
291.525 0.00  1
291.615 0.00  5
291.885 0.00  10
292.152 0.00  1
292.242 0.00  1
292.332 0.00  1
292.420 0.00  1
292.510 0.00  1
292.600 0.00  1
292.687 0.50  5
293.247 0.00  1
293.335 0.00  1
293.420 0.00  1
293.507 0.00  1
293.595 0.00  1
293.680 0.00  1
293.767 0.00  5
294.047 0.00  10
294.327 0.00  1
294.412 0.00  1
294.500 0.00  1
294.585 0.00  1
294.672 0.00  1
294.760 0.00  1
294.845 0.50  5
295.395 0.00  1
295.482 0.00  1
295.570 0.00  1
295.657 0.00  1
295.745 0.00  1
295.832 0.00  1
295.920 0.00  5
296.207 0.00  10
296.495 0.00  1
296.585 0.00  1
296.672 0.00  1
296.760 0.00  1
296.847 0.00  1
296.935 0.00  1
297.022 0.00  5
297.587 0.00  1
297.675 0.00  1
297.762 0.00  1
297.850 0.00  1
297.937 0.00  1
298.025 0.00  1
298.112 0.00  5
298.670 0.00  1
298.757 0.00  1
298.842 0.00  1
298.930 0.00  1
299.017 0.00  1
299.105 0.00  1
299.190 0.00  5
299.765 0.00  1
299.855 0.00  1
299.945 0.00  1
300.035 0.00  1
300.125 0.00  1
300.215 0.00  1
300.302 0.00  5
300.572 0.00  10
300.842 0.00  1
300.930 0.00  1
301.015 0.00  1
301.102 0.00  1
301.190 0.00  1
301.277 0.00  1
301.365 0.00  5
301.927 0.00  1
302.015 0.00  1
302.105 0.00  1
302.192 0.00  1
302.280 0.00  1
302.367 0.00  1
302.455 0.00  5
303.030 0.00  1
303.115 0.00  1
303.200 0.00  1
303.285 0.00  1
303.370 0.00  1
303.455 0.00  1
303.540 0.00  5
304.090 0.00  1
304.180 0.00  1
304.270 0.00  1
304.357 0.00  1
304.447 0.00  1
304.535 0.00  1
304.625 0.00  5
304.892 0.00  10
305.160 0.00  1
305.250 0.00  1
305.337 0.00  1
305.427 0.00  1
305.515 0.00  1
305.605 0.00  1
305.695 0.50  4
306.260 0.00  1
306.342 0.00  1
306.425 0.00  1
306.510 0.00  1
306.590 0.00  1
306.675 0.00  1
306.757 0.00  4
307.025 0.00  8
307.292 0.00  1
307.382 0.00  1
307.472 0.00  1
307.560 0.00  1
307.650 0.00  1
307.740 0.00  1
307.830 0.50  2
308.362 0.00  1
308.452 0.00  1
308.540 0.00  1
308.630 0.00  1
308.720 0.00  1
308.810 0.00  1
308.897 0.00  2
309.185 0.00  8
309.470 0.00  1
309.557 0.00  1
309.642 0.00  1
309.730 0.00  1
309.815 0.00  1
309.900 0.00  1
309.987 0.50  4
310.530 0.00  1
310.620 0.00  1
310.710 0.00  1
310.802 0.00  1
310.892 0.00  1
310.982 0.00  1
311.072 0.00  4
311.352 0.00  8
311.630 0.00  1
311.720 0.00  1
311.810 0.00  1
311.897 0.00  1
311.987 0.00  1
312.077 0.00  1
312.165 0.50  2
312.705 0.00  1
312.795 0.00  1
312.885 0.00  1
312.975 0.00  1
313.065 0.00  1
313.155 0.00  1
313.245 0.00  2
313.532 0.00  1
313.820 0.00  1
313.907 0.00  1
313.997 0.00  1
314.085 0.00  1
314.175 0.00  1
314.265 0.00  1
314.355 0.00  5
314.892 0.00  1
314.980 0.00  1
315.070 0.00  1
315.160 0.00  1
315.247 0.00  1
315.337 0.00  1
315.425 0.00  5
315.967 0.00  1
316.057 0.00  1
316.145 0.00  1
316.235 0.00  1
316.325 0.00  1
316.412 0.00  1
316.502 0.00  5
317.025 0.00  1
317.112 0.00  1
317.202 0.00  1
317.290 0.00  1
317.380 0.00  1
317.470 0.00  1
317.557 0.00  5
317.835 0.00  10
318.112 0.00  1
318.202 0.00  1
318.295 0.00  1
318.385 0.00  1
318.475 0.00  1
318.565 0.00  1
318.655 0.00  5
319.210 0.00  1
319.297 0.00  1
319.382 0.00  1
319.470 0.00  1
319.555 0.00  1
319.642 0.00  1
319.730 0.00  5
320.280 0.00  1
320.367 0.00  1
320.455 0.00  1
320.542 0.00  1
320.630 0.00  1
320.717 0.00  1
320.805 0.00  5
321.337 0.00  1
321.427 0.00  1
321.517 0.00  1
321.607 0.00  1
321.697 0.00  1
321.787 0.00  1
321.877 0.00  5
322.147 0.00  10
322.417 0.00  1
322.507 0.00  1
322.600 0.00  1
322.690 0.00  1
322.780 0.00  1
322.872 0.00  1
322.962 0.00  5
323.235 0.00  1
323.327 0.00  1
323.417 0.00  1
323.510 0.00  1
323.600 0.00  1
323.690 0.00  1
323.782 0.00  5
324.055 0.00  1
324.145 0.00  1
324.237 0.00  1
324.327 0.00  10
324.600 0.00  1
324.690 0.00  1
324.780 0.00  1
324.870 0.00  1
324.960 0.00  1
325.052 0.00  1
325.142 0.00  5
325.412 0.00  1
325.502 0.00  1
325.592 0.00  1
325.682 0.00  1
325.772 0.00  1
325.862 0.00  1
325.952 0.00  5
326.222 0.00  1
326.312 0.00  1
326.402 0.00  1
326.492 0.00  10
326.762 0.00  1
326.855 0.00  1
326.945 0.00  1
327.035 0.00  1
327.125 0.00  1
327.215 0.00  1
327.305 0.00  5
327.577 0.00  1
327.670 0.00  1
327.760 0.00  1
327.850 0.00  1
327.940 0.00  1
328.030 0.00  1
328.122 0.00  5
328.392 0.00  1
328.485 0.00  1
328.575 0.00  1
328.665 0.00  10
328.937 0.00  1
329.025 0.00  1
329.115 0.00  1
329.202 0.00  1
329.292 0.00  1
329.380 0.00  1
329.470 0.00  5
329.735 0.00  1
329.825 0.00  1
329.912 0.00  1
330.000 0.00  1
330.090 0.00  1
330.180 0.00  1
330.267 0.00  5
330.535 0.00  1
330.622 0.00  1
330.710 0.00  1
330.800 0.00  10
331.065 0.00  1
331.157 0.00  1
331.247 0.00  1
331.337 0.00  1
331.430 0.00  1
331.520 0.00  1
331.610 0.00  1
331.882 0.00  1
331.970 0.00  1
332.057 0.00  1
332.145 0.00  1
332.232 0.00  1
332.320 0.00  1
332.410 0.00  1
332.672 0.00  1
332.767 0.00  1
332.862 0.00  1
332.955 0.00  1
333.240 0.00  1
333.330 0.00  1
333.420 0.00  1
333.510 0.00  1
333.600 0.00  1
333.687 0.00  1
333.777 0.00  1
334.045 0.00  1
334.135 0.00  1
334.225 0.00  1
334.315 0.00  1
334.402 0.00  1
334.492 0.00  1
334.582 0.00  1
334.850 0.00  1
334.950 0.00  1
335.050 0.00  1
335.150 0.00  1
335.250 0.00  1
335.350 0.00  1
335.450 0.00  1
335.537 0.00  1
335.625 0.00  1
335.712 0.00  1
335.797 0.00  1
335.885 0.00  1
335.972 0.00  5
336.232 0.00  1
336.320 0.00  1
336.405 0.00  1
336.492 0.00  1
336.580 0.00  1
336.665 0.00  1
336.752 0.00  5
337.012 0.00  1
337.100 0.00  1
337.185 0.00  1
337.272 0.00  10
337.532 0.00  1
337.622 0.00  1
337.710 0.00  1
337.800 0.00  1
337.890 0.00  1
337.977 0.00  1
338.067 0.00  5
338.335 0.00  1
338.422 0.00  1
338.512 0.00  1
338.600 0.00  1
338.690 0.00  1
338.780 0.00  1
338.867 0.00  5
339.135 0.00  1
339.225 0.00  1
339.312 0.00  1
339.402 0.00  10
339.670 0.00  1
339.760 0.00  1
339.850 0.00  1
339.940 0.00  1
340.032 0.00  1
340.122 0.00  1
340.212 0.00  5
340.485 0.00  1
340.575 0.00  1
340.667 0.00  1
340.757 0.00  1
340.850 0.00  1
340.940 0.00  1
341.032 0.00  5
341.307 0.00  1
341.400 0.00  1
341.492 0.00  1
341.582 0.00  10
341.857 0.00  1
341.945 0.00  1
342.035 0.00  1
342.122 0.00  1
342.210 0.00  1
342.297 0.00  1
342.387 0.00  5
342.650 0.00  1
342.742 0.00  1
342.832 0.00  1
342.922 0.00  1
343.015 0.00  1
343.105 0.00  1
343.195 0.00  5
343.460 0.00  1
343.547 0.00  1
343.635 0.00  1
343.722 0.00  10
343.985 0.00  1
344.070 0.00  1
344.157 0.00  1
344.242 0.00  1
344.330 0.00  1
344.415 0.00  1
344.500 0.00  5
344.757 0.00  1
344.847 0.00  1
344.935 0.00  1
345.025 0.00  1
345.115 0.00  1
345.202 0.00  1
345.290 0.00  5
345.557 0.00  1
345.650 0.00  1
345.742 0.00  1
345.835 0.00  5
346.110 0.00  1
346.200 0.00  1
346.292 0.00  1
346.385 0.00  1
346.477 0.00  1
346.570 0.00  1
346.660 0.00  5
346.937 0.00  1
347.030 0.00  1
347.122 0.00  1
347.215 0.00  1
347.307 0.00  1
347.400 0.00  1
347.492 0.00  5
347.770 0.00  1
347.860 0.00  1
347.952 0.00  1
348.045 0.00  1
348.137 0.00  1
348.230 0.00  1
348.322 0.00  8
348.390 0.00  2
348.455 0.00  4
348.522 0.00  8
348.590 0.00  2
348.657 0.00  4
348.725 0.00  8
348.790 0.00  2
348.857 0.00  4
348.925 0.00  8
348.992 0.00  2
349.060 0.00  4
349.125 0.00  8
349.192 0.00  2
349.260 0.00  4
349.325 0.00  8
349.460 0.00  4
349.527 0.00  8
349.660 0.00  4
349.727 0.00  8
349.860 0.00  4
349.927 0.00  8
350.060 0.00  4
350.127 0.00  8
350.260 0.00  4
350.327 0.00  8
350.460 0.00  4
350.527 0.00  1
350.595 0.00  2
350.660 0.00  4
350.727 0.00  1
350.795 0.00  2
350.860 0.00  4
350.927 0.00  1
350.995 0.00  2
351.062 0.00  4
351.127 0.00  1
351.195 0.00  2
351.262 0.00  4
351.330 0.00  1
351.395 0.00  2
351.462 0.00  4
351.530 0.00  8
351.595 0.00  2
351.662 0.00  4
351.730 0.00  8
351.795 0.00  2
351.862 0.00  4
351.930 0.00  8
351.995 0.00  2
352.062 0.00  4
352.130 0.00  8
352.195 0.00  2
352.262 0.00  4
352.330 0.00  8
352.395 0.00  2
352.462 0.00  4
352.530 0.00  8
352.597 0.00  4
352.665 0.00  1
352.732 0.00  2
352.800 0.00  4
352.867 0.00  1
352.935 0.00  2
353.002 0.00  4
353.070 0.00  1
353.137 0.00  2
353.205 0.00  4
353.272 0.00  1
353.340 0.00  2
353.407 0.00  4
353.475 0.00  1
353.542 0.00  2
353.610 0.00  4
353.677 0.00  8
353.745 0.00  2
353.812 0.00  4
353.880 0.00  8
353.947 0.00  2
354.015 0.00  4
354.082 0.00  8
354.150 0.00  2
354.217 0.00  4
354.285 0.00  8
354.352 0.00  2
354.420 0.00  4
354.487 0.00  8
354.555 0.00  2
354.622 0.00  4
354.690 0.00  8
354.847 0.00  8
354.982 0.00  4
355.160 0.00  2
355.340 0.00  8
355.542 0.00  4
355.700 0.00  2
355.857 0.00  4
355.947 0.00  8
356.080 0.00  4
356.260 0.00  2
356.417 0.00  4
356.597 0.00  2
356.710 0.00  1
356.910 0.00  1
357.000 0.00  2
357.090 0.00  2
357.180 0.00  2
357.270 0.00  2
357.360 0.00  2
357.450 0.00  2
357.720 0.00  4
357.810 0.00  4
357.900 0.00  4
357.990 0.00  8
358.080 0.00  8
358.170 0.00  8
358.530 0.00  4
358.627 0.00  4
358.727 0.00  4
358.827 0.00  8
358.925 0.00  8
359.025 0.00  8
359.660 0.00  8
359.925 0.00  8
360.992 0.00  1
361.127 0.00  2
361.260 0.00  8
361.395 0.00  2
361.530 0.00  1
361.665 0.00  2
361.800 0.00  8
361.935 0.00  2
362.070 0.00  1
362.205 0.00  2
362.340 0.00  8
362.475 0.00  2
362.610 0.00  1
362.745 0.00  2
362.880 0.00  8
363.015 0.00  2
363.150 0.00  1
363.285 0.00  2
363.420 0.00  8
363.560 0.00  2
363.700 0.00  1
363.840 0.00  2
363.982 0.00  8
364.122 0.00  2
364.262 0.00  1
364.402 0.00  2
364.675 0.00  8
364.937 0.00  8
365.200 0.00  8
365.462 0.00  8
365.727 0.00  8
366.000 0.00  8
366.270 0.00  8
366.540 0.00  8
366.677 0.00  2
366.810 0.00  4
366.942 0.00  2
367.075 0.00  4
367.210 0.00  2
367.342 0.00  4
367.475 0.00  2
367.610 0.00  4
367.742 0.00  8
367.877 0.00  4
368.012 0.00  2
368.147 0.00  4
368.282 0.00  8
368.417 0.00  4
368.552 0.00  2
368.687 0.00  4
368.910 0.00  8
368.997 0.00  4
369.085 0.00  8
369.350 0.00  8
369.437 0.00  4
369.525 0.00  2
369.612 0.00  4
369.875 0.00  4
369.967 0.00  2
370.060 0.00  1
370.150 0.00  2
370.517 0.00  8
370.610 0.00  4
370.700 0.00  8
370.975 0.00  4
371.065 0.00  8
371.155 0.00  2
371.245 0.00  4
371.605 0.00  8
371.785 0.00  8
371.875 0.00  4
372.055 0.00  4
372.147 0.00  2
372.335 0.00  2
372.427 0.00  1
372.612 0.00  4
372.822 0.00  4
373.030 0.00  4
373.235 0.00  4
373.432 0.00  4
373.465 0.00  8
373.955 0.00  8
374.040 0.00  4
374.127 0.00  2
374.215 0.00  4
374.390 0.00  2
374.567 0.00  4
374.745 0.00  2
374.920 0.00  1
375.275 0.00  8
375.450 0.00  4
375.627 0.00  2
375.802 0.50  1
376.332 0.00  1
376.465 0.00  1
376.600 0.00  12
376.865 0.00  1
377.000 0.00  1
377.132 0.00  12
377.397 0.00  1
377.532 0.00  1
377.665 0.00  12
377.930 0.00  1
378.065 0.00  1
378.197 0.00  12
378.465 0.50  16
379.262 0.50  16
380.077 0.00  4
380.167 0.00  2
380.255 0.00  1
380.345 0.00  6
380.615 0.00  1
380.750 0.00  1
380.882 0.00  12
381.152 0.00  1
381.287 0.00  1
381.422 0.00  12
381.827 0.00  16
382.095 0.00  16
382.230 0.00  12
382.500 0.00  1
382.635 0.00  2
382.770 0.00  2
382.902 0.00  4
383.035 0.00  2
383.165 0.00  4
383.297 0.00  2
383.430 0.00  4
383.562 0.00  2
383.695 0.00  4
383.825 0.00  2
383.960 0.00  4
384.090 0.00  2
384.222 0.00  4
384.355 0.00  2
384.387 0.00  4
384.882 0.00  8
384.970 0.00  8
385.060 0.00  8
385.147 0.00  8
385.235 0.00  8
385.322 0.00  8
385.410 0.00  8
386.237 0.00  8
386.335 0.00  8
386.430 0.00  8
386.525 0.00  4
386.620 0.00  4
386.715 0.00  4
386.812 0.00  2
386.907 0.00  2
387.002 0.00  2
387.097 0.00  1
387.190 0.00  1
387.280 0.00  1
387.372 0.00  1
387.465 0.00  1
387.555 0.00  1
387.647 0.00  5
387.920 0.00  1
388.010 0.00  1
388.097 0.00  1
388.187 0.00  1
388.275 0.00  1
388.365 0.00  1
388.455 0.00  5
388.720 0.00  1
388.810 0.00  1
388.897 0.00  1
388.987 0.00  10
389.255 0.00  1
389.342 0.00  1
389.430 0.00  1
389.520 0.00  1
389.610 0.00  1
389.697 0.00  1
389.787 0.00  5
390.052 0.00  1
390.142 0.00  1
390.232 0.00  1
390.322 0.00  1
390.412 0.00  1
390.502 0.00  1
390.590 0.00  5
390.860 0.00  1
390.950 0.00  1
391.040 0.00  1
391.130 0.00  10
391.400 0.00  1
391.490 0.00  1
391.577 0.00  1
391.667 0.00  1
391.757 0.00  1
391.847 0.00  1
391.937 0.00  5
392.205 0.00  1
392.295 0.00  1
392.385 0.00  1
392.475 0.00  1
392.565 0.00  1
392.655 0.00  1
392.745 0.00  5
393.010 0.00  1
393.097 0.00  1
393.187 0.00  1
393.275 0.00  10
393.540 0.00  1
393.630 0.00  1
393.717 0.00  1
393.805 0.00  1
393.895 0.00  1
393.982 0.00  1
394.072 0.00  5
394.337 0.00  1
394.425 0.00  1
394.515 0.00  1
394.602 0.00  1
394.690 0.00  1
394.780 0.00  1
394.867 0.00  5
395.125 0.00  1
395.210 0.00  1
395.295 0.00  1
395.380 0.00  10
395.635 0.00  1
395.730 0.00  1
395.822 0.00  1
395.915 0.00  1
396.007 0.00  1
396.100 0.00  1
396.192 0.00  1
397.020 0.00  8
397.112 0.00  8
397.205 0.00  8
397.295 0.00  4
397.387 0.00  4
397.480 0.00  4
397.570 0.00  2
397.662 0.00  2
397.752 0.00  2
397.845 0.00  4
397.935 0.00  4
398.022 0.00  4
398.112 0.00  2
398.245 0.00  4
398.380 0.00  1
398.647 0.00  8
398.735 0.00  8
398.825 0.00  8
398.915 0.00  4
399.047 0.00  8
399.182 0.00  2
399.715 0.00  8
400.072 0.00  8
400.250 0.00  8
400.517 0.00  8
400.607 0.00  4
400.785 0.00  4
401.050 0.00  8
401.137 0.00  4
401.312 0.00  4
401.575 0.00  4
401.662 0.00  2
401.840 0.00  2
402.110 0.00  4
402.200 0.00  4
402.290 0.00  4
402.380 0.00  2
402.512 0.00  4
402.645 0.00  1
402.910 0.00  8
403.000 0.00  8
403.090 0.00  8
403.180 0.00  4
403.312 0.00  8
403.447 0.00  2
403.982 0.00  8
404.340 0.00  8
404.520 0.00  8
404.785 0.00  8
404.875 0.00  4
405.050 0.00  4
405.405 0.00  8
405.582 0.00  8
405.850 0.00  8
405.937 0.00  4
406.115 0.00  4
406.387 0.00  4
406.477 0.00  4
406.570 0.00  4
406.660 0.00  2
406.792 0.00  4
406.927 0.00  1
407.195 0.00  8
407.285 0.00  8
407.372 0.00  8
407.462 0.00  4
407.597 0.00  8
407.730 0.00  2
408.265 0.00  8
408.622 0.00  8
408.802 0.00  8
409.070 0.00  8
409.160 0.00  4
409.337 0.00  4
409.605 0.00  8
409.692 0.00  4
409.870 0.00  4
410.137 0.00  4
410.225 0.00  2
410.402 0.00  2
410.675 0.00  4
410.765 0.00  4
410.855 0.00  4
410.945 0.00  2
411.080 0.00  4
411.215 0.00  1
411.485 0.00  8
411.575 0.00  8
411.665 0.00  8
411.755 0.00  4
411.890 0.00  8
412.022 0.00  2
412.560 0.00  8
412.917 0.00  8
413.097 0.00  8
413.365 0.00  8
413.455 0.00  4
413.635 0.00  4
413.902 0.00  4
413.992 0.00  2
414.170 0.00  2
414.530 0.00  8
414.710 0.00  8
414.977 0.00  8
415.067 0.00  4
415.245 0.00  4
415.512 0.00  4
415.600 0.00  2
415.777 0.00  2
416.045 0.00  8
416.132 0.00  4
416.310 0.00  4
416.577 0.00  4
416.665 0.00  2
416.842 0.00  2
417.110 0.00  1
417.200 0.00  1
417.290 0.00  1
417.380 0.00  1
417.470 0.00  1
417.560 0.00  1
417.650 0.00  5
417.920 0.00  1
418.012 0.00  1
418.102 0.00  1
418.192 0.00  1
418.282 0.00  1
418.372 0.00  1
418.462 0.00  5
418.730 0.00  1
418.820 0.00  1
418.907 0.00  1
418.997 0.00  10
419.267 0.00  1
419.360 0.00  1
419.450 0.00  1
419.540 0.00  1
419.627 0.00  1
419.715 0.00  1
419.805 0.00  5
420.070 0.00  1
420.160 0.00  1
420.247 0.00  1
420.335 0.00  1
420.425 0.00  1
420.512 0.00  1
420.600 0.00  5
420.875 0.00  1
420.967 0.00  1
421.060 0.00  1
421.150 0.00  10
421.420 0.00  1
421.510 0.00  1
421.600 0.00  1
421.690 0.00  1
421.777 0.00  1
421.865 0.00  1
421.952 0.00  5
422.217 0.00  1
422.305 0.00  1
422.395 0.00  1
422.482 0.00  1
422.570 0.00  1
422.657 0.00  1
422.745 0.00  5
423.017 0.00  1
423.107 0.00  1
423.200 0.00  1
423.290 0.00  10
423.555 0.00  1
423.645 0.00  1
423.732 0.00  1
423.822 0.00  1
423.910 0.00  1
424.000 0.00  1
424.087 0.00  5
424.355 0.00  1
424.442 0.00  1
424.532 0.00  1
424.620 0.00  1
424.710 0.00  1
424.797 0.00  1
424.887 0.00  5
425.162 0.00  1
425.255 0.00  1
425.347 0.00  1
425.437 0.00  10
425.715 0.00  4
425.845 0.00  4
425.977 0.00  16
426.242 0.00  4
426.375 0.00  4
426.505 0.00  16
426.770 0.00  4
426.902 0.00  4
427.035 0.00  16
427.300 0.00  4
427.430 0.00  4
427.562 0.00  16
427.832 0.00  1
427.922 0.00  1
428.012 0.00  1
428.102 0.00  1
428.190 0.00  1
428.280 0.00  1
428.370 0.00  5
428.637 0.00  1
428.725 0.00  1
428.815 0.00  1
428.902 0.00  1
428.990 0.00  1
429.077 0.00  1
429.165 0.00  5
429.430 0.00  1
429.520 0.00  1
429.607 0.00  1
429.695 0.00  10
429.960 0.00  4
430.090 0.00  4
430.220 0.00  16
430.480 0.00  4
430.612 0.00  4
430.742 0.00  16
431.007 0.00  4
431.140 0.00  4
431.272 0.00  16
431.540 0.00  4
431.672 0.00  4
431.805 0.00  16
432.077 0.00  1
432.170 0.00  1
432.260 0.00  1
432.350 0.00  1
432.442 0.00  1
432.532 0.00  1
432.625 0.00  5
432.897 0.00  5
433.170 0.00  2
433.305 0.00  2
433.440 0.00  10
433.710 0.00  2
433.847 0.00  2
433.982 0.00  10
434.255 0.00  1
434.345 0.00  1
434.435 0.00  1
434.527 0.00  1
434.615 0.00  1
434.705 0.00  1
434.792 0.00  5
435.057 0.00  5
435.322 0.00  2
435.457 0.00  2
435.595 0.00  10
435.860 0.00  2
435.995 0.00  2
436.130 0.00  10
436.397 0.00  1
436.487 0.00  1
436.577 0.00  1
436.667 0.00  1
436.757 0.00  1
436.847 0.00  1
436.937 0.00  5
437.205 0.00  5
437.475 0.00  2
437.610 0.00  2
437.742 0.00  10
438.007 0.00  2
438.140 0.00  2
438.275 0.00  10
438.540 0.00  1
438.630 0.00  1
438.717 0.00  1
438.807 0.00  1
438.895 0.00  1
438.985 0.00  1
439.072 0.00  5
439.337 0.00  5
439.602 0.00  4
439.735 0.00  4
439.865 0.00  16
440.127 0.00  4
440.260 0.00  4
440.390 0.00  16
440.655 0.00  4
440.785 0.00  4
440.917 0.00  16
441.187 0.00  4
441.322 0.00  4
441.457 0.00  16
441.727 0.00  1
441.817 0.00  1
441.907 0.00  1
441.997 0.00  1
442.087 0.00  1
442.177 0.00  1
442.267 0.00  5
442.537 0.00  1
442.627 0.00  1
442.717 0.00  1
442.807 0.00  1
442.900 0.00  1
442.990 0.00  1
443.080 0.00  5
443.350 0.00  1
443.440 0.00  1
443.530 0.00  1
443.620 0.00  10
443.892 0.00  5
443.980 0.00  5
444.070 0.00  5
444.157 0.00  5
444.245 0.00  5
444.335 0.00  5
444.422 0.00  5
444.687 0.00  5
444.775 0.00  5
444.865 0.00  5
444.952 0.00  5
445.040 0.00  5
445.127 0.00  5
445.215 0.00  5
445.245 0.00  5

999 0 0