21.940 0.00  2
22.242 0.00  8
22.547 0.00  2
22.852 1.50  4
24.375 0.00  1
24.677 0.00  8
24.980 0.00  1
25.282 1.50  4
26.797 0.00  2
27.100 0.00  8
27.400 0.00  2
27.700 1.50  4
29.202 0.00  1
29.507 0.00  8
29.812 0.00  1
30.115 0.00  4
31.637 0.00  2
31.937 0.00  8
32.237 0.00  2
32.540 1.00  4
34.042 0.00  1
34.345 0.00  8
34.650 0.00  1
34.955 1.50  4
36.475 0.00  1
36.775 0.00  8
37.075 0.00  1
37.377 1.50  4
38.880 0.00  1
39.192 0.00  4
39.505 0.00  2
39.810 0.00  4
40.115 0.00  4
40.407 0.00  1
40.555 0.00  2
40.702 0.00  4
41.010 0.00  8
41.315 1.00  8
42.847 0.00  8
43.000 0.00  4
43.155 0.00  2
43.762 0.00  8
43.915 0.00  4
44.067 0.00  1
44.675 0.00  8
44.980 0.00  8
45.127 0.00  4
45.277 2.00  2
47.810 0.00  8
47.960 0.00  1
48.110 0.00  8
48.257 0.00  4
48.407 0.00  1
48.557 0.00  8
48.707 0.00  4
48.860 0.00  1
49.010 0.00  4
49.160 0.00  2
49.310 0.00  1
49.462 0.00  2
49.765 0.00  2
49.915 1.00  4
51.562 0.00  2
51.640 0.00  4
51.880 0.00  8
52.195 1.00  8
53.400 0.00  2
53.475 0.00  4
53.697 0.00  8
54.145 0.00  8
54.295 0.00  4
54.597 0.00  4
54.672 2.00  8
57.007 0.00  1
57.315 0.00  4
57.622 0.00  2
57.930 0.00  4
58.235 0.00  2
58.532 0.00  8
58.830 0.00  2
59.127 0.00  4
59.575 0.00  1
59.647 0.00  2
59.722 0.00  4
60.615 0.00  8
60.765 0.00  4
60.915 0.00  2
61.062 0.00  4
61.212 1.50  1
63.295 0.00  2
63.442 0.00  1
63.590 0.00  2
64.175 0.00  4
64.322 0.00  2
64.467 0.00  4
65.055 0.00  8
65.200 0.00  4
65.345 0.00  8
65.942 0.00  8
66.600 1.00  8
68.070 0.00  1
68.217 0.00  4
68.365 0.00  1
68.510 0.00  4
68.657 0.00  8
68.950 0.00  1
69.105 0.00  4
69.257 0.00  1
69.410 0.00  4
69.852 0.00  1
69.997 0.00  4
70.142 0.00  1
70.290 0.00  4
70.440 0.00  2
70.515 0.00  4
70.740 0.00  4
70.817 0.00  8
71.050 0.00  8
71.360 0.00  8
71.660 0.00  4
71.962 0.00  2
72.262 0.00  4
72.565 0.00  4
73.135 1.00  2
74.895 0.00  1
75.202 0.00  4
75.507 0.00  2
75.817 0.00  4
76.127 0.00  1
76.420 0.00  4
76.715 0.00  4
76.790 0.00  8
77.017 0.00  2
77.320 0.00  2
77.620 0.00  8
77.922 0.00  2
78.225 0.00  4
78.375 0.00  4
78.525 0.00  8
78.820 0.00  4
79.112 0.00  1
79.405 0.00  8
79.700 0.00  1
79.992 0.00  4
80.285 0.00  8
80.435 0.00  8
80.587 0.00  4
80.890 0.00  2
81.190 0.00  8
81.492 0.00  2
81.795 0.00  4
81.945 0.00  4
82.095 0.00  8
82.392 0.00  4
82.690 0.00  1
82.990 0.00  8
83.285 0.00  1
83.585 0.00  4
83.880 0.00  8
84.030 0.00  8
84.182 0.00  4
84.482 0.00  2
84.782 0.00  8
85.082 0.00  2
85.382 0.00  4
85.532 0.00  4
85.682 0.00  8
85.975 0.00  4
86.270 0.00  1
86.562 0.00  8
86.855 0.00  1
87.147 0.00  4
87.440 0.00  8
87.590 0.00  8
88.042 0.00  1
88.342 0.00  8
88.642 0.00  1
88.942 0.00  4
89.092 0.00  4
89.242 0.00  8
89.540 0.00  4
89.837 0.00  1
90.135 0.00  4
90.285 0.00  8
90.432 0.00  1
90.730 0.00  4
91.030 0.00  2
91.327 0.00  8
91.627 0.00  4
91.927 0.00  8
92.227 0.00  8
92.525 0.00  4
92.825 0.00  8
93.425 0.00  1
93.717 0.00  4
94.010 0.00  2
94.302 0.00  8
94.595 0.00  2
94.887 0.00  8
95.472 0.00  8
95.667 0.00  8
95.765 0.00  8
95.960 0.00  8
96.057 0.00  8
96.205 0.00  8
96.352 0.00  8
96.547 0.00  8
96.645 0.00  2
96.940 0.00  1
97.235 0.00  4
97.527 0.00  2
98.115 0.00  8
98.410 0.00  4
98.702 0.00  2
98.997 0.00  4
99.145 0.00  4
99.290 0.00  2
99.600 0.00  4
100.195 0.00  4
100.480 0.00  1
100.772 0.00  4
101.067 0.00  2
101.360 0.00  8
101.655 0.00  2
101.947 0.00  8
102.537 0.00  8
102.735 0.00  8
102.835 0.00  8
103.030 0.00  8
103.130 0.00  8
103.277 0.00  8
103.425 0.00  8
103.622 0.00  8
103.720 0.00  2
104.017 0.00  1
104.312 0.00  4
104.610 0.00  2
105.200 0.00  8
105.495 0.00  4
105.792 0.00  2
106.087 0.00  1
106.382 0.00  2
106.680 0.00  8
106.975 0.50  4
107.567 0.00  2
107.862 0.00  8
108.160 0.00  2
108.455 0.00  4
108.602 0.00  4
108.750 0.00  8
109.045 0.00  4
109.340 0.00  1
109.640 0.00  8
109.940 0.00  1
110.240 0.00  4
110.537 0.00  8
110.687 0.00  8
110.835 0.00  4
111.130 0.00  2
111.427 0.00  8
111.725 0.00  2
112.020 0.00  4
112.170 0.00  4
112.317 0.00  8
112.612 0.00  4
112.907 0.00  1
113.202 0.00  8
113.495 0.00  1
113.790 0.00  4
114.085 0.50  10
114.685 0.00  2
114.982 0.00  8
115.282 0.00  2
115.580 0.00  4
115.730 0.00  4
115.880 0.00  8
116.177 0.00  4
116.475 0.00  1
116.775 0.00  8
117.072 0.00  1
117.370 0.00  4
117.667 0.00  8
117.817 0.00  8
118.265 0.00  1
118.562 0.00  8
118.862 0.00  1
119.160 0.00  4
119.310 0.00  4
119.460 0.00  8
119.747 0.00  4
120.037 0.00  1
120.340 0.00  4
120.640 0.00  2
120.932 0.00  4
121.222 0.00  2
121.522 0.00  8
121.822 0.00  2
122.122 0.00  4
122.272 0.00  4
122.422 0.00  8
122.722 0.00  4
123.022 0.00  1
123.322 0.00  8
123.622 0.00  1
123.922 0.00  4
124.222 0.00  8
124.365 0.00  8
124.510 0.00  4
124.797 0.00  2
125.105 0.00  8
125.412 0.00  2
125.720 0.00  4
125.872 0.00  4
126.025 0.00  8
126.320 0.00  4
126.615 0.00  1
126.910 0.00  8
127.202 0.00  1
127.497 0.00  4
127.792 0.50  10
128.400 0.00  2
128.697 0.00  8
128.995 0.00  2
129.290 0.00  4
129.437 0.00  4
129.585 0.00  8
129.882 0.00  4
130.177 0.00  1
130.475 0.00  8
130.772 0.00  1
131.070 0.00  4
131.367 0.00  8
131.517 0.00  8
131.965 0.00  1
132.260 0.00  8
132.560 0.00  1
132.857 0.00  4
133.005 0.00  4
133.155 0.00  8
133.437 0.00  4
133.722 0.00  1
134.025 0.00  4
134.330 0.00  2
134.627 0.00  4
134.922 0.50  6
135.792 0.00  10
136.075 0.00  12
136.357 0.00  10
136.642 0.50  6
137.205 0.50  3
137.782 0.50  12
138.365 0.50  10
139.247 0.00  12
139.540 0.00  16
139.825 0.00  12
140.107 0.50  10
140.670 0.50  4
141.242 0.50  8
141.792 0.00  1
142.092 0.00  4
142.395 0.00  2
142.695 0.00  8
142.997 0.00  2
143.297 0.00  8
143.892 0.00  8
144.087 0.00  8
144.185 0.00  8
144.380 0.00  8
144.480 0.00  8
144.625 0.00  8
144.772 0.00  8
144.967 0.00  8
145.065 0.00  2
145.357 0.00  1
145.652 0.00  4
145.945 0.00  2
146.530 0.00  8
146.825 0.00  4
147.117 0.00  2
147.410 0.00  4
147.557 0.00  4
147.705 0.00  2
147.997 0.00  4
148.587 0.00  4
148.885 0.00  1
149.182 0.00  4
149.480 0.00  2
149.777 0.00  8
150.075 0.00  2
150.372 0.00  8
150.967 0.00  8
151.165 0.00  8
151.262 0.00  8
151.460 0.00  8
151.557 0.00  8
151.705 0.00  8
151.855 0.00  8
152.050 0.00  8
152.150 0.00  2
152.445 0.00  1
152.740 0.00  4
153.037 0.00  2
153.627 0.00  8
153.925 0.00  4
154.220 0.00  2
154.515 0.00  1
154.810 0.00  2
155.115 0.00  8
155.417 0.50  4
156.047 0.00  2
156.350 0.00  8
156.650 0.00  2
156.952 0.00  4
157.102 0.00  4
157.255 0.00  8
157.550 0.00  4
157.845 0.00  1
158.140 0.00  8
158.435 0.00  1
158.730 0.00  4
159.025 0.00  8
159.172 0.00  8
159.320 0.00  4
159.617 0.00  2
159.915 0.00  8
160.210 0.00  2
160.507 0.00  4
160.655 0.00  4
160.805 0.00  8
161.100 0.00  4
161.395 0.00  1
161.690 0.00  8
161.985 0.00  1
162.280 0.00  4
162.575 0.50  10
163.195 0.00  2
163.495 0.00  8
163.797 0.00  2
164.100 0.00  4
164.250 0.00  4
164.402 0.00  8
164.695 0.00  4
164.985 0.00  1
165.290 0.00  8
165.590 0.00  1
165.895 0.00  4
166.197 0.00  8
166.342 0.00  8
166.780 0.00  1
167.075 0.00  8
167.365 0.00  1
167.657 0.00  4
167.805 0.00  4
167.950 0.00  8
168.250 0.00  4
168.550 0.00  1
168.850 0.00  4
169.150 0.00  2
169.450 0.00  4
169.747 0.00  2
170.047 0.00  8
170.347 0.00  2
170.647 0.00  4
170.797 0.00  4
170.947 0.00  8
171.247 0.00  4
171.547 0.00  1
171.850 0.00  8
172.150 0.00  1
172.450 0.00  4
172.750 0.00  8
172.895 0.00  8
173.040 0.00  4
173.330 0.00  2
173.620 0.00  8
173.910 0.00  2
174.200 0.00  4
174.345 0.00  4
174.490 0.00  8
174.790 0.00  4
175.087 0.00  1
175.387 0.00  8
175.685 0.00  1
175.985 0.00  4
176.282 0.50  10
176.885 0.00  2
177.185 0.00  8
177.485 0.00  2
177.787 0.00  4
177.937 0.00  4
178.087 0.00  8
178.385 0.00  4
178.682 0.00  1
178.982 0.00  8
179.282 0.00  1
179.582 0.00  4
179.882 0.00  8
180.030 0.00  8
180.475 0.00  1
180.770 0.00  8
181.067 0.00  1
181.365 0.00  4
181.512 0.00  4
181.660 0.00  8
181.955 0.00  4
182.252 0.00  1
182.550 0.00  4
182.850 0.00  2
183.140 0.00  4
183.432 0.50  6
184.322 0.00  10
184.615 0.00  12
184.895 0.00  10
185.175 0.50  6
185.750 0.50  3
186.322 0.50  12
186.895 0.50  10
187.770 0.00  12
188.052 0.00  16
188.337 0.00  12
188.620 0.50  10
189.190 0.50  4
189.770 0.50  8
190.360 0.00  1
190.652 0.00  4
190.945 0.00  2
191.237 0.00  8
191.530 0.00  2
191.822 0.00  8
192.412 0.00  8
192.610 0.00  8
192.710 0.00  8
192.907 0.00  8
193.005 0.00  8
193.155 0.00  8
193.302 0.00  8
193.500 0.00  8
193.600 0.00  2
193.897 0.00  1
194.195 0.00  4
194.490 0.00  2
195.085 0.00  8
195.382 0.00  4
195.680 0.00  2
195.977 0.00  4
196.125 0.00  4
196.275 0.00  2
196.570 0.00  4
197.010 0.00  2
197.150 0.00  2
197.292 0.00  2
198.327 0.00  8
198.625 0.00  4
198.920 0.00  2
199.220 0.00  4
199.565 0.00  8
199.665 0.00  4
199.815 1.00  1
200.925 0.00  8
201.295 0.00  8
201.592 0.00  4
201.890 0.00  2
202.185 0.00  4
202.522 0.00  8
202.620 0.00  4
202.762 1.00  2
204.065 0.00  8
204.215 0.00  4
204.365 0.00  8
205.445 0.00  4
205.737 0.00  2
206.032 0.00  4
206.180 0.00  2
206.325 0.50  1
206.912 0.00  1
207.205 0.00  2
207.500 0.00  4
207.802 0.00  8
208.210 0.00  8
208.312 0.00  4
208.520 0.00  8
208.622 0.00  4
208.820 0.00  8
208.912 0.00  4
209.005 0.00  2
209.145 0.00  8
209.285 0.00  1
209.432 0.00  4
209.580 1.50  1
211.635 0.00  6
211.735 0.00  10
211.935 0.00  10
212.232 0.00  10
212.530 0.00  10
212.830 0.50  6
213.427 0.00  12
213.522 0.00  16
213.712 0.00  16
214.000 0.00  16
214.285 0.00  16
214.570 0.50  12
0.016 215.00  12
215.252 0.00  8
215.350 0.00  16
215.540 0.00  8
215.635 0.00  16
215.825 0.00  8
215.922 0.00  16
216.112 0.00  8
216.207 0.00  16
216.400 0.00  8
216.495 0.00  16
216.685 0.00  8
216.780 0.00  4
216.875 0.00  2
217.025 0.00  4
217.172 0.00  2
217.470 0.00  2
217.617 0.00  4
218.625 0.00  2
219.470 0.00  6
219.502 0.00  10
219.782 0.00  12
220.060 0.00  10
220.889 0.00  6
221.460 0.00  3
222.042 0.00  12
222.892 0.00  10
222.922 0.00  12
223.205 0.00  16
223.492 0.00  12
224.332 0.00  10
224.929 0.00  12
225.484 0.00  16
226.320 0.00  6
226.352 0.00  10
226.632 0.00  12
226.915 0.00  10
227.730 0.00  6
228.282 0.00  3
228.847 0.00  12
229.707 0.00  10
229.737 0.00  12
230.022 0.00  16
230.300 0.00  12
231.112 0.00  10
231.647 0.00  12
232.210 0.00  16
233.050 0.00  6
233.080 0.00  10
233.360 0.00  12
233.642 0.00  10
234.459 0.00  6
235.035 0.00  3
235.607 0.00  12
236.429 0.00  6
236.460 0.00  12
236.740 0.00  6
237.010 0.00  12
237.522 0.00  12
237.792 0.00  12
238.064 0.00  12
238.339 0.00  16
238.372 0.50  12
239.725 0.00  12
239.755 0.00  1
240.037 0.00  12
240.305 0.00  1
240.572 0.00  16
240.850 0.00  1
241.125 0.00  16
241.397 0.00  1
241.670 0.00  16
241.937 0.00  1
242.982 0.00  6
243.012 0.00  12
243.285 0.00  6
243.565 0.00  12
244.085 0.00  12
244.355 0.00  12
244.632 0.00  12
244.910 0.00  16
244.940 0.50  12
246.310 0.00  12
246.340 0.00  1
246.615 0.00  12
246.892 0.00  1
247.170 0.00  16
247.437 0.00  4
247.570 0.00  4
247.705 0.00  16
247.975 0.00  1
248.245 0.00  16
248.515 0.00  1
249.572 0.00  6
249.605 0.00  12
249.880 0.00  6
250.157 0.00  12
250.690 0.00  12
250.972 0.00  12
251.247 0.00  12
251.522 0.00  16
251.552 0.50  12
252.929 0.00  12
252.960 0.00  1
253.240 0.00  12
253.505 0.00  1
253.770 0.00  16
254.035 0.00  1
254.297 0.00  16
254.560 0.00  1
254.822 0.00  16
255.085 0.00  1
256.167 0.00  6
256.200 0.00  12
256.482 0.00  6
256.755 0.00  12
257.272 0.00  12
257.544 0.00  12
257.820 0.00  12
258.092 0.00  16
258.122 0.50  12
259.454 0.00  12
259.485 0.00  1
259.765 0.00  12
260.032 0.00  1
260.297 0.00  16
260.577 0.00  4
260.715 0.00  4
260.855 0.00  16
261.127 0.00  1
261.400 0.00  16
261.677 0.00  1
262.472 0.00  16
262.502 0.00  16
262.777 0.00  16
263.052 0.00  16
263.325 0.00  16
263.597 0.00  12
263.870 0.00  12
264.142 0.00  12
264.407 0.00  16
265.190 0.00  12
265.999 0.00  6
266.032 0.00  1
266.305 0.00  6
266.570 0.00  1
266.835 0.00  10
267.110 0.00  10
267.385 0.00  10
267.647 0.00  1
267.912 0.00  10
268.187 0.00  1
268.972 0.00  16
269.002 0.00  16
269.270 0.00  16
269.540 0.00  16
269.797 0.00  16
270.055 0.00  12
270.327 0.00  12
270.600 0.00  12
270.870 0.00  16
271.660 0.00  12
272.465 0.00  6
272.495 0.00  1
272.772 0.00  6
273.037 0.00  1
273.300 0.00  10
273.577 0.00  2
273.717 0.00  2
273.857 0.00  10
274.130 0.00  1
274.400 0.00  10
274.672 0.00  1
274.915 4.00  12
279.197 0.00  12
279.227 0.00  1
279.317 0.00  1
279.410 0.00  1
279.500 0.00  1
279.592 0.00  1
279.685 0.00  1
279.745 0.00  12
279.775 0.50  12
280.325 0.00  1
280.412 0.00  1
280.502 0.00  1
280.592 0.00  1
280.680 0.00  1
280.770 0.00  1
280.830 0.00  12
280.860 0.50  12
281.425 0.00  1
281.510 0.00  1
281.597 0.00  1
281.685 0.00  1
281.772 0.00  1
281.860 0.00  1
281.915 0.00  12
281.945 0.50  12
282.502 0.00  1
282.592 0.00  1
282.682 0.00  1
282.772 0.00  1
282.862 0.00  1
282.952 0.00  1
283.012 0.00  12
283.042 0.50  12
283.587 0.00  1
283.677 0.00  1
283.767 0.00  1
283.855 0.00  1
283.945 0.00  1
284.035 0.00  1
284.095 0.50  12
284.640 0.00  12
284.670 0.00  1
284.755 0.00  1
284.842 0.00  1
284.930 0.00  1
285.017 0.00  1
285.105 0.00  1
285.160 0.00  12
285.190 0.50  12
285.740 0.00  1
285.827 0.00  1
285.915 0.00  1
286.005 0.00  1
286.092 0.00  1
286.180 0.00  1
286.237 0.50  12
286.777 0.00  12
286.810 0.00  1
286.897 0.00  1
286.987 0.00  1
287.077 0.00  1
287.165 0.00  1
287.255 0.00  1
287.315 0.00  12
287.345 0.00  12
287.582 0.00  16
287.612 0.00  16
287.880 0.00  1
287.967 0.00  1
288.055 0.00  1
288.145 0.00  1
288.230 0.00  1
288.320 0.00  1
288.377 0.50  12
288.932 0.00  12
288.962 0.00  1
289.050 0.00  1
289.135 0.00  1
289.220 0.00  1
289.305 0.00  1
289.390 0.00  1
289.447 0.00  12
289.477 0.00  12
289.730 0.00  16
289.760 0.00  16
290.042 0.00  1
290.130 0.00  1
290.217 0.00  1
290.305 0.00  1
290.390 0.00  1
290.477 0.00  1
290.535 0.50  12
291.072 0.00  12
291.105 0.00  1
291.195 0.00  1
291.285 0.00  1
291.375 0.00  1
291.465 0.00  1
291.555 0.00  1
291.615 0.00  12
291.645 0.00  12
291.885 0.00  16
291.915 0.00  16
292.182 0.00  1
292.272 0.00  1
292.362 0.00  1
292.450 0.00  1
292.540 0.00  1
292.630 0.00  1
292.687 0.50  12
293.244 0.00  12
293.277 0.00  1
293.365 0.00  1
293.450 0.00  1
293.537 0.00  1
293.625 0.00  1
293.710 0.00  1
293.767 0.00  12
293.797 0.00  12
294.047 0.00  16
294.077 0.00  16
294.357 0.00  1
294.442 0.00  1
294.530 0.00  1
294.615 0.00  1
294.702 0.00  1
294.790 0.00  1
294.845 0.50  12
295.395 0.00  12
295.425 0.00  1
295.512 0.00  1
295.600 0.00  1
295.687 0.00  1
295.775 0.00  1
295.862 0.00  1
295.920 0.00  12
295.950 0.00  12
296.207 0.00  16
296.237 0.00  16
296.525 0.00  1
296.615 0.00  1
296.702 0.00  1
296.790 0.00  1
296.877 0.00  1
296.965 0.00  1
297.022 0.00  12
297.052 0.50  12
297.617 0.00  1
297.705 0.00  1
297.792 0.00  1
297.880 0.00  1
297.967 0.00  1
298.055 0.00  1
298.112 0.00  12
298.142 0.50  12
298.700 0.00  1
298.787 0.00  1
298.872 0.00  1
298.960 0.00  1
299.047 0.00  1
299.135 0.00  1
299.190 0.00  12
299.220 0.50  12
299.795 0.00  1
299.885 0.00  1
299.975 0.00  1
300.065 0.00  1
300.155 0.00  1
300.245 0.00  1
300.302 0.00  12
300.332 0.00  12
300.572 0.00  16
300.602 0.00  16
300.872 0.00  1
300.960 0.00  1
301.045 0.00  1
301.132 0.00  1
301.220 0.00  1
301.307 0.00  1
301.365 0.00  12
301.395 0.50  12
301.957 0.00  1
302.045 0.00  1
302.135 0.00  1
302.222 0.00  1
302.310 0.00  1
302.397 0.00  1
302.455 0.00  12
302.485 0.50  12
303.060 0.00  1
303.145 0.00  1
303.230 0.00  1
303.315 0.00  1
303.400 0.00  1
303.485 0.00  1
303.540 0.00  12
303.570 0.50  12
304.120 0.00  1
304.210 0.00  1
304.300 0.00  1
304.387 0.00  1
304.477 0.00  1
304.565 0.00  1
304.625 0.00  12
304.655 0.00  12
304.892 0.00  16
304.922 0.00  16
305.190 0.00  1
305.280 0.00  1
305.367 0.00  1
305.457 0.00  1
305.545 0.00  1
305.635 0.00  1
306.260 0.00  8
306.290 0.00  1
306.372 0.00  1
306.455 0.00  1
306.540 0.00  1
306.620 0.00  1
306.705 0.00  1
306.787 0.50  16
307.322 0.00  1
307.412 0.00  1
307.502 0.00  1
307.590 0.00  1
307.680 0.00  1
307.770 0.00  1
308.362 0.00  4
308.392 0.00  1
308.482 0.00  1
308.570 0.00  1
308.660 0.00  1
308.750 0.00  1
308.840 0.00  1
308.927 0.50  16
309.500 0.00  1
309.587 0.00  1
309.672 0.00  1
309.760 0.00  1
309.845 0.00  1
309.930 0.00  1
310.529 0.00  8
310.560 0.00  1
310.650 0.00  1
310.740 0.00  1
310.832 0.00  1
310.922 0.00  1
311.012 0.00  1
311.102 0.50  16
311.660 0.00  1
311.750 0.00  1
311.840 0.00  1
311.927 0.00  1
312.017 0.00  1
312.107 0.00  1
312.705 0.00  4
312.735 0.00  1
312.825 0.00  1
312.915 0.00  1
313.005 0.00  1
313.095 0.00  1
313.185 0.00  1
313.275 0.00  4
313.562 0.00  2
313.850 0.00  1
313.937 0.00  1
314.027 0.00  1
314.115 0.00  1
314.205 0.00  1
314.295 0.00  1
314.355 0.00  12
314.385 0.50  12
314.922 0.00  1
315.010 0.00  1
315.100 0.00  1
315.190 0.00  1
315.277 0.00  1
315.367 0.00  1
315.425 0.00  12
315.455 0.50  12
315.997 0.00  1
316.087 0.00  1
316.175 0.00  1
316.265 0.00  1
316.355 0.00  1
316.442 0.00  1
316.502 0.00  12
316.532 0.00  12
317.055 0.00  1
317.142 0.00  1
317.232 0.00  1
317.320 0.00  1
317.410 0.00  1
317.500 0.00  1
317.557 0.00  12
317.587 0.00  12
317.835 0.00  16
317.865 0.00  16
318.142 0.00  1
318.232 0.00  1
318.325 0.00  1
318.415 0.00  1
318.505 0.00  1
318.595 0.00  1
318.655 0.00  12
318.685 0.50  12
319.240 0.00  1
319.327 0.00  1
319.412 0.00  1
319.500 0.00  1
319.585 0.00  1
319.672 0.00  1
319.730 0.00  12
319.760 0.50  12
320.310 0.00  1
320.397 0.00  1
320.485 0.00  1
320.572 0.00  1
320.660 0.00  1
320.747 0.00  1
320.805 0.00  12
320.835 0.50  12
321.367 0.00  1
321.457 0.00  1
321.547 0.00  1
321.637 0.00  1
321.727 0.00  1
321.817 0.00  1
321.877 0.00  12
321.907 0.00  12
322.147 0.00  16
322.177 0.00  16
322.447 0.00  1
322.537 0.00  1
322.630 0.00  1
322.720 0.00  1
322.810 0.00  1
322.902 0.00  1
322.962 0.00  12
323.234 0.00  12
323.265 0.00  1
323.357 0.00  1
323.447 0.00  1
323.540 0.00  1
323.630 0.00  1
323.720 0.00  1
323.782 0.00  12
324.054 0.00  12
324.085 0.00  1
324.175 0.00  1
324.267 0.00  1
324.327 0.00  16
324.599 0.00  16
324.630 0.00  1
324.720 0.00  1
324.810 0.00  1
324.900 0.00  1
324.990 0.00  1
325.082 0.00  1
325.142 0.00  12
325.412 0.00  12
325.442 0.00  1
325.532 0.00  1
325.622 0.00  1
325.712 0.00  1
325.802 0.00  1
325.892 0.00  1
325.952 0.00  12
326.222 0.00  12
326.252 0.00  1
326.342 0.00  1
326.432 0.00  1
326.492 0.00  16
326.762 0.00  16
326.792 0.00  1
326.885 0.00  1
326.975 0.00  1
327.065 0.00  1
327.155 0.00  1
327.245 0.00  1
327.305 0.00  12
327.577 0.00  12
327.607 0.00  1
327.700 0.00  1
327.790 0.00  1
327.880 0.00  1
327.970 0.00  1
328.060 0.00  1
328.122 0.00  12
328.392 0.00  12
328.422 0.00  1
328.515 0.00  1
328.605 0.00  1
328.665 0.00  16
328.935 0.00  16
328.967 0.00  1
329.055 0.00  1
329.145 0.00  1
329.232 0.00  1
329.322 0.00  1
329.410 0.00  1
329.470 0.00  12
329.735 0.00  12
329.765 0.00  1
329.855 0.00  1
329.942 0.00  1
330.030 0.00  1
330.120 0.00  1
330.210 0.00  1
330.267 0.00  12
330.532 0.00  12
330.565 0.00  1
330.652 0.00  1
330.740 0.00  1
330.800 0.00  16
331.065 0.00  16
331.095 0.00  1
331.187 0.00  1
331.277 0.00  1
331.367 0.00  1
331.460 0.00  1
331.550 0.00  1
331.640 0.00  1
331.912 0.00  1
332.000 0.00  1
332.087 0.00  1
332.175 0.00  1
332.262 0.00  1
332.350 0.00  1
332.440 0.00  1
332.702 0.00  1
332.797 0.00  1
332.892 0.00  1
332.985 0.00  1
333.270 0.00  1
333.360 0.00  1
333.450 0.00  1
333.540 0.00  1
333.630 0.00  1
333.717 0.00  1
333.807 0.00  1
334.075 0.00  1
334.165 0.00  1
334.255 0.00  1
334.345 0.00  1
334.432 0.00  1
334.522 0.00  1
334.612 0.00  1
334.880 0.00  1
334.980 0.00  1
335.080 0.00  1
335.180 0.00  1
335.280 0.00  1
335.380 0.00  1
335.480 0.00  1
335.567 0.00  1
335.655 0.00  1
335.742 0.00  1
335.827 0.00  1
335.915 0.00  1
335.972 0.00  12
336.232 0.00  12
336.262 0.00  1
336.350 0.00  1
336.435 0.00  1
336.522 0.00  1
336.610 0.00  1
336.695 0.00  1
336.752 0.00  12
337.012 0.00  12
337.042 0.00  1
337.130 0.00  1
337.215 0.00  1
337.272 0.00  16
337.532 0.00  16
337.562 0.00  1
337.652 0.00  1
337.740 0.00  1
337.830 0.00  1
337.920 0.00  1
338.007 0.00  1
338.067 0.00  12
338.332 0.00  12
338.365 0.00  1
338.452 0.00  1
338.542 0.00  1
338.630 0.00  1
338.720 0.00  1
338.810 0.00  1
338.867 0.00  12
339.134 0.00  12
339.165 0.00  1
339.255 0.00  1
339.342 0.00  1
339.402 0.00  16
339.667 0.00  16
339.700 0.00  1
339.790 0.00  1
339.880 0.00  1
339.970 0.00  1
340.062 0.00  1
340.152 0.00  1
340.212 0.00  12
340.484 0.00  12
340.515 0.00  1
340.605 0.00  1
340.697 0.00  1
340.787 0.00  1
340.880 0.00  1
340.970 0.00  1
341.032 0.00  12
341.307 0.00  12
341.337 0.00  1
341.430 0.00  1
341.522 0.00  1
341.582 0.00  16
341.857 0.00  16
341.887 0.00  1
341.975 0.00  1
342.065 0.00  1
342.152 0.00  1
342.240 0.00  1
342.327 0.00  1
342.387 0.00  12
342.649 0.00  12
342.680 0.00  1
342.772 0.00  1
342.862 0.00  1
342.952 0.00  1
343.045 0.00  1
343.135 0.00  1
343.195 0.00  12
343.457 0.00  12
343.490 0.00  1
343.577 0.00  1
343.665 0.00  1
343.722 0.00  16
343.984 0.00  16
344.015 0.00  1
344.100 0.00  1
344.187 0.00  1
344.272 0.00  1
344.360 0.00  1
344.445 0.00  1
344.500 0.00  12
344.530 0.00  12
344.787 0.00  1
344.877 0.00  1
344.965 0.00  1
345.055 0.00  1
345.145 0.00  1
345.232 0.00  1
345.290 0.00  12
345.320 0.00  12
345.587 0.00  1
345.680 0.00  1
345.772 0.00  1
345.835 0.00  12
345.865 0.00  12
346.140 0.00  1
346.230 0.00  1
346.322 0.00  1
346.415 0.00  1
346.507 0.00  1
346.600 0.00  1
346.660 0.00  12
346.690 0.00  12
346.967 0.00  1
347.060 0.00  1
347.152 0.00  1
347.245 0.00  1
347.337 0.00  1
347.430 0.00  1
347.492 0.00  12
347.522 0.00  12
347.800 0.00  1
347.890 0.00  1
347.982 0.00  1
348.075 0.00  1
348.167 0.00  1
348.260 0.00  1
348.352 0.00  8
348.397 0.00  2
348.440 0.00  4
348.485 0.00  8
348.530 0.00  2
348.575 0.00  4
348.620 0.00  8
348.665 0.00  2
348.710 0.00  4
348.755 0.00  8
348.800 0.00  2
348.842 0.00  4
348.887 0.00  8
348.932 0.00  2
348.977 0.00  4
349.022 0.00  8
349.065 0.00  2
349.110 0.00  4
349.155 0.00  8
349.200 0.00  2
349.245 0.00  4
349.290 0.00  8
349.335 0.00  2
349.380 0.00  16
349.467 0.00  4
349.512 0.00  16
349.600 0.00  4
349.645 0.00  16
349.735 0.00  4
349.780 0.00  16
349.867 0.00  4
349.912 0.00  16
350.002 0.00  4
350.045 0.00  16
350.135 0.00  4
350.180 0.00  16
350.267 0.00  4
350.312 0.00  16
350.402 0.00  4
350.445 0.00  8
350.490 0.00  4
350.535 0.00  1
350.580 0.00  2
350.625 0.00  4
350.670 0.00  1
350.712 0.00  2
350.757 0.00  4
350.802 0.00  1
350.847 0.00  2
350.890 0.00  4
350.935 0.00  1
350.980 0.00  2
351.025 0.00  4
351.070 0.00  1
351.115 0.00  2
351.157 0.00  4
351.202 0.00  1
351.247 0.00  2
351.292 0.00  4
351.335 0.00  1
351.380 0.00  2
351.425 0.00  4
351.470 0.00  1
351.515 0.00  2
351.560 0.00  8
351.602 0.00  2
351.647 0.00  4
351.692 0.00  8
351.737 0.00  2
351.780 0.00  4
351.825 0.00  8
351.870 0.00  2
351.915 0.00  4
351.960 0.00  8
352.005 0.00  2
352.047 0.00  4
352.092 0.00  8
352.137 0.00  2
352.182 0.00  4
352.225 0.00  8
352.270 0.00  2
352.315 0.00  4
352.360 0.00  8
352.405 0.00  2
352.450 0.00  4
352.492 0.00  8
352.537 0.00  2
352.582 0.00  4
352.627 0.00  4
352.672 0.00  1
352.717 0.00  2
352.762 0.00  4
352.807 0.00  1
352.852 0.00  2
352.897 0.00  4
352.942 0.00  1
352.987 0.00  2
353.032 0.00  4
353.077 0.00  1
353.122 0.00  2
353.167 0.00  4
353.212 0.00  1
353.257 0.00  2
353.302 0.00  4
353.347 0.00  1
353.392 0.00  2
353.437 0.00  4
353.482 0.00  1
353.527 0.00  2
353.572 0.00  4
353.617 0.00  1
353.662 0.00  2
353.707 0.00  8
353.752 0.00  2
353.797 0.00  4
353.842 0.00  8
353.887 0.00  2
353.932 0.00  4
353.977 0.00  8
354.022 0.00  2
354.067 0.00  4
354.112 0.00  8
354.157 0.00  2
354.202 0.00  4
354.247 0.00  8
354.292 0.00  2
354.337 0.00  4
354.382 0.00  8
354.427 0.00  2
354.472 0.00  4
354.517 0.00  8
354.562 0.00  2
354.607 0.00  4
354.652 0.00  8
354.697 0.00  2
354.742 0.00  16
354.832 0.00  4
354.877 0.00  16
355.012 0.00  16
355.190 0.00  16
355.370 0.00  16
355.572 0.00  16
355.730 0.00  16
355.887 0.00  4
355.977 0.00  16
356.110 0.00  16
356.290 0.00  16
356.447 0.00  16
356.627 0.00  2
356.740 0.00  1
356.940 0.00  1
357.030 0.00  2
357.120 0.00  2
357.210 0.00  2
357.300 0.00  2
357.390 0.00  2
357.480 0.00  2
357.750 0.00  4
357.840 0.00  4
357.930 0.00  4
358.020 0.00  8
358.110 0.00  8
358.200 0.00  16
358.560 0.00  4
358.657 0.00  4
358.757 0.00  4
358.857 0.00  8
358.955 0.00  8
359.055 0.50  16
359.690 0.00  16
359.955 1.00  16
361.022 0.00  1
361.112 0.00  2
361.200 0.00  4
361.290 0.00  8
361.380 0.00  4
361.470 0.00  2
361.560 0.00  1
361.650 0.00  2
361.740 0.00  4
361.830 0.00  8
361.920 0.00  4
362.010 0.00  2
362.100 0.00  1
362.190 0.00  2
362.280 0.00  4
362.370 0.00  8
362.460 0.00  4
362.550 0.00  2
362.640 0.00  1
362.730 0.00  2
362.820 0.00  4
362.910 0.00  8
363.000 0.00  4
363.090 0.00  2
363.180 0.00  1
363.270 0.00  2
363.360 0.00  4
363.450 0.00  8
363.542 0.00  4
363.637 0.00  2
363.730 0.00  1
363.825 0.00  2
363.917 0.00  4
364.012 0.00  8
364.105 0.00  4
364.200 0.00  2
364.292 0.00  1
364.387 0.00  2
364.480 0.00  16
364.660 0.00  8
364.750 0.00  16
364.925 0.00  8
365.010 0.00  16
365.185 0.00  8
365.272 0.00  16
365.447 0.00  8
365.535 0.00  16
365.712 0.00  8
365.805 0.00  16
365.985 0.00  8
366.075 0.00  16
366.255 0.00  8
366.345 0.00  16
366.525 0.00  8
366.615 0.00  4
366.707 0.00  2
366.740 0.00  4
366.840 0.00  4
366.972 0.00  2
367.005 0.00  4
367.105 0.00  4
367.240 0.00  2
367.272 0.00  4
367.372 0.00  4
367.505 0.00  2
367.540 0.00  4
367.640 0.00  4
367.772 0.00  16
367.907 0.00  4
368.042 0.00  2
368.075 0.00  4
368.177 0.00  4
368.312 0.00  16
368.447 0.00  4
368.582 0.00  2
368.615 0.00  4
368.717 0.00  16
368.940 0.00  8
369.027 0.00  4
369.350 0.00  8
369.380 0.00  8
369.467 0.00  4
369.555 0.00  2
369.874 0.00  4
369.905 0.00  4
369.997 0.00  2
370.090 0.00  1
370.425 0.00  16
370.547 0.00  8
370.640 0.00  4
370.975 0.00  8
371.005 0.00  4
371.095 0.00  8
371.185 0.00  2
371.515 0.00  16
371.635 0.00  8
371.725 0.00  4
371.815 0.00  8
371.905 0.00  4
371.995 0.00  2
372.085 0.00  4
372.177 0.00  2
372.270 0.00  1
372.365 0.00  2
372.457 0.00  1
372.550 0.00  2
372.642 0.00  4
372.852 0.00  4
372.887 0.00  8
373.060 0.00  4
373.095 0.00  8
373.265 0.00  4
373.300 0.00  8
373.462 0.00  4
373.952 0.00  8
373.985 0.00  8
374.070 0.00  4
374.157 0.00  2
374.245 0.00  4
374.420 0.00  2
374.597 0.00  4
374.775 0.00  2
374.950 0.00  16
375.305 0.00  8
375.480 0.00  4
375.657 0.00  2
376.332 0.00  1
376.362 0.00  1
376.495 0.00  1
376.865 0.00  12
376.895 0.00  1
377.030 0.00  1
377.397 0.00  12
377.427 0.00  1
377.562 0.00  1
377.930 0.00  12
377.960 0.00  1
378.095 0.00  1
378.464 0.00  12
378.495 0.00  12
379.262 0.00  16
379.292 0.00  12
380.075 0.00  16
380.107 0.00  12
380.197 0.00  2
380.285 0.00  1
380.615 0.00  6
380.645 0.00  1
380.780 0.00  1
381.152 0.00  12
381.182 0.00  1
381.317 0.00  1
381.689 0.00  12
382.094 0.00  16
382.125 0.00  16
382.500 0.00  12
382.530 0.00  1
382.665 0.00  2
382.800 0.00  2
382.832 0.00  4
382.932 0.00  4
383.065 0.00  2
383.097 0.00  4
383.195 0.00  4
383.327 0.00  2
383.360 0.00  4
383.460 0.00  4
383.592 0.00  2
383.625 0.00  4
383.725 0.00  4
383.855 0.00  2
383.890 0.00  4
383.990 0.00  4
384.120 0.00  2
384.155 0.00  4
384.252 0.00  4
384.385 0.00  2
384.882 0.00  4
384.912 0.00  8
385.000 0.00  8
385.090 0.00  8
385.177 0.00  8
385.265 0.00  8
385.352 0.00  8
385.440 0.50  16
386.267 0.00  8
386.365 0.00  8
386.460 0.00  8
386.555 0.00  4
386.650 0.00  4
386.745 0.00  4
386.842 0.00  2
386.937 0.00  2
387.032 0.00  2
387.127 0.00  1
387.220 0.00  1
387.310 0.00  1
387.402 0.00  1
387.495 0.00  1
387.585 0.00  1
387.647 0.00  12
387.919 0.00  12
387.950 0.00  1
388.040 0.00  1
388.127 0.00  1
388.217 0.00  1
388.305 0.00  1
388.395 0.00  1
388.455 0.00  12
388.720 0.00  12
388.750 0.00  1
388.840 0.00  1
388.927 0.00  1
388.987 0.00  16
389.252 0.00  16
389.285 0.00  1
389.372 0.00  1
389.460 0.00  1
389.550 0.00  1
389.640 0.00  1
389.727 0.00  1
389.787 0.00  12
390.052 0.00  12
390.082 0.00  1
390.172 0.00  1
390.262 0.00  1
390.352 0.00  1
390.442 0.00  1
390.532 0.00  1
390.590 0.00  12
390.860 0.00  12
390.890 0.00  1
390.980 0.00  1
391.070 0.00  1
391.130 0.00  16
391.400 0.00  16
391.430 0.00  1
391.520 0.00  1
391.607 0.00  1
391.697 0.00  1
391.787 0.00  1
391.877 0.00  1
391.937 0.00  12
392.204 0.00  12
392.235 0.00  1
392.325 0.00  1
392.415 0.00  1
392.505 0.00  1
392.595 0.00  1
392.685 0.00  1
392.745 0.00  12
393.010 0.00  12
393.040 0.00  1
393.127 0.00  1
393.217 0.00  1
393.275 0.00  16
393.540 0.00  16
393.570 0.00  1
393.660 0.00  1
393.747 0.00  1
393.835 0.00  1
393.925 0.00  1
394.012 0.00  1
394.072 0.00  12
394.337 0.00  12
394.367 0.00  1
394.455 0.00  1
394.545 0.00  1
394.632 0.00  1
394.720 0.00  1
394.810 0.00  1
394.867 0.00  12
395.122 0.00  12
395.155 0.00  1
395.240 0.00  1
395.325 0.00  1
395.380 0.00  16
395.635 0.00  16
395.665 0.00  1
395.760 0.00  1
395.852 0.00  1
395.945 0.00  1
396.037 0.00  1
396.130 0.00  1
396.222 0.50  16
397.050 0.00  8
397.142 0.00  8
397.235 0.00  8
397.325 0.00  4
397.417 0.00  4
397.510 0.00  4
397.600 0.00  2
397.692 0.00  2
397.782 0.00  2
397.875 0.00  4
397.965 0.00  4
398.052 0.00  4
398.142 0.00  2
398.275 0.00  4
398.647 0.00  1
398.677 0.00  8
398.765 0.00  8
398.855 0.00  8
398.945 0.00  4
399.077 0.00  8
399.449 0.00  16
399.982 0.00  16
400.102 0.00  8
400.192 0.00  4
400.517 0.00  8
400.547 0.00  8
400.637 0.00  4
400.727 0.00  2
401.050 0.00  4
401.080 0.00  8
401.167 0.00  4
401.255 0.00  2
401.574 0.00  4
401.605 0.00  4
401.692 0.00  2
401.780 0.00  1
402.110 0.00  2
402.140 0.00  4
402.230 0.00  4
402.320 0.00  4
402.410 0.00  2
402.542 0.00  4
402.910 0.00  1
402.940 0.00  8
403.030 0.00  8
403.120 0.00  8
403.210 0.00  4
403.342 0.00  8
403.714 0.00  16
404.249 0.00  16
404.370 0.00  8
404.460 0.00  4
404.785 0.00  8
404.815 0.00  8
404.905 0.00  4
404.992 0.00  2
405.317 0.00  16
405.435 0.00  8
405.525 0.00  4
405.849 0.00  8
405.880 0.00  8
405.967 0.00  4
406.057 0.00  2
406.385 0.00  4
406.417 0.00  4
406.507 0.00  4
406.600 0.00  4
406.690 0.00  2
406.822 0.00  4
407.194 0.00  1
407.225 0.00  8
407.315 0.00  8
407.402 0.00  8
407.492 0.00  4
407.627 0.00  8
407.997 0.00  16
408.532 0.00  16
408.652 0.00  8
408.742 0.00  4
409.069 0.00  8
409.100 0.00  8
409.190 0.00  4
409.277 0.00  2
409.604 0.00  4
409.635 0.00  8
409.722 0.00  4
409.810 0.00  2
410.135 0.00  4
410.167 0.00  4
410.255 0.00  2
410.345 0.00  1
410.672 0.00  2
410.705 0.00  4
410.795 0.00  4
410.885 0.00  4
410.975 0.00  2
411.110 0.00  4
411.485 0.00  1
411.515 0.00  8
411.605 0.00  8
411.695 0.00  8
411.785 0.00  4
411.920 0.00  8
412.289 0.00  16
412.827 0.00  16
412.947 0.00  8
413.037 0.00  4
413.364 0.00  8
413.395 0.00  8
413.485 0.00  4
413.575 0.00  2
413.902 0.00  4
413.932 0.00  4
414.022 0.00  2
414.112 0.00  1
414.440 0.00  16
414.560 0.00  8
414.650 0.00  4
414.977 0.00  8
415.007 0.00  8
415.097 0.00  4
415.185 0.00  2
415.512 0.00  4
415.542 0.00  4
415.630 0.00  2
415.720 0.00  1
416.044 0.00  2
416.075 0.00  8
416.162 0.00  4
416.252 0.00  2
416.577 0.00  4
416.607 0.00  4
416.695 0.00  2
416.785 0.00  1
417.109 0.00  2
417.140 0.00  1
417.230 0.00  1
417.320 0.00  1
417.410 0.00  1
417.500 0.00  1
417.590 0.00  1
417.650 0.00  12
417.920 0.00  12
417.950 0.00  1
418.042 0.00  1
418.132 0.00  1
418.222 0.00  1
418.312 0.00  1
418.402 0.00  1
418.462 0.00  12
418.729 0.00  12
418.760 0.00  1
418.850 0.00  1
418.937 0.00  1
418.997 0.00  16
419.267 0.00  16
419.297 0.00  1
419.390 0.00  1
419.480 0.00  1
419.570 0.00  1
419.657 0.00  1
419.745 0.00  1
419.805 0.00  12
420.070 0.00  12
420.100 0.00  1
420.190 0.00  1
420.277 0.00  1
420.365 0.00  1
420.455 0.00  1
420.542 0.00  1
420.600 0.00  12
420.875 0.00  12
420.905 0.00  1
420.997 0.00  1
421.090 0.00  1
421.150 0.00  16
421.420 0.00  16
421.450 0.00  1
421.540 0.00  1
421.630 0.00  1
421.720 0.00  1
421.807 0.00  1
421.895 0.00  1
421.952 0.00  12
422.217 0.00  12
422.247 0.00  1
422.335 0.00  1
422.425 0.00  1
422.512 0.00  1
422.600 0.00  1
422.687 0.00  1
422.745 0.00  12
423.017 0.00  12
423.047 0.00  1
423.137 0.00  1
423.230 0.00  1
423.290 0.00  16
423.555 0.00  16
423.585 0.00  1
423.675 0.00  1
423.762 0.00  1
423.852 0.00  1
423.940 0.00  1
424.030 0.00  1
424.087 0.00  12
424.354 0.00  12
424.385 0.00  1
424.472 0.00  1
424.562 0.00  1
424.650 0.00  1
424.740 0.00  1
424.827 0.00  1
424.887 0.00  12
425.162 0.00  12
425.192 0.00  1
425.285 0.00  1
425.377 0.00  1
425.437 0.00  16
425.712 0.00  16
425.745 0.00  4
425.875 0.00  4
425.977 0.00  16
426.242 0.00  16
426.272 0.00  4
426.405 0.00  4
426.505 0.00  16
426.770 0.00  16
426.800 0.00  4
426.932 0.00  4
427.035 0.00  16
427.300 0.00  16
427.330 0.00  4
427.460 0.00  4
427.562 0.00  16
427.832 0.00  16
427.862 0.00  1
427.952 0.00  1
428.042 0.00  1
428.132 0.00  1
428.220 0.00  1
428.310 0.00  1
428.370 0.00  12
428.637 0.00  12
428.667 0.00  1
428.755 0.00  1
428.845 0.00  1
428.932 0.00  1
429.020 0.00  1
429.107 0.00  1
429.165 0.00  12
429.430 0.00  12
429.460 0.00  1
429.550 0.00  1
429.637 0.00  1
429.695 0.00  16
429.960 0.00  16
429.990 0.00  4
430.120 0.00  4
430.220 0.00  16
430.480 0.00  16
430.510 0.00  4
430.642 0.00  4
430.742 0.00  16
431.007 0.00  16
431.037 0.00  4
431.170 0.00  4
431.272 0.00  16
431.537 0.00  16
431.570 0.00  4
431.702 0.00  4
431.805 0.00  16
432.077 0.00  16
432.107 0.00  1
432.200 0.00  1
432.290 0.00  1
432.380 0.00  1
432.472 0.00  1
432.562 0.00  1
432.625 0.00  12
432.897 0.00  12
432.897 0.00  12
433.169 0.00  12
433.200 0.00  2
433.335 0.00  2
433.440 0.00  16
433.710 0.00  16
433.740 0.00  2
433.877 0.00  2
433.982 0.00  16
434.254 0.00  16
434.285 0.00  1
434.375 0.00  1
434.465 0.00  1
434.557 0.00  1
434.645 0.00  1
434.735 0.00  1
434.792 0.00  12
435.057 0.00  12
435.057 0.00  12
435.322 0.00  12
435.352 0.00  2
435.487 0.00  2
435.595 0.00  16
435.860 0.00  16
435.890 0.00  2
436.025 0.00  2
436.130 0.00  16
436.397 0.00  16
436.427 0.00  1
436.517 0.00  1
436.607 0.00  1
436.697 0.00  1
436.787 0.00  1
436.877 0.00  1
436.937 0.00  12
437.204 0.00  12
437.205 0.00  12
437.475 0.00  12
437.505 0.00  2
437.640 0.00  2
437.742 0.00  16
438.007 0.00  16
438.037 0.00  2
438.170 0.00  2
438.275 0.00  16
438.540 0.00  16
438.570 0.00  1
438.660 0.00  1
438.747 0.00  1
438.837 0.00  1
438.925 0.00  1
439.015 0.00  1
439.072 0.00  12
439.337 0.00  12
439.337 0.00  12
439.602 0.00  12
439.632 0.00  4
439.765 0.00  4
439.865 0.00  16
440.127 0.00  16
440.157 0.00  4
440.290 0.00  4
440.390 0.00  16
440.652 0.00  16
440.685 0.00  4
440.815 0.00  4
440.917 0.00  16
441.187 0.00  16
441.217 0.00  4
441.352 0.00  4
441.457 0.00  16
441.727 0.00  16
441.757 0.00  1
441.847 0.00  1
441.937 0.00  1
442.027 0.00  1
442.117 0.00  1
442.207 0.00  1
442.267 0.00  12
442.537 0.00  12
442.567 0.00  1
442.657 0.00  1
442.747 0.00  1
442.837 0.00  1
442.930 0.00  1
443.020 0.00  1
443.080 0.00  12
443.350 0.00  12
443.380 0.00  1
443.470 0.00  1
443.560 0.00  1
443.620 0.00  16
443.892 0.00  16
443.892 0.00  12
443.922 0.00  12
443.980 0.00  12
444.010 0.00  12
444.070 0.00  12
444.100 0.00  12
444.157 0.00  12
444.187 0.00  12
444.245 0.00  12
444.275 0.00  12
444.335 0.00  12
444.365 0.00  12
444.422 0.00  12
444.452 0.00  12
444.687 0.00  12
444.717 0.00  12
444.775 0.00  12
444.805 0.00  12
444.865 0.00  12
444.895 0.00  12
444.952 0.00  12
444.982 0.00  12
445.040 0.00  12
445.070 0.00  12
445.127 0.00  12
445.157 0.00  12
445.215 0.00  12
445.245 0.00  12

999 0 0