5.515 0.00  1
5.860 0.00  4
6.204 0.00  2
6.549 0.00  1
6.894 0.00  2
7.238 0.00  2
7.583 0.00  1
8.100 0.00  1
8.618 0.00  4
8.964 0.00  2
9.310 0.00  1
9.656 0.00  2
10.002 0.00  2
10.347 0.00  1
10.865 0.00  1
11.382 0.00  4
11.727 0.00  2
12.071 0.00  1
12.415 0.00  2
12.760 0.00  2
13.104 0.00  1
13.621 0.00  2
14.139 0.00  1
14.483 0.00  1
14.828 0.00  1
15.173 0.00  2
15.518 0.00  2
15.862 0.00  2
16.380 0.00  1
16.897 0.00  4
17.242 0.00  2
17.587 0.00  1
17.932 0.00  2
18.277 0.00  2
18.623 0.00  1
19.140 0.00  1
19.657 0.00  4
20.002 0.00  2
20.346 0.00  1
20.690 0.00  2
21.034 0.00  2
21.378 0.00  1
21.896 0.00  1
22.414 0.00  4
22.759 0.00  2
23.104 0.00  1
23.450 0.00  2
23.795 0.00  2
24.140 0.00  1
24.656 0.00  2
25.173 0.00  1
25.517 0.00  1
25.863 0.00  1
26.208 0.00  2
26.553 0.00  2
26.898 0.00  2
27.415 0.00  1
27.759 0.00  1
28.276 0.00  1
28.789 0.00  1
29.307 0.00  1
29.826 0.00  4
30.169 0.00  1
30.514 0.00  1
31.031 0.00  1
31.550 0.00  1
31.896 0.00  1
32.415 0.00  2
32.932 0.00  1
33.276 0.00  1
33.792 0.00  1
34.308 0.00  1
34.826 0.00  1
35.345 0.00  4
35.690 0.00  1
36.208 0.00  1
36.553 0.00  1
36.895 0.00  1
37.237 0.00  2
37.586 0.00  2
37.934 0.00  2
38.450 0.00  1
38.795 0.00  1
39.312 0.00  1
39.826 0.00  1
40.344 0.00  1
40.863 0.00  4
41.210 0.00  1
41.555 0.00  1
42.067 0.00  1
42.585 0.00  1
43.103 0.00  4
43.449 0.00  1
43.969 0.00  1
44.314 0.00  1
44.827 0.00  1
45.341 0.00  1
45.861 0.00  1
46.381 0.00  4
46.724 0.00  1
47.239 0.00  1
47.582 0.00  1
47.926 0.00  1
48.270 0.00  2
48.619 0.00  2
48.968 0.00  2
49.313 0.00  2
49.659 0.50  1
50.345 0.00  2
50.689 0.50  4
51.205 0.00  4
51.721 0.00  4
52.066 0.00  2
52.411 0.50  1
53.101 0.00  2
53.446 0.50  4
53.964 0.00  4
54.483 0.00  2
54.828 0.00  4
55.173 0.50  1
55.864 0.00  2
56.209 0.50  4
56.726 0.00  4
57.243 0.00  4
57.586 0.00  1
57.928 0.50  2
58.447 0.50  2
59.312 0.00  4
59.654 0.00  4
59.996 0.00  2
60.338 0.00  2
60.680 0.50  1
61.379 0.00  2
61.725 0.50  4
62.243 0.00  4
62.761 0.00  4
63.104 0.00  2
63.448 0.50  1
64.141 0.00  2
64.485 0.50  4
65.000 0.00  4
65.516 0.00  2
65.860 0.00  4
66.545 0.00  1
66.885 0.00  2
67.233 0.50  4
67.930 0.00  4
68.278 0.00  4
68.621 0.00  1
68.964 0.50  2
69.484 0.50  2
70.340 0.00  4
70.685 0.00  4
71.030 0.00  2
71.374 0.00  2
71.719 0.00  1
72.066 0.00  4
72.414 0.00  2
72.759 0.00  1
73.104 0.00  2
73.450 0.00  2
73.795 0.00  1
74.312 0.00  1
74.830 0.00  4
75.174 0.00  2
75.519 0.00  1
75.863 0.00  2
76.208 0.00  2
76.552 0.00  1
77.069 0.00  1
77.586 0.00  4
77.930 0.00  2
78.276 0.00  1
78.621 0.00  2
78.966 0.00  2
79.311 0.00  1
79.828 0.00  2
80.345 0.00  1
80.690 0.00  1
81.034 0.00  1
81.379 0.00  2
81.724 0.00  2
82.069 0.00  2
82.586 0.00  1
82.931 0.00  1
83.448 0.00  1
83.965 0.00  1
84.483 0.00  1
85.003 0.00  4
85.350 0.00  1
85.694 0.00  1
86.206 0.00  1
86.725 0.00  1
87.071 0.00  1
87.589 0.00  2
88.106 0.00  1
88.450 0.00  1
88.965 0.00  1
89.479 0.00  1
89.996 0.00  1
90.515 0.00  4
90.860 0.00  1
91.378 0.00  1
91.724 0.00  1
92.065 0.00  1
92.407 0.00  2
92.756 0.00  2
93.104 0.00  2
93.621 0.00  1
93.966 0.00  1
94.483 0.00  1
94.999 0.00  1
95.518 0.00  1
96.037 0.00  4
96.381 0.00  1
96.725 0.00  1
97.241 0.00  1
97.760 0.00  1
98.277 0.00  4
98.622 0.00  1
99.138 0.00  1
99.482 0.00  1
99.999 0.00  1
100.517 0.00  1
101.034 0.00  1
101.551 0.00  4
101.895 0.00  1
102.411 0.00  1
102.755 0.00  1
103.101 0.00  1
103.446 0.00  2
103.792 0.00  2
104.139 0.00  2
104.482 0.00  2
104.825 0.50  1
105.516 0.00  2
105.861 0.50  4
106.379 0.00  4
106.896 0.00  4
107.242 0.00  2
107.587 0.50  1
108.277 0.00  2
108.622 0.50  4
109.139 0.00  4
109.656 0.00  2
110.000 0.00  4
110.345 0.50  1
111.037 0.00  2
111.382 0.50  4
111.900 0.00  4
112.417 0.00  4
112.760 0.00  1
113.103 0.50  2
113.625 0.50  2
114.482 0.00  4
114.825 0.00  4
115.169 0.00  2
115.512 0.00  2
115.856 0.50  1
116.555 0.00  2
116.899 0.50  4
117.416 0.00  4
117.933 0.00  4
118.276 0.00  2
118.619 0.50  1
119.314 0.00  2
119.658 0.50  4
120.174 0.00  4
120.690 0.00  2
121.031 0.00  4
121.720 0.00  1
122.068 0.00  2
122.413 0.50  4
123.102 0.00  4
123.447 0.00  4
123.791 0.00  1
124.136 0.50  2
124.657 0.50  2
125.515 0.00  4
125.859 0.00  4
126.203 0.00  2
126.547 0.00  2
126.891 0.50  3
127.583 0.00  3
127.929 0.50  3
128.621 0.00  3
128.966 0.00  3
129.311 0.00  3
129.656 0.50  3
130.345 0.00  3
130.690 0.50  3
131.379 0.00  3
131.723 0.00  3
132.069 0.00  3
132.415 0.50  3
133.103 0.00  3
133.448 0.50  3
134.137 0.00  3
134.481 0.00  3
134.827 0.00  3
135.172 0.50  3
135.863 0.00  3
136.207 0.50  3
136.897 0.00  3
137.242 0.00  3
137.584 0.00  3
137.927 0.50  4
138.966 1.00  2
140.344 0.00  2
140.690 0.50  4
141.725 0.50  1
142.415 0.00  2
142.759 0.00  4
143.103 0.00  4
143.447 0.00  4
143.965 0.00  1
144.482 0.00  4
144.999 0.00  1
145.343 0.00  4
145.862 0.00  1
146.208 0.50  4
146.728 0.50  4
147.244 0.50  4
147.759 0.00  4
148.275 0.50  2
148.965 0.00  4
149.485 0.00  1
150.175 0.50  4
151.036 0.00  2
151.380 0.50  2
152.068 0.00  4
152.586 0.00  2
153.111 0.50  1
153.795 0.00  2
154.138 0.00  1
154.309 0.00  4
154.826 0.00  4
155.172 0.00  4
155.517 0.00  4
155.861 0.00  4
156.206 0.00  4
156.550 0.50  4
157.242 0.50  2
158.449 0.00  2
158.965 0.50  4
159.482 0.00  1
160.000 0.00  4
160.519 0.00  4
161.037 0.00  4
161.554 0.00  4
162.067 0.00  4
162.755 0.00  4
163.101 0.00  2
163.446 0.00  1
163.794 0.00  4
164.313 0.00  4
164.827 0.00  4
165.511 0.00  2
165.856 0.00  4
166.202 0.00  2
166.547 0.00  4
166.892 0.00  2
167.239 0.00  4
167.585 0.00  2
167.929 0.00  4
168.272 0.00  4
168.959 0.00  2
169.307 0.00  1
169.654 0.00  1
169.913 0.00  4
170.171 0.00  1
170.429 0.00  4
170.689 0.00  1
171.034 2.50  2
173.968 0.00  1
174.483 0.00  1
175.000 0.00  1
175.344 0.00  1
175.860 0.00  1
176.208 0.00  1
176.726 0.00  1
177.238 0.00  1
177.756 0.00  1
178.273 0.00  1
178.790 0.00  1
179.135 0.00  1
179.652 0.00  1
179.997 0.00  1
180.343 0.00  1
180.690 0.00  2
181.037 0.00  2
181.384 0.00  2
181.901 0.00  1
182.245 0.00  1
182.761 0.00  1
183.277 0.00  1
183.794 0.00  1
184.312 0.00  4
184.656 0.00  1
185.001 0.00  1
185.517 0.00  1
186.034 0.00  1
186.551 0.00  4
186.896 0.00  1
187.418 0.00  1
187.762 0.00  1
188.274 0.00  1
188.791 0.00  1
189.309 0.00  1
189.827 0.00  4
190.171 0.00  1
190.687 0.00  1
191.030 0.00  1
191.376 0.00  1
191.722 0.00  2
192.068 0.00  2
192.413 0.00  2
192.755 0.00  2
193.098 0.50  1
193.618 0.00  1
194.137 0.50  4
194.655 0.50  4
195.173 0.00  4
195.516 0.00  4
195.860 0.50  1
196.380 0.00  1
196.899 0.50  4
197.416 0.50  4
197.933 0.00  4
198.276 0.00  4
198.619 0.50  1
199.137 0.00  1
199.654 0.50  4
200.171 0.50  4
200.688 0.00  4
201.032 0.00  4
201.376 0.50  2
201.897 0.50  2
202.414 0.00  2
202.757 0.00  4
203.102 0.00  4
203.447 0.00  2
203.792 0.00  2
204.138 0.50  1
204.654 0.00  1
205.171 0.50  4
205.690 0.50  4
206.209 0.00  4
206.552 0.00  4
206.896 0.50  1
207.412 0.00  1
207.929 0.50  4
208.447 0.50  4
208.964 0.00  4
209.307 0.00  4
209.651 0.50  1
210.171 0.00  1
210.689 0.50  4
211.206 0.50  4
211.723 0.00  4
212.069 0.00  4
212.414 0.50  2
212.933 0.50  2
213.452 0.50  2
213.969 0.50  2
214.483 0.00  2
214.827 0.00  2
214.998 0.00  2
215.170 0.50  1
215.689 0.50  1
216.208 0.50  1
216.727 0.50  1
217.245 0.00  1
217.589 0.00  1
217.933 0.50  2
218.449 0.50  2
218.966 0.50  2
219.482 0.50  2
219.999 0.00  2
220.345 0.00  2
220.691 0.50  1
221.209 0.50  1
221.728 0.50  2
222.416 0.50  1
223.100 0.00  1
223.441 0.00  1
223.792 0.00  1
224.142 0.00  4
224.486 0.00  1
224.831 0.00  2
225.175 0.00  1
225.519 0.00  1
225.863 0.00  4
226.207 0.00  1
226.552 0.00  1
226.896 0.00  4
227.241 0.00  1
227.585 0.00  2
227.930 0.00  1
228.274 0.00  1
228.619 0.00  1
228.963 0.00  1
229.308 0.00  1
229.653 0.00  4
229.998 0.00  1
230.344 0.00  2
230.684 0.00  1
231.025 0.00  1
231.372 0.00  4
231.720 0.00  1
232.067 0.00  2
232.414 0.00  4
232.759 0.00  1
233.105 0.00  2
233.449 0.00  1
233.794 0.00  1
234.138 0.00  1
234.482 0.00  1
234.827 0.00  2
235.171 0.00  4
235.517 0.00  1
235.864 0.00  2
236.207 0.00  1
236.551 0.00  1
236.896 0.00  4
237.241 0.00  1
237.586 0.00  1
237.932 0.00  4
238.276 0.00  1
238.620 0.00  2
238.964 0.00  1
239.309 0.00  1
239.654 0.00  1
239.999 0.00  2
240.344 0.00  1
240.688 0.00  4
241.034 0.00  1
241.380 0.00  2
241.723 0.00  1
242.066 0.00  1
242.412 0.00  4
242.757 0.00  1
243.102 0.00  1
243.448 0.00  4
243.793 0.00  1
244.138 0.00  4
244.479 0.00  1
244.819 0.00  1
245.330 0.00  3
245.670 0.00  4
245.670 0.00  4

999 0 0