5.515 0.00  1
5.687 0.00  8
5.860 0.00  4
6.032 0.00  1
6.204 0.00  4
6.377 0.00  2
6.549 0.00  1
6.721 0.00  2
6.894 0.00  4
7.066 0.00  1
7.238 0.00  2
7.411 0.00  4
7.583 0.00  1
7.755 0.00  4
7.928 0.00  8
8.100 0.00  1
8.445 0.00  8
8.618 0.00  4
8.791 0.00  1
8.964 0.00  4
9.137 0.00  2
9.310 0.00  1
9.483 0.00  2
9.656 0.00  4
9.829 0.00  1
10.002 0.00  2
10.174 0.00  4
10.347 0.00  1
10.520 0.00  4
10.692 0.00  4
10.865 0.00  1
11.209 0.00  8
11.382 0.00  4
11.554 0.00  1
11.727 0.00  4
11.899 0.00  2
12.071 0.00  1
12.243 0.00  2
12.415 0.00  4
12.588 0.00  1
12.760 0.00  2
12.932 0.00  4
13.104 0.00  1
13.277 0.00  4
13.449 0.00  8
13.621 0.00  1
13.966 0.00  5
14.139 0.00  5
14.311 0.00  10
14.483 0.00  10
14.656 0.00  10
14.828 0.00  16
15.000 0.00  16
15.173 0.00  5
15.345 0.00  5
15.518 0.00  5
15.690 0.00  10
15.862 0.00  10
16.035 0.00  10
16.207 0.00  5
16.380 0.00  1
16.724 0.00  8
16.897 0.00  4
17.069 0.00  1
17.242 0.00  4
17.414 0.00  2
17.587 0.00  1
17.759 0.00  2
17.932 0.00  4
18.105 0.00  1
18.277 0.00  2
18.450 0.00  4
18.623 0.00  1
18.795 0.00  4
18.967 0.00  8
19.140 0.00  1
19.484 0.00  8
19.657 0.00  4
19.829 0.00  1
20.002 0.00  4
20.174 0.00  2
20.346 0.00  1
20.518 0.00  2
20.690 0.00  4
20.862 0.00  1
21.034 0.00  2
21.206 0.00  4
21.378 0.00  1
21.551 0.00  4
21.723 0.00  4
21.896 0.00  1
22.241 0.00  8
22.414 0.00  4
22.587 0.00  1
22.759 0.00  4
22.932 0.00  2
23.104 0.00  1
23.277 0.00  2
23.450 0.00  4
23.622 0.00  1
23.795 0.00  2
23.967 0.00  4
24.140 0.00  1
24.312 0.00  4
24.484 0.00  8
24.656 0.00  1
25.001 0.00  5
25.173 0.00  5
25.345 0.00  10
25.517 0.00  10
25.690 0.00  10
25.863 0.00  16
26.035 0.00  16
26.208 0.00  5
26.380 0.00  5
26.553 0.00  5
26.725 0.00  10
26.898 0.00  10
27.070 0.00  10
27.243 0.00  5
27.415 0.00  3
27.759 0.00  3
27.932 0.00  3
28.276 0.00  3
28.447 0.00  3
28.789 0.00  3
28.960 0.00  3
29.307 0.00  3
29.480 0.00  3
29.826 0.00  4
29.997 0.00  8
30.169 0.00  3
30.514 0.00  3
30.686 0.00  3
31.031 0.00  3
31.204 0.00  3
31.550 0.00  3
31.896 0.00  3
32.069 0.00  4
32.242 0.00  8
32.415 0.00  3
32.587 0.00  4
32.759 0.00  4
32.932 0.00  3
33.276 0.00  3
33.448 0.00  3
33.792 0.00  3
33.964 0.00  3
34.308 0.00  3
34.480 0.00  3
34.826 0.00  3
34.999 0.00  3
35.345 0.00  4
35.518 0.00  8
35.690 0.00  3
36.035 0.00  5
36.208 0.00  5
36.381 0.00  10
36.553 0.00  10
36.724 0.00  10
36.895 0.00  16
37.066 0.00  16
37.237 0.00  5
37.411 0.00  5
37.586 0.00  5
37.760 0.00  10
37.934 0.00  10
38.106 0.00  10
38.278 0.00  5
38.450 0.00  5
38.795 0.00  3
38.967 0.00  3
39.312 0.00  3
39.483 0.00  3
39.826 0.00  3
39.998 0.00  3
40.344 0.00  3
40.517 0.00  3
40.863 0.00  4
41.037 0.00  8
41.210 0.00  3
41.555 0.00  3
41.725 0.00  3
42.067 0.00  3
42.240 0.00  3
42.585 0.00  3
42.930 0.00  3
43.103 0.00  4
43.276 0.00  8
43.449 0.00  3
43.622 0.00  4
43.796 0.00  4
43.969 0.00  3
44.314 0.00  3
44.485 0.00  3
44.827 0.00  3
44.998 0.00  3
45.341 0.00  3
45.513 0.00  3
45.861 0.00  3
46.035 0.00  3
46.381 0.00  4
46.552 0.00  8
46.724 0.00  3
47.067 0.00  5
47.239 0.00  5
47.411 0.00  10
47.582 0.00  10
47.754 0.00  10
47.926 0.00  16
48.098 0.00  16
48.270 0.00  5
48.444 0.00  5
48.619 0.00  5
48.793 0.00  10
48.968 0.00  10
49.140 0.00  10
49.313 0.00  5
49.486 0.00  5
49.659 0.50  3
50.173 0.00  3
50.345 0.00  5
50.689 0.50  10
51.205 0.00  10
51.377 0.00  10
51.549 0.00  10
51.721 0.00  10
51.894 0.00  9
52.066 0.00  9
52.238 0.00  9
52.411 0.50  3
52.928 0.00  3
53.101 0.00  6
53.446 0.50  10
53.964 0.00  10
54.137 0.00  10
54.310 0.00  10
54.483 0.00  10
54.655 0.00  16
54.828 0.00  16
55.000 0.00  16
55.173 0.50  3
55.691 0.00  3
55.864 0.00  5
56.209 0.50  10
56.726 0.00  10
56.898 0.00  10
57.071 0.00  10
57.243 0.00  10
57.415 0.00  9
57.586 0.00  9
57.757 0.00  9
57.928 0.50  6
58.447 0.50  6
58.966 0.00  6
59.312 0.00  16
59.483 0.00  16
59.654 0.00  16
59.996 0.00  6
60.167 0.00  6
60.338 0.00  6
60.509 0.00  6
60.680 0.50  3
61.204 0.00  3
61.379 0.00  5
61.725 0.50  10
62.243 0.00  10
62.416 0.00  10
62.589 0.00  10
62.761 0.00  10
62.933 0.00  9
63.104 0.00  9
63.276 0.00  9
63.448 0.50  3
63.968 0.00  3
64.141 0.00  6
64.485 0.50  10
65.000 0.00  10
65.172 0.00  10
65.344 0.00  10
65.516 0.00  10
65.688 0.00  16
65.860 0.00  16
66.032 0.00  16
66.545 0.00  3
66.885 0.00  5
67.233 0.50  10
67.756 0.00  10
67.930 0.00  10
68.104 0.00  10
68.278 0.00  10
68.450 0.00  9
68.621 0.00  9
68.793 0.00  9
68.964 0.50  6
69.484 0.50  6
69.999 0.00  6
70.340 0.00  16
70.512 0.00  16
70.685 0.00  16
71.030 0.00  6
71.202 0.00  6
71.374 0.00  6
71.547 0.00  6
71.719 0.00  1
71.893 0.00  8
72.066 0.00  4
72.240 0.00  1
72.414 0.00  4
72.586 0.00  2
72.759 0.00  1
72.932 0.00  2
73.104 0.00  4
73.277 0.00  1
73.450 0.00  2
73.622 0.00  4
73.795 0.00  1
73.967 0.00  4
74.140 0.00  8
74.312 0.00  1
74.657 0.00  8
74.830 0.00  4
75.002 0.00  1
75.174 0.00  4
75.347 0.00  2
75.519 0.00  1
75.691 0.00  2
75.863 0.00  4
76.035 0.00  1
76.208 0.00  2
76.380 0.00  4
76.552 0.00  1
76.724 0.00  8
77.069 0.00  1
77.413 0.00  8
77.586 0.00  4
77.758 0.00  1
77.930 0.00  4
78.103 0.00  2
78.276 0.00  1
78.448 0.00  2
78.621 0.00  4
78.794 0.00  1
78.966 0.00  2
79.139 0.00  4
79.311 0.00  1
79.484 0.00  4
79.656 0.00  8
79.828 0.00  2
80.173 0.00  5
80.345 0.00  5
80.517 0.00  10
80.690 0.00  10
80.862 0.00  10
81.034 0.00  16
81.207 0.00  16
81.379 0.00  5
81.552 0.00  5
81.724 0.00  5
81.896 0.00  10
82.069 0.00  10
82.241 0.00  10
82.414 0.00  5
82.586 0.00  3
82.931 0.00  3
83.103 0.00  3
83.448 0.00  3
83.621 0.00  3
83.965 0.00  3
84.138 0.00  3
84.483 0.00  3
84.656 0.00  3
85.003 0.00  4
85.176 0.00  8
85.350 0.00  3
85.694 0.00  3
85.865 0.00  3
86.206 0.00  3
86.379 0.00  3
86.725 0.00  3
87.071 0.00  3
87.243 0.00  4
87.416 0.00  8
87.589 0.00  3
87.761 0.00  4
87.933 0.00  4
88.106 0.00  3
88.450 0.00  3
88.622 0.00  3
88.965 0.00  3
89.136 0.00  3
89.479 0.00  3
89.650 0.00  3
89.996 0.00  3
90.169 0.00  3
90.515 0.00  4
90.687 0.00  8
90.860 0.00  3
91.205 0.00  5
91.378 0.00  5
91.551 0.00  10
91.724 0.00  10
91.894 0.00  10
92.065 0.00  16
92.236 0.00  16
92.407 0.00  5
92.582 0.00  5
92.756 0.00  5
92.930 0.00  10
93.104 0.00  10
93.277 0.00  10
93.449 0.00  5
93.621 0.00  1
93.966 0.00  1
94.139 0.00  1
94.483 0.00  1
94.655 0.00  1
94.999 0.00  1
95.171 0.00  1
95.518 0.00  1
95.692 0.00  1
96.037 0.00  4
96.209 0.00  8
96.381 0.00  1
96.725 0.00  1
96.897 0.00  1
97.241 0.00  1
97.414 0.00  1
97.760 0.00  1
98.105 0.00  1
98.277 0.00  4
98.450 0.00  8
98.622 0.00  1
98.794 0.00  4
98.966 0.00  4
99.138 0.00  1
99.482 0.00  1
99.655 0.00  1
99.999 0.00  1
100.171 0.00  1
100.517 0.00  1
100.689 0.00  1
101.034 0.00  1
101.206 0.00  1
101.551 0.00  4
101.723 0.00  8
101.895 0.00  3
102.239 0.00  5
102.411 0.00  5
102.583 0.00  10
102.755 0.00  10
102.928 0.00  10
103.101 0.00  16
103.273 0.00  16
103.446 0.00  5
103.619 0.00  5
103.792 0.00  5
103.965 0.00  10
104.139 0.00  10
104.310 0.00  10
104.482 0.00  5
104.653 0.00  5
104.825 0.50  3
105.344 0.00  3
105.516 0.00  5
105.861 0.50  10
106.379 0.00  10
106.551 0.00  10
106.724 0.00  10
106.896 0.00  10
107.069 0.00  9
107.242 0.00  9
107.415 0.00  9
107.587 0.50  3
108.104 0.00  3
108.277 0.00  6
108.622 0.50  10
109.139 0.00  10
109.311 0.00  10
109.484 0.00  10
109.656 0.00  10
109.828 0.00  16
110.000 0.00  16
110.173 0.00  16
110.345 0.50  3
110.864 0.00  3
111.037 0.00  5
111.382 0.50  10
111.900 0.00  10
112.072 0.00  10
112.245 0.00  10
112.417 0.00  10
112.589 0.00  9
112.760 0.00  9
112.932 0.00  9
113.103 0.50  6
113.625 0.50  6
114.141 0.00  6
114.482 0.00  16
114.654 0.00  16
114.825 0.00  16
115.169 0.00  6
115.341 0.00  6
115.512 0.00  6
115.684 0.00  6
115.856 0.50  3
116.380 0.00  3
116.555 0.00  5
116.899 0.50  10
117.416 0.00  10
117.588 0.00  10
117.761 0.00  10
117.933 0.00  10
118.105 0.00  9
118.276 0.00  9
118.448 0.00  9
118.619 0.50  3
119.140 0.00  3
119.314 0.00  6
119.658 0.50  10
120.174 0.00  10
120.346 0.00  10
120.518 0.00  10
120.690 0.00  10
120.861 0.00  16
121.031 0.00  16
121.201 0.00  16
121.720 0.00  3
122.068 0.00  5
122.413 0.50  10
122.930 0.00  10
123.102 0.00  10
123.274 0.00  10
123.447 0.00  10
123.619 0.00  9
123.791 0.00  9
123.964 0.00  9
124.136 0.50  6
124.657 0.50  6
125.173 0.00  6
125.515 0.00  16
125.687 0.00  16
125.859 0.00  16
126.203 0.00  6
126.375 0.00  6
126.547 0.00  6
126.719 0.00  6
126.891 0.50  3
127.410 0.00  3
127.583 0.00  1
127.756 0.00  1
127.929 0.50  3
128.448 0.00  3
128.621 0.00  1
128.793 0.00  1
128.966 0.00  3
129.139 0.00  3
129.311 0.00  1
129.484 0.00  1
129.656 0.50  3
130.173 0.00  3
130.345 0.00  1
130.517 0.00  1
130.690 0.50  3
131.206 0.00  3
131.379 0.00  1
131.551 0.00  1
131.723 0.00  3
131.896 0.00  3
132.069 0.00  1
132.242 0.00  1
132.415 0.50  3
132.931 0.00  3
133.103 0.00  1
133.276 0.00  1
133.448 0.50  3
133.964 0.00  3
134.137 0.00  1
134.309 0.00  1
134.481 0.00  3
134.654 0.00  3
134.827 0.00  1
134.999 0.00  1
135.172 0.50  3
135.690 0.00  3
135.863 0.00  1
136.035 0.00  1
136.207 0.50  3
136.725 0.00  3
136.897 0.00  1
137.070 0.00  1
137.242 0.00  3
137.413 0.00  3
137.584 0.00  1
137.756 0.00  1
137.927 0.00  4
138.100 0.50  8
138.966 0.50  4
139.483 0.50  4
139.999 0.00  4
140.172 0.00  2
140.344 0.00  8
141.379 0.00  8
141.552 0.00  4
141.725 0.50  2
142.243 0.00  1
142.415 0.00  2
142.587 0.00  4
143.103 0.00  8
143.275 0.00  4
143.447 0.00  8
143.792 0.00  2
143.965 0.00  1
144.138 0.00  2
144.310 0.00  2
144.482 0.00  8
144.827 0.00  2
144.999 0.00  1
145.171 0.00  2
145.343 0.00  8
145.689 0.00  2
145.862 0.00  1
146.035 0.00  2
146.208 0.50  16
146.728 0.50  16
147.244 0.50  16
147.759 0.50  16
148.275 0.50  4
148.792 0.00  8
149.138 0.00  8
149.312 0.00  4
149.485 0.00  2
149.831 0.00  4
150.003 0.00  8
150.692 0.00  8
150.864 0.00  4
151.036 0.00  8
151.380 0.50  4
152.586 0.50  8
153.111 0.50  4
153.624 0.00  8
153.795 0.00  4
153.966 0.00  2
154.138 0.00  1
154.309 0.00  4
154.653 0.00  8
154.826 0.00  8
154.999 0.00  8
155.172 0.00  8
155.345 0.00  8
155.517 0.00  8
155.689 0.00  8
155.861 0.00  8
156.034 0.00  8
156.206 0.00  8
156.378 0.00  8
156.550 0.50  8
157.069 0.00  4
157.155 0.00  2
157.242 0.50  4
158.105 0.00  1
158.277 0.00  2
158.449 0.50  2
158.965 0.50  10
159.482 0.00  2
159.827 0.00  4
160.173 0.00  8
160.346 0.00  2
160.691 0.00  8
160.864 0.00  2
161.210 0.00  8
161.383 0.00  2
161.725 0.00  8
161.896 0.00  2
162.239 0.00  8
162.411 0.00  2
162.583 0.00  8
162.928 0.00  8
163.101 0.00  2
163.446 0.00  8
163.620 0.00  2
163.968 0.00  8
164.142 0.00  2
164.485 0.00  8
164.656 0.00  2
164.998 0.00  8
165.169 0.00  2
165.511 0.00  8
165.684 0.00  2
165.856 0.00  4
166.029 0.00  8
166.202 0.00  2
166.374 0.00  4
166.547 0.00  8
166.720 0.00  2
166.892 0.00  4
167.066 0.00  8
167.239 0.00  1
167.412 0.00  2
167.585 0.00  4
167.757 0.00  8
167.929 0.00  4
168.615 0.00  8
168.873 0.00  4
168.959 0.00  8
169.046 0.00  4
169.220 0.00  1
169.307 0.00  2
169.567 0.00  1
169.740 0.00  4
170.085 0.00  4
170.171 0.00  2
170.343 0.00  8
170.602 0.00  4
170.775 0.00  2
170.862 0.00  4
170.948 0.00  2
171.034 0.00  1
171.121 2.50  2
173.968 0.00  1
174.140 0.00  1
174.483 0.00  1
174.655 0.00  1
175.000 0.00  1
175.344 0.00  1
175.516 0.00  4
175.688 0.00  8
175.860 0.00  1
176.034 0.00  1
176.208 0.00  1
176.382 0.00  1
176.726 0.00  1
176.897 0.00  1
177.238 0.00  1
177.410 0.00  1
177.756 0.00  1
177.929 0.00  1
178.273 0.00  1
178.446 0.00  1
178.790 0.00  4
178.963 0.00  8
179.135 0.00  3
179.480 0.00  5
179.652 0.00  5
179.825 0.00  10
179.997 0.00  10
180.170 0.00  10
180.343 0.00  16
180.516 0.00  16
180.690 0.00  5
180.863 0.00  5
181.037 0.00  5
181.211 0.00  10
181.384 0.00  10
181.556 0.00  10
181.728 0.00  5
181.901 0.00  1
182.245 0.00  1
182.417 0.00  1
182.761 0.00  1
182.933 0.00  1
183.277 0.00  1
183.449 0.00  1
183.794 0.00  1
183.967 0.00  1
184.312 0.00  4
184.484 0.00  8
184.656 0.00  1
185.001 0.00  1
185.173 0.00  1
185.517 0.00  1
185.689 0.00  1
186.034 0.00  1
186.379 0.00  1
186.551 0.00  4
186.723 0.00  8
186.896 0.00  1
187.070 0.00  4
187.244 0.00  4
187.418 0.00  1
187.762 0.00  1
187.933 0.00  1
188.274 0.00  1
188.446 0.00  1
188.791 0.00  1
188.963 0.00  1
189.309 0.00  1
189.482 0.00  1
189.827 0.00  4
189.999 0.00  8
190.171 0.00  3
190.515 0.00  5
190.687 0.00  5
190.859 0.00  10
191.030 0.00  10
191.203 0.00  10
191.376 0.00  16
191.549 0.00  16
191.722 0.00  5
191.895 0.00  5
192.068 0.00  5
192.240 0.00  10
192.413 0.00  10
192.584 0.00  10
192.755 0.00  5
192.926 0.00  5
193.098 0.50  3
193.618 0.50  3
194.137 0.50  12
194.655 0.00  12
194.827 0.00  12
195.173 0.00  12
195.516 0.00  12
195.860 0.50  3
196.380 0.50  3
196.899 0.50  12
197.416 0.00  12
197.588 0.00  12
197.933 0.00  12
198.276 0.00  12
198.619 0.50  3
199.137 0.50  3
199.654 0.50  12
200.171 0.00  12
200.344 0.00  12
200.688 0.00  12
201.032 0.00  12
201.376 0.50  6
201.897 0.50  6
202.414 0.00  6
202.757 0.00  12
202.929 0.00  12
203.102 0.00  12
203.447 0.00  6
203.620 0.00  6
203.792 0.00  6
203.965 0.00  6
204.138 0.50  3
204.654 0.00  3
204.826 0.00  3
205.171 0.50  12
205.690 0.00  12
205.863 0.00  12
206.209 0.00  12
206.552 0.00  12
206.896 0.50  3
207.412 0.50  3
207.929 0.50  12
208.447 0.00  12
208.619 0.00  12
208.964 0.00  12
209.307 0.00  12
209.651 0.50  3
210.171 0.50  3
210.689 0.50  12
211.206 0.00  12
211.378 0.00  12
211.723 0.00  12
212.069 0.00  12
212.414 0.50  6
212.933 0.50  6
213.452 0.50  6
213.969 0.50  6
214.483 0.00  6
214.827 0.00  6
214.998 0.00  6
215.170 0.50  5
215.689 0.50  5
216.208 0.50  5
216.727 0.50  5
217.245 0.00  5
217.589 0.00  5
217.933 0.50  6
218.449 0.50  6
218.966 0.50  6
219.482 0.50  6
219.999 0.00  6
220.345 0.00  6
220.691 0.50  5
221.209 0.50  5
221.728 0.50  10
222.416 0.00  5
222.758 0.00  5
223.100 0.00  3
223.441 0.00  1
223.617 0.00  4
223.792 0.00  1
223.967 0.00  1
224.142 0.00  8
224.314 0.00  4
224.486 0.00  1
224.658 0.00  2
224.831 0.00  4
225.003 0.00  1
225.175 0.00  1
225.347 0.00  1
225.519 0.00  1
225.691 0.00  2
225.863 0.00  8
226.035 0.00  1
226.380 0.00  4
226.552 0.00  1
226.724 0.00  1
226.896 0.00  8
227.068 0.00  4
227.241 0.00  1
227.413 0.00  2
227.585 0.00  4
227.757 0.00  1
227.930 0.00  1
228.102 0.00  1
228.274 0.00  1
228.446 0.00  1
228.619 0.00  1
228.791 0.00  1
229.136 0.00  4
229.308 0.00  1
229.481 0.00  1
229.653 0.00  8
229.826 0.00  4
229.998 0.00  1
230.171 0.00  2
230.344 0.00  4
230.514 0.00  1
230.684 0.00  1
230.855 0.00  1
231.025 0.00  1
231.199 0.00  2
231.372 0.00  8
231.546 0.00  1
231.893 0.00  4
232.067 0.00  1
232.240 0.00  1
232.414 0.00  8
232.586 0.00  4
232.759 0.00  1
232.932 0.00  2
233.105 0.00  4
233.277 0.00  1
233.449 0.00  1
233.621 0.00  1
233.794 0.00  1
233.966 0.00  1
234.138 0.00  1
234.310 0.00  1
234.654 0.00  4
234.827 0.00  1
234.999 0.00  1
235.171 0.00  8
235.344 0.00  4
235.517 0.00  1
235.690 0.00  2
235.864 0.00  4
236.035 0.00  1
236.207 0.00  1
236.379 0.00  1
236.551 0.00  1
236.724 0.00  2
236.896 0.00  8
237.069 0.00  1
237.414 0.00  4
237.586 0.00  1
237.759 0.00  1
237.932 0.00  8
238.104 0.00  4
238.276 0.00  1
238.448 0.00  2
238.620 0.00  4
238.792 0.00  1
238.964 0.00  1
239.137 0.00  1
239.309 0.00  1
239.481 0.00  1
239.654 0.00  1
239.826 0.00  1
240.171 0.00  4
240.344 0.00  1
240.516 0.00  1
240.688 0.00  8
240.861 0.00  4
241.034 0.00  1
241.207 0.00  2
241.380 0.00  4
241.552 0.00  1
241.723 0.00  1
241.895 0.00  1
242.066 0.00  1
242.239 0.00  2
242.412 0.00  8
242.584 0.00  1
242.930 0.00  4
243.102 0.00  1
243.275 0.00  1
243.448 0.00  8
243.620 0.00  4
243.793 0.00  1
243.966 0.00  2
244.138 0.00  4
244.308 0.00  1
244.479 0.00  1
244.649 0.00  1
244.819 0.00  1
244.989 0.00  1
245.160 0.00  1
245.330 0.00  3
245.670 0.00  4
245.670 0.00  4

999 0 0