5.515 0.00  1
5.687 0.00  16
5.860 0.00  10
6.204 0.00  10
6.377 0.00  5
6.721 0.00  5
6.894 0.00  6
7.238 0.00  6
7.411 0.00  10
7.755 0.00  6
7.928 0.00  16
8.100 0.00  1
8.445 0.00  16
8.618 0.00  10
8.964 0.00  10
9.137 0.00  5
9.483 0.00  5
9.656 0.00  6
10.002 0.00  6
10.174 0.00  10
10.520 0.00  6
10.692 0.00  6
10.865 0.00  1
11.209 0.00  16
11.382 0.00  10
11.727 0.00  10
11.899 0.00  5
12.243 0.00  5
12.415 0.00  6
12.760 0.00  6
12.932 0.00  10
13.277 0.00  6
13.449 0.00  16
13.621 0.00  3
13.965 0.00  3
13.966 0.00  3
14.052 0.00  3
14.139 0.00  3
14.225 0.00  3
14.311 0.00  5
14.397 0.00  5
14.483 0.00  5
14.569 0.00  5
14.656 0.00  5
14.742 0.00  5
14.828 0.00  10
14.914 0.00  10
15.000 0.00  10
15.086 0.00  10
15.173 0.00  6
15.259 0.00  6
15.345 0.00  6
15.431 0.00  6
15.518 0.00  6
15.604 0.00  6
15.690 0.00  6
15.776 0.00  6
15.862 0.00  6
15.948 0.00  6
16.035 0.00  6
16.121 0.00  6
16.207 0.00  6
16.293 0.00  6
16.380 0.00  1
16.724 0.00  16
16.897 0.00  10
17.242 0.00  10
17.414 0.00  5
17.759 0.00  5
17.932 0.00  6
18.277 0.00  6
18.450 0.00  10
18.795 0.00  6
18.967 0.00  16
19.140 0.00  1
19.484 0.00  16
19.657 0.00  10
20.002 0.00  10
20.174 0.00  5
20.518 0.00  5
20.690 0.00  6
21.034 0.00  6
21.206 0.00  10
21.551 0.00  6
21.723 0.00  6
21.896 0.00  1
22.241 0.00  16
22.414 0.00  10
22.759 0.00  10
22.932 0.00  5
23.277 0.00  5
23.450 0.00  6
23.795 0.00  6
23.967 0.00  10
24.312 0.00  6
24.484 0.00  16
24.656 0.00  3
25.000 0.00  3
25.001 0.00  3
25.087 0.00  3
25.173 0.00  3
25.259 0.00  3
25.345 0.00  5
25.431 0.00  5
25.517 0.00  5
25.603 0.00  5
25.690 0.00  5
25.776 0.00  5
25.863 0.00  10
25.949 0.00  10
26.035 0.00  10
26.121 0.00  10
26.208 0.00  6
26.294 0.00  6
26.380 0.00  6
26.466 0.00  6
26.553 0.00  6
26.639 0.00  6
26.725 0.00  6
26.811 0.00  6
26.898 0.00  6
26.984 0.00  6
27.070 0.00  6
27.156 0.00  6
27.243 0.00  6
27.329 0.00  6
27.415 0.00  3
27.759 0.00  3
27.932 0.00  3
28.276 0.00  3
28.447 0.00  3
28.789 0.00  3
28.960 0.00  3
29.307 0.00  3
29.480 0.00  3
29.826 0.00  6
29.997 0.00  12
30.169 0.00  3
30.514 0.00  3
30.686 0.00  3
31.031 0.00  3
31.204 0.00  3
31.550 0.00  3
31.896 0.00  3
32.069 0.00  6
32.242 0.00  12
32.415 0.00  3
32.587 0.00  6
32.759 0.00  6
32.932 0.00  3
33.276 0.00  3
33.448 0.00  3
33.792 0.00  3
33.964 0.00  3
34.308 0.00  3
34.480 0.00  3
34.826 0.00  3
34.999 0.00  3
35.345 0.00  6
35.518 0.00  12
35.690 0.00  3
36.035 0.00  3
36.035 0.00  3
36.121 0.00  3
36.208 0.00  3
36.294 0.00  3
36.381 0.00  5
36.467 0.00  5
36.553 0.00  5
36.638 0.00  5
36.724 0.00  5
36.809 0.00  5
36.895 0.00  10
36.980 0.00  10
37.066 0.00  10
37.151 0.00  10
37.237 0.00  6
37.324 0.00  6
37.411 0.00  6
37.498 0.00  6
37.586 0.00  6
37.673 0.00  6
37.760 0.00  6
37.847 0.00  6
37.934 0.00  6
38.020 0.00  6
38.106 0.00  6
38.192 0.00  6
38.278 0.00  6
38.364 0.00  6
38.450 0.00  3
38.795 0.00  3
38.967 0.00  3
39.312 0.00  3
39.483 0.00  3
39.826 0.00  3
39.998 0.00  3
40.344 0.00  3
40.517 0.00  3
40.863 0.00  6
41.037 0.00  12
41.210 0.00  3
41.555 0.00  3
41.725 0.00  3
42.067 0.00  3
42.240 0.00  3
42.585 0.00  3
42.930 0.00  3
43.103 0.00  6
43.276 0.00  12
43.449 0.00  3
43.622 0.00  6
43.796 0.00  6
43.969 0.00  3
44.314 0.00  3
44.485 0.00  3
44.827 0.00  3
44.998 0.00  3
45.341 0.00  3
45.513 0.00  3
45.861 0.00  3
46.035 0.00  3
46.381 0.00  6
46.552 0.00  12
46.724 0.00  3
47.067 0.00  3
47.067 0.00  3
47.152 0.00  3
47.239 0.00  3
47.324 0.00  3
47.411 0.00  5
47.496 0.00  5
47.582 0.00  5
47.667 0.00  5
47.754 0.00  5
47.839 0.00  5
47.926 0.00  10
48.011 0.00  10
48.098 0.00  10
48.183 0.00  10
48.270 0.00  6
48.357 0.00  6
48.444 0.00  6
48.531 0.00  6
48.619 0.00  6
48.706 0.00  6
48.793 0.00  6
48.880 0.00  6
48.968 0.00  6
49.054 0.00  6
49.140 0.00  6
49.226 0.00  6
49.313 0.00  6
49.399 0.00  6
49.486 0.00  6
49.572 0.00  6
49.659 0.50  3
50.173 0.00  3
50.345 0.00  10
50.689 0.00  5
51.205 0.00  5
51.205 0.00  5
51.291 0.00  5
51.377 0.00  5
51.463 0.00  5
51.549 0.00  5
51.635 0.00  5
51.721 0.00  5
51.807 0.00  5
51.894 0.00  3
51.980 0.00  3
52.066 0.00  3
52.152 0.00  3
52.238 0.00  3
52.324 0.00  3
52.411 0.50  3
52.928 0.00  3
53.101 0.00  5
53.446 0.00  5
53.964 0.00  5
53.964 0.00  5
54.050 0.00  5
54.137 0.00  5
54.223 0.00  5
54.310 0.00  5
54.396 0.00  5
54.483 0.00  5
54.569 0.00  5
54.655 0.00  6
54.741 0.00  6
54.828 0.00  6
54.914 0.00  6
55.000 0.00  6
55.086 0.00  6
55.173 0.50  3
55.691 0.00  3
55.864 0.00  10
56.209 0.00  5
56.726 0.00  5
56.726 0.00  5
56.812 0.00  5
56.898 0.00  5
56.984 0.00  5
57.071 0.00  5
57.157 0.00  5
57.243 0.00  5
57.328 0.00  5
57.415 0.00  3
57.500 0.00  3
57.586 0.00  3
57.671 0.00  3
57.757 0.00  3
57.842 0.00  3
57.928 0.00  6
58.447 0.00  6
58.447 0.00  6
58.965 0.00  6
58.966 0.00  6
59.311 0.00  6
59.312 0.00  10
59.397 0.00  10
59.483 0.00  10
59.568 0.00  10
59.654 0.00  10
59.910 0.00  10
59.996 0.00  6
60.167 0.00  6
60.338 0.00  6
60.509 0.00  6
60.680 0.50  3
61.204 0.00  3
61.379 0.00  10
61.725 0.00  5
62.243 0.00  5
62.243 0.00  5
62.329 0.00  5
62.416 0.00  5
62.502 0.00  5
62.589 0.00  5
62.675 0.00  5
62.761 0.00  5
62.846 0.00  5
62.933 0.00  3
63.018 0.00  3
63.104 0.00  3
63.189 0.00  3
63.276 0.00  3
63.361 0.00  3
63.448 0.50  3
63.968 0.00  3
64.141 0.00  5
64.485 0.00  5
65.000 0.00  5
65.000 0.00  5
65.085 0.00  5
65.172 0.00  5
65.257 0.00  5
65.344 0.00  5
65.429 0.00  5
65.516 0.00  5
65.602 0.00  5
65.688 0.00  6
65.774 0.00  6
65.860 0.00  6
65.946 0.00  6
66.032 0.00  6
66.118 0.00  6
66.545 0.00  3
66.885 0.00  10
67.233 0.00  5
67.755 0.00  5
67.756 0.00  5
67.843 0.00  5
67.930 0.00  5
68.017 0.00  5
68.104 0.00  5
68.191 0.00  5
68.278 0.00  5
68.363 0.00  5
68.450 0.00  3
68.535 0.00  3
68.621 0.00  3
68.706 0.00  3
68.793 0.00  3
68.878 0.00  3
68.964 0.00  6
69.483 0.00  6
69.484 0.00  6
69.998 0.00  6
69.999 0.00  6
70.340 0.00  6
70.340 0.00  10
70.426 0.00  10
70.512 0.00  10
70.598 0.00  10
70.685 0.00  10
70.943 0.00  10
71.030 0.00  6
71.202 0.00  6
71.374 0.00  6
71.547 0.00  6
71.719 0.00  1
72.066 0.00  8
72.240 0.00  1
72.414 0.00  8
72.586 0.00  4
72.759 0.00  1
72.932 0.00  2
73.104 0.00  4
73.277 0.00  1
73.450 0.00  4
73.622 0.00  8
73.795 0.00  1
73.967 0.00  4
74.312 0.00  1
74.830 0.00  8
75.002 0.00  1
75.174 0.00  8
75.347 0.00  4
75.519 0.00  1
75.691 0.00  2
75.863 0.00  4
76.035 0.00  1
76.208 0.00  4
76.380 0.00  8
76.552 0.00  1
77.069 0.00  1
77.586 0.00  8
77.758 0.00  1
77.930 0.00  8
78.103 0.00  4
78.276 0.00  1
78.448 0.00  2
78.621 0.00  4
78.794 0.00  1
78.966 0.00  4
79.139 0.00  8
79.311 0.00  1
79.484 0.00  4
79.828 0.00  3
80.172 0.00  3
80.173 0.00  3
80.259 0.00  3
80.345 0.00  3
80.431 0.00  3
80.517 0.00  5
80.603 0.00  5
80.690 0.00  5
80.776 0.00  5
80.862 0.00  5
80.948 0.00  5
81.034 0.00  10
81.120 0.00  10
81.207 0.00  10
81.293 0.00  10
81.379 0.00  6
81.465 0.00  6
81.552 0.00  6
81.638 0.00  6
81.724 0.00  6
81.810 0.00  6
81.896 0.00  6
81.982 0.00  6
82.069 0.00  6
82.155 0.00  6
82.241 0.00  6
82.327 0.00  6
82.414 0.00  6
82.500 0.00  6
82.586 0.00  3
82.931 0.00  3
83.103 0.00  3
83.448 0.00  3
83.621 0.00  3
83.965 0.00  3
84.138 0.00  3
84.483 0.00  3
84.656 0.00  3
85.003 0.00  6
85.176 0.00  12
85.350 0.00  3
85.694 0.00  3
85.865 0.00  3
86.206 0.00  3
86.379 0.00  3
86.725 0.00  3
87.071 0.00  3
87.243 0.00  6
87.416 0.00  12
87.589 0.00  3
87.761 0.00  6
87.933 0.00  6
88.106 0.00  3
88.450 0.00  3
88.622 0.00  3
88.965 0.00  3
89.136 0.00  3
89.479 0.00  3
89.650 0.00  3
89.996 0.00  3
90.169 0.00  3
90.515 0.00  6
90.687 0.00  12
90.860 0.00  3
91.205 0.00  3
91.205 0.00  3
91.291 0.00  3
91.378 0.00  3
91.464 0.00  3
91.551 0.00  5
91.637 0.00  5
91.724 0.00  5
91.809 0.00  5
91.894 0.00  5
91.979 0.00  5
92.065 0.00  10
92.150 0.00  10
92.236 0.00  10
92.321 0.00  10
92.407 0.00  6
92.494 0.00  6
92.582 0.00  6
92.669 0.00  6
92.756 0.00  6
92.843 0.00  6
92.930 0.00  6
93.017 0.00  6
93.104 0.00  6
93.190 0.00  6
93.277 0.00  6
93.363 0.00  6
93.449 0.00  6
93.535 0.00  6
93.621 0.00  1
93.966 0.00  1
94.139 0.00  1
94.483 0.00  1
94.655 0.00  1
94.999 0.00  1
95.171 0.00  1
95.518 0.00  1
95.692 0.00  1
96.037 0.00  4
96.209 0.00  8
96.381 0.00  1
96.725 0.00  1
96.897 0.00  1
97.241 0.00  1
97.414 0.00  1
97.760 0.00  1
98.105 0.00  1
98.277 0.00  4
98.450 0.00  8
98.622 0.00  1
98.794 0.00  4
98.966 0.00  4
99.138 0.00  1
99.482 0.00  1
99.655 0.00  1
99.999 0.00  1
100.171 0.00  1
100.517 0.00  1
100.689 0.00  1
101.034 0.00  1
101.206 0.00  1
101.551 0.00  4
101.723 0.00  8
101.895 0.00  3
102.239 0.00  3
102.239 0.00  3
102.325 0.00  3
102.411 0.00  3
102.497 0.00  3
102.583 0.00  5
102.669 0.00  5
102.755 0.00  5
102.841 0.00  5
102.928 0.00  5
103.014 0.00  5
103.101 0.00  10
103.187 0.00  10
103.273 0.00  10
103.359 0.00  10
103.446 0.00  6
103.532 0.00  6
103.619 0.00  6
103.705 0.00  6
103.792 0.00  6
103.878 0.00  6
103.965 0.00  6
104.051 0.00  6
104.139 0.00  6
104.224 0.00  6
104.310 0.00  6
104.395 0.00  6
104.482 0.00  6
104.567 0.00  6
104.653 0.00  6
104.738 0.00  6
104.825 0.50  3
105.344 0.00  3
105.516 0.00  10
105.861 0.00  5
106.378 0.00  5
106.379 0.00  5
106.465 0.00  5
106.551 0.00  5
106.637 0.00  5
106.724 0.00  5
106.810 0.00  5
106.896 0.00  5
106.982 0.00  5
107.069 0.00  3
107.155 0.00  3
107.242 0.00  3
107.328 0.00  3
107.415 0.00  3
107.501 0.00  3
107.587 0.50  3
108.104 0.00  3
108.277 0.00  5
108.622 0.00  5
109.139 0.00  5
109.139 0.00  5
109.225 0.00  5
109.311 0.00  5
109.397 0.00  5
109.484 0.00  5
109.570 0.00  5
109.656 0.00  5
109.742 0.00  5
109.828 0.00  6
109.914 0.00  6
110.000 0.00  6
110.086 0.00  6
110.173 0.00  6
110.259 0.00  6
110.345 0.50  3
110.864 0.00  3
111.037 0.00  10
111.382 0.00  5
111.899 0.00  5
111.900 0.00  5
111.986 0.00  5
112.072 0.00  5
112.158 0.00  5
112.245 0.00  5
112.331 0.00  5
112.417 0.00  5
112.502 0.00  5
112.589 0.00  3
112.674 0.00  3
112.760 0.00  3
112.845 0.00  3
112.932 0.00  3
113.017 0.00  3
113.103 0.00  6
113.625 0.00  6
113.625 0.00  6
114.140 0.00  6
114.141 0.00  6
114.482 0.00  6
114.482 0.00  10
114.567 0.00  10
114.654 0.00  10
114.739 0.00  10
114.825 0.00  10
115.082 0.00  10
115.169 0.00  6
115.341 0.00  6
115.512 0.00  6
115.684 0.00  6
115.856 0.50  3
116.380 0.00  3
116.555 0.00  10
116.899 0.00  5
117.415 0.00  5
117.416 0.00  5
117.502 0.00  5
117.588 0.00  5
117.674 0.00  5
117.761 0.00  5
117.847 0.00  5
117.933 0.00  5
118.018 0.00  5
118.105 0.00  3
118.190 0.00  3
118.276 0.00  3
118.361 0.00  3
118.448 0.00  3
118.533 0.00  3
118.619 0.50  3
119.140 0.00  3
119.314 0.00  5
119.658 0.00  5
120.174 0.00  5
120.174 0.00  5
120.260 0.00  5
120.346 0.00  5
120.432 0.00  5
120.518 0.00  5
120.604 0.00  5
120.690 0.00  5
120.775 0.00  5
120.861 0.00  6
120.946 0.00  6
121.031 0.00  6
121.116 0.00  6
121.201 0.00  6
121.286 0.00  6
121.720 0.00  3
122.068 0.00  10
122.413 0.00  5
122.930 0.00  5
122.930 0.00  5
123.016 0.00  5
123.102 0.00  5
123.188 0.00  5
123.274 0.00  5
123.360 0.00  5
123.447 0.00  5
123.533 0.00  5
123.619 0.00  3
123.705 0.00  3
123.791 0.00  3
123.877 0.00  3
123.964 0.00  3
124.050 0.00  3
124.136 0.00  6
124.657 0.00  6
124.657 0.00  6
125.172 0.00  6
125.173 0.00  6
125.514 0.00  6
125.515 0.00  10
125.600 0.00  10
125.687 0.00  10
125.772 0.00  10
125.859 0.00  10
126.116 0.00  10
126.203 0.00  6
126.375 0.00  6
126.547 0.00  6
126.719 0.00  6
126.891 0.50  3
127.410 0.00  3
127.583 0.00  1
127.756 0.00  1
127.929 0.50  3
128.448 0.00  3
128.621 0.00  1
128.793 0.00  1
128.966 0.00  3
129.139 0.00  3
129.311 0.00  1
129.484 0.00  1
129.656 0.50  3
130.173 0.00  3
130.345 0.00  1
130.517 0.00  1
130.690 0.50  3
131.206 0.00  3
131.379 0.00  1
131.551 0.00  1
131.723 0.00  3
131.896 0.00  3
132.069 0.00  1
132.242 0.00  1
132.415 0.50  3
132.931 0.00  3
133.103 0.00  1
133.276 0.00  1
133.448 0.50  3
133.964 0.00  3
134.137 0.00  1
134.309 0.00  1
134.481 0.00  3
134.654 0.00  3
134.827 0.00  1
134.999 0.00  1
135.172 0.50  3
135.690 0.00  3
135.863 0.00  1
136.035 0.00  1
136.207 0.50  3
136.725 0.00  3
136.897 0.00  1
137.070 0.00  1
137.242 0.00  3
137.413 0.00  3
137.584 0.00  1
137.756 0.00  1
137.927 0.00  2
138.100 0.50  4
138.966 0.50  2
139.483 0.50  2
139.999 0.00  2
140.172 0.00  1
140.344 0.00  4
140.517 0.00  8
140.690 0.00  8
141.379 0.00  8
141.552 0.00  4
141.725 0.50  2
142.243 0.00  1
142.329 0.00  2
142.415 0.00  4
142.587 0.00  8
143.103 0.00  4
143.275 0.00  2
143.447 0.00  12
143.792 0.00  2
143.965 0.00  1
144.138 0.00  2
144.310 0.00  2
144.482 0.00  12
144.827 0.00  2
144.999 0.00  1
145.171 0.00  2
145.343 0.00  12
145.689 0.00  2
145.862 0.00  1
146.035 0.00  2
146.208 0.50  16
146.728 0.50  16
147.244 0.50  16
147.759 0.50  16
148.275 0.00  12
148.706 0.00  2
148.772 0.00  4
148.850 0.00  8
149.138 0.00  8
149.312 0.00  4
149.485 0.00  1
149.831 0.00  2
150.003 0.00  4
150.175 0.00  8
150.692 0.00  8
150.864 0.00  4
151.036 0.00  8
151.380 0.50  4
152.068 0.00  8
152.586 0.50  8
153.111 0.50  4
153.624 0.00  8
153.795 0.00  4
153.966 0.00  2
154.138 0.00  1
154.309 0.00  4
154.480 0.00  4
154.653 0.00  8
154.826 0.00  8
154.999 0.00  8
155.172 0.00  8
155.345 0.00  8
155.517 0.00  8
155.689 0.00  8
155.861 0.00  8
156.034 0.00  8
156.206 0.00  8
156.378 0.00  8
156.550 0.50  8
157.069 0.00  4
157.155 0.00  2
157.242 0.50  4
157.760 0.00  4
158.105 0.00  1
158.277 0.00  2
158.449 0.00  2
158.621 0.00  4
158.965 0.50  16
159.482 0.00  4
159.654 0.00  2
159.827 0.00  4
160.087 0.00  4
160.173 0.00  8
160.259 0.00  4
160.346 0.00  2
160.432 0.00  1
160.605 0.00  4
160.691 0.00  8
160.778 0.00  4
160.864 0.00  2
160.951 0.00  1
161.123 0.00  4
161.210 0.00  8
161.296 0.00  4
161.383 0.00  2
161.468 0.00  1
161.639 0.00  4
161.725 0.00  8
161.810 0.00  4
161.896 0.00  2
161.981 0.00  1
162.153 0.00  4
162.239 0.00  8
162.325 0.00  4
162.411 0.00  2
162.497 0.00  1
162.583 0.00  8
162.669 0.00  4
162.841 0.00  4
162.928 0.00  8
163.014 0.00  4
163.101 0.00  2
163.187 0.00  4
163.360 0.00  4
163.446 0.00  8
163.533 0.00  4
163.620 0.00  2
163.707 0.00  4
163.881 0.00  4
163.968 0.00  8
164.055 0.00  4
164.142 0.00  2
164.228 0.00  4
164.399 0.00  4
164.485 0.00  8
164.570 0.00  4
164.656 0.00  2
164.742 0.00  4
164.913 0.00  4
164.998 0.00  8
165.084 0.00  4
165.169 0.00  2
165.255 0.00  4
165.426 0.00  4
165.684 0.00  4
165.856 0.00  8
166.202 0.00  4
166.374 0.00  8
166.720 0.00  4
166.892 0.00  8
167.066 0.00  1
167.239 0.00  2
167.412 0.00  4
167.585 0.00  8
167.929 0.00  8
168.272 0.00  8
168.615 0.00  8
168.787 0.00  8
168.873 0.00  4
168.959 0.00  8
169.046 0.00  4
169.133 0.00  2
169.220 0.00  1
169.307 0.00  2
169.394 0.00  4
169.654 0.00  2
169.740 0.00  4
169.826 0.00  8
169.999 0.00  8
170.085 0.00  4
170.171 0.00  2
170.257 0.00  4
170.343 0.00  8
170.516 0.00  8
170.602 0.00  4
170.689 0.00  1
170.775 0.00  2
170.862 0.00  4
170.948 0.00  2
171.034 0.00  1
171.121 2.50  2
173.968 0.00  1
174.140 0.00  1
174.483 0.00  1
174.655 0.00  1
175.000 0.00  1
175.344 0.00  1
175.516 0.00  4
175.688 0.00  8
175.860 0.00  1
176.034 0.00  4
176.208 0.00  4
176.382 0.00  1
176.726 0.00  1
176.897 0.00  1
177.238 0.00  1
177.410 0.00  1
177.756 0.00  1
177.929 0.00  1
178.273 0.00  1
178.446 0.00  1
178.790 0.00  4
178.963 0.00  8
179.135 0.00  3
179.479 0.00  3
179.480 0.00  3
179.566 0.00  3
179.652 0.00  3
179.738 0.00  3
179.825 0.00  5
179.911 0.00  5
179.997 0.00  5
180.083 0.00  5
180.170 0.00  5
180.256 0.00  5
180.343 0.00  10
180.429 0.00  10
180.516 0.00  10
180.602 0.00  10
180.690 0.00  6
180.776 0.00  6
180.863 0.00  6
180.949 0.00  6
181.037 0.00  6
181.123 0.00  6
181.211 0.00  6
181.297 0.00  6
181.384 0.00  6
181.470 0.00  6
181.556 0.00  6
181.642 0.00  6
181.728 0.00  6
181.814 0.00  6
181.901 0.00  1
182.245 0.00  1
182.417 0.00  1
182.761 0.00  1
182.933 0.00  1
183.277 0.00  1
183.449 0.00  1
183.794 0.00  1
183.967 0.00  1
184.312 0.00  4
184.484 0.00  8
184.656 0.00  1
185.001 0.00  1
185.173 0.00  1
185.517 0.00  1
185.689 0.00  1
186.034 0.00  1
186.379 0.00  1
186.551 0.00  4
186.723 0.00  8
186.896 0.00  1
187.070 0.00  4
187.244 0.00  4
187.418 0.00  1
187.762 0.00  1
187.933 0.00  1
188.274 0.00  1
188.446 0.00  1
188.791 0.00  1
188.963 0.00  1
189.309 0.00  1
189.482 0.00  1
189.827 0.00  4
189.999 0.00  8
190.171 0.00  3
190.514 0.00  3
190.515 0.00  3
190.600 0.00  3
190.687 0.00  3
190.772 0.00  3
190.859 0.00  5
190.944 0.00  5
191.030 0.00  5
191.116 0.00  5
191.203 0.00  5
191.289 0.00  5
191.376 0.00  10
191.462 0.00  10
191.549 0.00  10
191.635 0.00  10
191.722 0.00  6
191.808 0.00  6
191.895 0.00  6
191.981 0.00  6
192.068 0.00  6
192.154 0.00  6
192.240 0.00  6
192.326 0.00  6
192.413 0.00  6
192.498 0.00  6
192.584 0.00  6
192.669 0.00  6
192.755 0.00  6
192.840 0.00  6
192.926 0.00  6
193.011 0.00  6
193.098 0.50  3
193.618 0.00  3
193.792 0.00  3
194.137 0.00  5
194.654 0.00  5
194.655 0.00  5
194.741 0.00  5
194.827 0.00  5
195.172 0.00  5
195.173 0.00  5
195.258 0.00  5
195.344 0.00  5
195.429 0.00  5
195.516 0.00  5
195.601 0.00  5
195.688 0.00  5
195.773 0.00  5
195.860 0.50  3
196.380 0.00  3
196.554 0.00  3
196.899 0.00  5
197.416 0.00  5
197.416 0.00  5
197.502 0.00  5
197.588 0.00  5
197.932 0.00  5
197.933 0.00  5
198.018 0.00  5
198.105 0.00  5
198.190 0.00  5
198.276 0.00  5
198.361 0.00  5
198.448 0.00  5
198.533 0.00  5
198.619 0.50  3
199.137 0.00  3
199.309 0.00  3
199.654 0.00  5
200.171 0.00  5
200.171 0.00  5
200.257 0.00  5
200.344 0.00  5
200.688 0.00  5
200.688 0.00  5
200.773 0.00  5
200.860 0.00  5
200.945 0.00  5
201.032 0.00  5
201.117 0.00  5
201.204 0.00  5
201.289 0.00  5
201.376 0.00  6
201.896 0.00  6
201.897 0.00  6
202.413 0.00  6
202.414 0.00  6
202.757 0.00  6
202.757 0.00  6
202.843 0.00  6
202.929 0.00  6
203.015 0.00  6
203.102 0.00  6
203.360 0.00  6
203.447 0.00  6
203.620 0.00  6
203.792 0.00  6
203.965 0.00  6
204.138 0.50  3
204.654 0.00  3
204.826 0.00  3
205.171 0.00  5
205.689 0.00  5
205.690 0.00  5
205.776 0.00  5
205.863 0.00  5
206.208 0.00  5
206.209 0.00  5
206.294 0.00  5
206.380 0.00  5
206.465 0.00  5
206.552 0.00  5
206.637 0.00  5
206.724 0.00  5
206.809 0.00  5
206.896 0.50  3
207.412 0.00  3
207.585 0.00  3
207.929 0.00  5
208.446 0.00  5
208.447 0.00  5
208.533 0.00  5
208.619 0.00  5
208.963 0.00  5
208.964 0.00  5
209.049 0.00  5
209.136 0.00  5
209.221 0.00  5
209.307 0.00  5
209.392 0.00  5
209.479 0.00  5
209.564 0.00  5
209.651 0.50  3
210.171 0.00  3
210.344 0.00  3
210.689 0.00  5
211.206 0.00  5
211.206 0.00  5
211.292 0.00  5
211.378 0.00  5
211.722 0.00  5
211.723 0.00  5
211.809 0.00  5
211.896 0.00  5
211.982 0.00  5
212.069 0.00  5
212.155 0.00  5
212.241 0.00  5
212.327 0.00  5
212.414 0.00  3
212.933 0.00  3
212.933 0.00  3
213.019 0.00  3
213.106 0.00  3
213.452 0.00  3
213.452 0.00  3
213.969 0.00  3
213.969 0.00  3
214.054 0.00  3
214.141 0.00  3
214.483 0.00  3
214.483 0.00  3
214.826 0.00  3
214.827 0.00  3
214.912 0.00  3
214.998 0.00  3
215.083 0.00  3
215.170 0.00  3
215.688 0.00  3
215.689 0.00  3
215.775 0.00  3
215.862 0.00  3
216.207 0.00  3
216.208 0.00  3
216.726 0.00  3
216.727 0.00  3
216.813 0.00  3
216.900 0.00  3
217.245 0.00  3
217.245 0.00  3
217.588 0.00  3
217.589 0.00  3
217.932 0.00  3
217.933 0.00  3
218.449 0.00  3
218.449 0.00  3
218.535 0.00  3
218.622 0.00  3
218.966 0.00  3
218.966 0.00  3
219.482 0.00  3
219.482 0.00  3
219.568 0.00  3
219.655 0.00  3
219.999 0.00  3
219.999 0.00  3
220.344 0.00  3
220.345 0.00  3
220.431 0.00  3
220.518 0.00  3
220.604 0.00  3
220.691 0.00  3
221.209 0.00  3
221.209 0.00  3
221.295 0.00  3
221.382 0.00  3
221.727 0.00  3
221.728 0.00  3
222.073 0.00  3
222.074 0.00  3
222.415 0.00  3
222.416 0.00  3
222.757 0.00  3
222.758 0.00  3
223.099 0.00  3
223.100 0.00  3
223.441 0.00  1
223.617 0.00  6
223.792 0.00  1
223.967 0.00  1
224.142 0.00  16
224.314 0.00  12
224.486 0.00  1
224.658 0.00  6
224.831 0.00  12
225.003 0.00  1
225.175 0.00  1
225.347 0.00  1
225.519 0.00  1
225.691 0.00  6
225.863 0.00  16
226.035 0.00  1
226.380 0.00  6
226.552 0.00  1
226.724 0.00  1
226.896 0.00  16
227.068 0.00  12
227.241 0.00  1
227.413 0.00  6
227.585 0.00  12
227.757 0.00  1
227.930 0.00  1
228.102 0.00  1
228.274 0.00  1
228.446 0.00  1
228.619 0.00  1
228.791 0.00  1
229.136 0.00  6
229.308 0.00  1
229.481 0.00  1
229.653 0.00  16
229.826 0.00  12
229.998 0.00  1
230.171 0.00  6
230.344 0.00  12
230.514 0.00  1
230.684 0.00  1
230.855 0.00  1
231.025 0.00  1
231.199 0.00  6
231.372 0.00  16
231.546 0.00  1
231.893 0.00  6
232.067 0.00  1
232.240 0.00  1
232.414 0.00  16
232.586 0.00  12
232.759 0.00  1
232.932 0.00  6
233.105 0.00  12
233.277 0.00  1
233.449 0.00  1
233.621 0.00  1
233.794 0.00  1
233.966 0.00  1
234.138 0.00  1
234.310 0.00  1
234.654 0.00  6
234.827 0.00  1
234.999 0.00  1
235.171 0.00  16
235.344 0.00  12
235.517 0.00  1
235.690 0.00  6
235.864 0.00  12
236.035 0.00  1
236.207 0.00  1
236.379 0.00  1
236.551 0.00  1
236.724 0.00  6
236.896 0.00  16
237.069 0.00  1
237.414 0.00  6
237.586 0.00  1
237.759 0.00  1
237.932 0.00  16
238.104 0.00  12
238.276 0.00  1
238.448 0.00  6
238.620 0.00  12
238.792 0.00  1
238.964 0.00  1
239.137 0.00  1
239.309 0.00  1
239.481 0.00  1
239.654 0.00  1
239.826 0.00  1
240.171 0.00  6
240.344 0.00  1
240.516 0.00  1
240.688 0.00  16
240.861 0.00  12
241.034 0.00  1
241.207 0.00  6
241.380 0.00  12
241.552 0.00  1
241.723 0.00  1
241.895 0.00  1
242.066 0.00  1
242.239 0.00  6
242.412 0.00  16
242.584 0.00  1
242.930 0.00  6
243.102 0.00  1
243.275 0.00  1
243.448 0.00  16
243.620 0.00  12
243.793 0.00  1
243.966 0.00  6
244.138 0.00  12
244.308 0.00  3
244.479 0.00  3
244.649 0.00  3
244.819 0.00  3
244.989 0.00  3
245.160 0.00  3
245.330 0.00  3
245.670 0.00  4
245.670 0.00  4

999 0 0