3.497 0.50  1
4.368 0.50  2
5.239 1.50  4
6.969 0.50  2
7.864 0.50  2
8.760 1.00  4
10.045 0.00  4
10.474 0.50  1
11.360 0.50  2
12.246 1.50  4
14.019 0.50  2
14.870 0.50  2
15.722 1.00  4
17.052 0.00  1
17.495 0.50  2
18.148 0.00  1
18.365 0.50  2
19.018 0.00  2
19.236 0.00  4
19.674 0.00  4
20.113 0.50  4
20.771 0.00  2
20.991 0.00  4
21.430 0.00  2
21.870 0.00  4
22.309 0.00  2
22.749 0.00  1
23.188 0.00  1
23.628 0.00  1
24.067 0.00  1
24.507 0.50  2
25.161 0.00  1
25.379 0.50  2
26.032 0.00  2
26.250 0.00  4
26.690 0.00  4
27.130 0.50  4
27.790 0.00  2
28.010 0.00  4
28.450 0.00  2
28.889 0.00  4
29.328 0.00  2
29.768 0.00  1
30.204 0.00  1
30.640 0.00  1
31.077 0.00  1
31.513 0.00  4
31.951 0.00  2
32.389 0.00  1
32.828 0.00  1
33.266 6.50  1
40.266 0.50  4
41.142 0.00  2
41.580 0.00  1
42.018 0.50  1
42.894 0.00  2
43.331 0.00  4
43.770 0.50  4
44.648 0.00  2
45.087 0.00  1
45.523 1.50  1
47.272 0.50  2
48.149 0.00  2
48.587 0.00  4
49.026 0.50  4
49.902 0.00  1
50.339 0.00  2
50.774 0.50  4
51.649 0.00  1
52.090 0.00  2
52.528 1.50  4
54.279 0.50  4
55.156 0.00  2
55.592 0.00  1
56.027 1.50  2
57.778 0.50  4
58.657 0.00  4
59.097 0.00  2
59.533 1.50  1
61.278 0.50  4
62.156 0.00  2
62.591 0.00  1
63.039 0.50  4
63.918 0.00  2
64.349 0.00  1
64.792 1.50  2
66.547 1.00  4
67.858 0.00  4
68.297 6.50  4
75.304 0.00  4
75.743 0.00  4
76.182 0.00  2
76.622 0.00  1
77.066 0.00  1
77.504 0.00  1
77.942 0.00  1
78.379 0.00  2
78.817 0.00  4
79.255 0.00  4
79.693 0.00  4
80.126 0.00  2
80.561 0.00  1
80.996 0.00  1
81.434 0.00  1
81.872 0.00  1
82.310 0.00  2
82.748 0.00  2
83.186 0.00  1
83.624 0.00  2
84.060 0.00  1
84.497 0.00  1
84.935 0.00  1
85.374 0.00  2
85.812 0.00  4
86.251 0.00  4
86.689 0.00  2
87.128 0.00  4
87.569 0.00  2
88.010 0.00  2
88.452 0.00  2
88.893 0.00  2
89.334 0.00  4
89.766 0.00  4
90.198 0.00  2
90.630 0.00  1
91.068 0.00  2
91.506 0.00  2
91.941 0.00  2
92.375 0.00  2
92.816 0.00  4
93.258 0.00  4
93.692 0.00  1
94.126 0.00  4
94.570 0.00  2
95.013 0.00  2
95.452 0.00  2
95.891 0.00  2
96.330 0.00  4
96.769 0.00  4
97.208 0.00  2
97.642 0.00  1
98.080 0.00  4
98.517 0.00  4
98.955 0.00  2
99.392 0.00  1
99.829 0.00  2
100.266 0.00  2
100.704 0.00  2
101.142 0.00  2
101.575 0.00  4
102.009 0.00  4
102.449 0.00  4
102.889 0.00  4
103.329 1.50  1
105.309 0.00  1
105.528 0.00  1
105.968 0.00  1
106.298 0.00  2
106.950 0.00  2
107.223 3.00  1
110.339 1.50  1
112.092 1.50  4
113.847 1.50  2
115.602 1.50  4
117.344 1.50  1
119.094 1.50  2
120.843 1.50  4
122.607 1.50  2
124.361 0.00  4
124.798 1.00  1
126.107 0.00  4
126.543 1.00  1
127.853 0.00  1
128.290 1.00  4
129.606 1.00  4
131.369 1.50  2
133.115 1.50  4
136.616 1.50  2
138.370 6.50  4
145.375 0.50  1
146.253 0.50  2
147.123 1.50  4
148.862 0.50  2
149.732 0.50  2
150.618 1.50  4
152.362 0.50  1
153.278 0.50  2
154.151 1.00  4
155.849 0.50  2
156.775 0.50  2
157.638 1.50  4
159.391 0.50  2
160.048 0.00  1
160.266 0.50  2
160.923 0.00  2
161.141 0.00  4
161.579 0.00  4
162.016 0.50  4
162.673 0.00  2
162.891 0.00  4
163.333 0.00  2
163.775 0.00  4
164.217 0.00  2
164.659 0.00  1
165.093 0.00  1
165.526 0.00  1
165.960 0.00  1
166.394 0.50  2
167.053 0.00  1
167.273 0.50  2
167.933 0.00  2
168.153 0.00  4
168.590 0.00  4
169.027 0.50  4
169.682 0.00  2
169.900 0.00  4
170.337 0.00  2
170.774 0.00  4
171.210 0.00  2
171.647 0.00  1
172.084 0.00  1
172.521 0.00  1
172.958 0.00  1
173.394 0.00  4
173.834 0.00  4
174.274 0.00  2
174.714 0.00  1
175.154 6.00  1
182.046 0.00  4
182.487 0.00  1
182.928 0.00  2
183.369 0.00  4
183.810 0.00  4
184.243 0.00  1
184.676 0.00  2
185.109 0.00  4
185.542 0.00  2
185.974 0.00  4
186.407 0.00  1
186.840 0.00  2
187.273 0.00  2
187.712 0.00  4
188.151 0.00  1
188.589 0.00  2
189.028 0.00  1
189.467 0.00  2
189.905 0.00  4
190.344 0.00  1
190.783 0.00  1
191.213 0.00  2
191.642 0.00  4
192.072 0.00  1
192.502 0.00  4
192.931 0.00  1
193.361 0.00  2
193.791 0.00  4
194.220 0.00  4
194.650 0.00  1
195.080 0.00  2
195.509 0.00  4
195.939 0.00  4
196.369 0.00  1
196.798 0.00  2
197.228 0.00  4
197.658 0.00  4
198.092 0.00  1
198.525 0.00  2
198.959 0.00  4
199.393 0.00  2
199.827 0.00  4
200.261 0.00  1
200.695 0.00  2
201.128 0.00  2
201.563 0.00  4
201.997 0.00  1
202.431 0.00  2
202.866 0.00  1
203.300 0.00  2
203.734 0.00  4
204.169 0.00  1
204.603 0.00  1
205.033 0.00  2
205.462 0.00  4
205.892 0.00  1
206.321 0.00  4
206.751 0.00  1
207.180 0.00  2
207.610 0.00  4
208.039 0.00  4
208.469 0.00  1
208.898 0.00  2
209.328 0.00  4
209.757 0.00  4
210.190 0.00  4
210.623 0.00  4
211.056 0.00  4
211.490 0.00  4
211.923 0.00  4
212.356 0.00  4
212.789 0.00  4
213.222 0.00  2
213.655 0.00  2
214.088 0.00  2
214.521 0.00  2
214.954 0.00  2
215.388 0.00  2
215.821 0.00  2
216.254 0.00  2
216.687 0.00  1
217.120 0.00  1
217.553 0.00  1
217.986 0.00  1
218.419 0.00  1
218.853 0.00  1
219.286 0.00  1
219.719 0.00  1
220.152 0.00  4
220.585 0.00  4
221.019 0.00  4
221.452 0.00  4
221.885 0.00  4
222.317 0.00  4
222.749 0.00  4
223.181 0.00  4
223.612 0.00  4
224.045 0.00  4
224.478 0.00  4
224.911 0.00  4
225.344 0.00  4
225.777 0.00  4
226.210 0.00  4
226.642 0.00  4
227.075 0.00  2
227.507 0.00  2
227.940 0.00  2
228.373 0.00  2
228.805 0.00  2
229.237 0.00  2
229.669 0.00  2
230.101 0.00  2
230.533 0.00  2
230.967 0.00  1
231.402 0.00  1
231.836 0.00  1
232.270 0.00  1
232.702 0.00  1
233.134 0.00  1
233.566 0.00  1
233.998 0.00  4
234.431 0.00  4
234.864 0.00  4
235.298 0.00  4
235.731 0.00  4
236.171 0.00  4
236.610 0.00  4
237.050 0.00  4
237.490 0.00  2
237.928 0.00  4
238.367 0.00  2
238.805 0.00  4
239.232 0.00  2
239.666 0.00  4
240.099 0.00  2
240.522 0.00  4
240.944 0.00  2
241.375 0.00  1
241.807 0.00  2
242.238 0.00  1
242.669 0.00  2
243.105 0.00  1
243.541 0.00  2
243.978 0.00  2
244.123 0.00  4
244.414 0.00  4
244.849 0.00  1
245.285 0.00  2
245.720 0.00  1
246.155 0.00  2
246.591 0.00  1
247.026 0.00  2
247.451 0.00  2
247.875 0.00  1
248.308 0.00  1
248.741 0.00  2
249.174 0.00  1
249.607 0.00  2
250.041 0.00  1
250.474 0.00  2
250.907 0.00  1
251.341 0.00  2
251.774 0.00  4
252.208 0.00  2
252.641 0.00  4
253.075 0.00  2
253.508 0.00  4
253.942 0.00  2
254.375 0.00  4
254.809 0.00  2
255.239 0.00  1
255.668 0.00  2
256.098 0.00  1
256.528 0.00  2
256.957 0.00  1
257.387 0.00  2
257.817 0.00  2
257.960 0.00  4
258.246 0.00  4
258.676 0.00  1
259.106 0.00  2
259.538 0.00  1
259.970 0.00  2
260.402 0.00  1
260.834 0.00  2
261.266 0.00  2
261.699 0.00  1
262.132 0.00  1
262.565 0.00  2
262.998 0.00  1
263.431 0.00  2
263.864 0.00  1
264.297 0.00  2
264.730 0.00  1
265.163 0.00  2
265.597 0.00  4
266.030 0.00  2
266.464 0.00  4
266.896 0.00  2
267.329 0.00  4
267.765 0.00  2
268.197 0.00  4
268.630 0.00  2
269.062 0.00  1
269.494 0.00  2
269.925 0.00  1
270.358 0.00  2
270.791 0.00  1
271.224 0.00  2
271.656 0.00  2
271.801 0.00  4
272.089 0.00  4
272.522 0.00  1
272.955 0.00  2
273.388 0.00  1
273.822 0.00  2
274.255 0.00  1
274.687 0.00  2
275.120 0.00  2
275.552 0.00  1
275.985 0.00  1
276.418 0.00  2
276.851 0.00  1
277.284 0.00  2
277.718 0.00  1
278.151 0.00  2
278.583 0.00  1
279.015 0.00  2
279.448 0.00  4
279.882 0.00  2
280.315 0.00  4
280.749 0.00  2
281.180 0.00  4
281.612 0.00  2
282.044 0.00  4
282.476 0.00  2
282.908 0.00  1
283.341 0.00  2
283.773 0.00  1
284.206 0.00  2
284.638 0.00  1
285.071 0.00  2
285.504 0.00  2
285.648 0.00  4
285.937 0.00  4
286.369 0.00  1
286.802 0.00  2
287.234 0.00  1
287.667 0.00  2
288.099 0.00  1
288.531 0.00  2
288.962 0.00  2
289.393 0.00  1
289.824 0.00  1
290.256 0.00  2
290.688 0.00  1
291.121 0.00  2
291.553 0.00  1
291.985 0.00  2
292.415 0.00  1
292.845 0.00  2
293.279 0.00  4
293.713 0.00  2
294.147 0.00  4
294.580 0.00  2
295.014 0.00  4
295.448 0.00  2
295.881 0.00  4
296.314 0.00  2
296.747 0.00  1
297.182 0.00  2
297.614 0.00  1
298.046 0.00  2
298.479 0.00  1
298.911 0.00  2
299.344 0.00  2
299.488 0.00  4
299.777 0.00  4
300.210 0.00  1
300.643 0.00  2
301.076 0.00  1
301.508 0.00  2
301.940 0.00  1
302.372 0.00  2
302.805 0.00  2
303.239 0.00  1
303.672 0.00  1
304.104 0.00  2
304.536 0.00  1
304.969 0.00  2
305.401 0.00  1
305.834 0.00  2
306.266 0.00  1
306.698 0.00  2
307.132 0.00  4
307.567 0.00  2
308.000 0.00  4
308.433 0.00  2
308.867 0.00  4
309.300 0.00  2
309.732 0.00  4
310.165 0.00  2
310.597 0.00  1
311.030 0.00  2
311.462 0.00  1
311.895 0.00  2
312.327 0.00  1
312.760 0.00  2
313.193 0.00  2
313.337 0.00  4
313.626 0.00  4
314.058 0.00  1
314.491 0.00  2
314.924 0.00  1
315.356 0.00  2
315.789 0.00  1
316.221 0.00  2
316.653 0.00  2
317.085 0.00  1
317.517 0.00  1
317.949 0.00  2
318.381 0.00  1
318.813 0.00  2
319.245 0.00  1
319.677 0.00  2
320.109 0.00  4
320.541 0.00  2
320.974 0.00  1
321.407 0.00  2
321.841 0.00  1
322.274 0.00  2
322.707 0.00  1
323.141 0.00  2
323.574 0.00  4
324.008 0.00  2
324.440 0.00  1
324.873 0.00  2
325.306 0.00  1
325.739 0.00  2
326.172 0.00  1
326.605 0.00  4
327.037 0.00  4
327.470 0.00  2
327.904 0.00  1
328.338 0.00  2
328.771 0.00  1
329.203 0.00  2
329.636 0.00  1
330.069 0.00  2
330.502 0.00  4
330.935 0.00  2
331.367 0.00  1
331.800 0.00  2
332.232 0.00  1
332.665 0.00  2
333.097 0.00  1
333.529 0.00  4
333.962 0.00  4
334.394 5.50  2
339.909 0.00  4

999 0 0