3.497 0.50  3
4.150 0.00  3
4.259 0.00  3
4.368 0.50  5
5.022 0.00  3
5.130 0.00  3
5.239 1.50  6
6.753 0.00  3
6.861 0.00  3
6.969 0.50  10
7.640 0.00  3
7.752 0.00  3
7.864 0.50  10
8.536 0.00  3
8.648 0.00  3
8.760 1.00  12
10.045 0.00  8
10.099 0.00  4
10.152 0.00  2
10.259 0.00  3
10.367 0.00  3
10.474 0.50  3
11.138 0.00  3
11.249 0.00  3
11.360 0.50  5
12.025 0.00  3
12.135 0.00  3
12.246 1.50  6
13.797 0.00  3
13.908 0.00  3
14.019 0.50  10
14.657 0.00  3
14.764 0.00  3
14.870 0.50  10
15.509 0.00  3
15.616 0.00  3
15.722 1.00  12
17.052 0.00  1
17.273 0.00  3
17.384 0.00  3
17.495 0.00  2
17.567 0.00  2
17.640 0.00  2
17.712 0.00  2
17.785 0.00  2
17.858 0.00  2
17.930 0.00  2
18.003 0.00  2
18.075 0.00  2
18.148 0.00  1
18.257 0.00  2
18.365 0.00  4
18.438 0.00  4
18.510 0.00  4
18.583 0.00  4
18.655 0.00  4
18.728 0.00  4
18.801 0.00  4
18.873 0.00  4
18.946 0.00  4
19.018 0.00  2
19.127 0.00  4
19.236 0.00  8
19.309 0.00  8
19.382 0.00  8
19.455 0.00  8
19.528 0.00  8
19.601 0.00  8
19.674 0.00  8
19.748 0.00  8
19.821 0.00  8
19.894 0.00  8
19.967 0.00  8
20.040 0.00  8
20.113 0.00  8
20.186 0.00  8
20.259 0.00  8
20.333 0.00  8
20.406 0.00  8
20.479 0.00  8
20.552 0.00  8
20.625 0.00  8
20.698 0.00  8
20.771 0.00  4
20.881 0.00  8
21.284 0.00  8
21.357 0.00  8
21.430 0.00  8
21.503 0.00  8
21.577 0.00  4
21.650 0.00  4
21.723 0.00  4
21.796 0.00  4
21.870 0.00  8
21.943 0.00  8
22.016 0.00  8
22.089 0.00  8
22.163 0.00  4
22.236 0.00  4
22.309 0.00  4
22.382 0.00  4
22.456 0.00  2
22.529 0.00  2
22.602 0.00  2
22.675 0.00  2
22.749 0.00  1
22.822 0.00  1
22.895 0.00  1
22.968 0.00  1
23.042 0.00  1
23.115 0.00  1
23.188 0.00  1
23.261 0.00  1
23.335 0.00  1
23.408 0.00  1
23.481 0.00  1
23.554 0.00  1
23.628 0.00  1
23.701 0.00  1
23.774 0.00  1
23.847 0.00  1
23.921 0.00  1
23.994 0.00  1
24.067 0.00  1
24.140 0.00  1
24.214 0.00  1
24.287 0.00  1
24.360 0.00  1
24.434 0.00  1
24.507 0.00  2
24.579 0.00  2
24.652 0.00  2
24.725 0.00  2
24.797 0.00  2
24.870 0.00  2
24.943 0.00  2
25.015 0.00  2
25.088 0.00  2
25.161 0.00  1
25.270 0.00  2
25.379 0.00  4
25.451 0.00  4
25.524 0.00  4
25.596 0.00  4
25.669 0.00  4
25.742 0.00  4
25.814 0.00  4
25.887 0.00  4
25.960 0.00  4
26.032 0.00  2
26.141 0.00  4
26.250 0.00  8
26.324 0.00  8
26.397 0.00  8
26.470 0.00  8
26.544 0.00  8
26.617 0.00  8
26.690 0.00  8
26.764 0.00  8
26.837 0.00  8
26.910 0.00  8
26.984 0.00  8
27.057 0.00  8
27.130 0.00  8
27.204 0.00  8
27.277 0.00  8
27.350 0.00  8
27.424 0.00  8
27.497 0.00  8
27.570 0.00  8
27.643 0.00  8
27.717 0.00  8
27.790 0.00  4
27.900 0.00  8
28.303 0.00  8
28.376 0.00  8
28.450 0.00  8
28.523 0.00  8
28.596 0.00  4
28.669 0.00  4
28.742 0.00  4
28.816 0.00  4
28.889 0.00  8
28.962 0.00  8
29.035 0.00  8
29.109 0.00  8
29.182 0.00  4
29.255 0.00  4
29.328 0.00  4
29.402 0.00  4
29.475 0.00  2
29.548 0.00  2
29.621 0.00  2
29.694 0.00  2
29.768 0.00  1
29.840 0.00  1
29.913 0.00  1
29.986 0.00  1
30.059 0.00  1
30.131 0.00  1
30.204 0.00  1
30.277 0.00  1
30.350 0.00  1
30.422 0.00  1
30.495 0.00  1
30.568 0.00  1
30.640 0.00  1
30.713 0.00  1
30.786 0.00  1
30.859 0.00  1
30.931 0.00  1
31.004 0.00  1
31.077 0.00  1
31.150 0.00  1
31.222 0.00  1
31.295 0.00  1
31.368 0.00  1
31.441 0.00  1
31.951 0.00  8
32.024 0.00  8
32.097 0.00  8
32.170 0.00  8
32.243 0.00  8
32.316 0.00  8
32.389 0.00  4
32.462 0.00  4
32.535 0.00  4
32.608 0.00  4
32.682 0.00  4
32.755 0.00  4
32.828 0.00  2
32.901 0.00  2
32.974 0.00  2
33.047 0.00  2
33.120 0.00  2
33.193 0.00  2
33.266 6.50  5
40.266 0.50  8
41.142 0.00  4
41.580 0.00  2
42.018 0.50  1
42.894 0.00  2
43.331 0.00  4
43.770 0.50  8
44.648 0.00  4
45.087 0.00  2
45.523 1.50  1
47.272 0.50  4
48.149 0.00  8
49.026 0.50  8
49.902 0.00  1
50.339 0.00  2
50.774 0.50  4
51.649 0.00  2
52.090 0.00  4
52.528 1.50  8
55.156 0.00  8
55.592 0.00  2
56.027 1.50  4
58.657 0.00  8
59.097 0.00  4
59.533 1.50  2
61.278 0.50  8
62.156 0.00  4
62.591 0.00  2
63.039 0.50  4
63.918 0.00  2
64.349 0.00  1
64.792 1.50  2
66.547 1.00  4
67.858 0.00  8
68.297 6.50  8
75.304 0.00  8
75.377 0.00  8
75.451 0.00  8
75.524 0.00  8
75.597 0.00  8
75.670 0.00  8
75.743 0.00  8
75.816 0.00  8
75.890 0.00  8
75.963 0.00  8
76.036 0.00  8
76.109 0.00  8
76.182 0.00  4
76.256 0.00  4
76.329 0.00  4
76.402 0.00  4
76.475 0.00  4
76.548 0.00  4
76.622 0.00  2
76.696 0.00  2
76.770 0.00  2
76.844 0.00  2
76.918 0.00  2
76.992 0.00  2
77.066 0.00  1
77.139 0.00  1
77.212 0.00  1
77.285 0.00  1
77.358 0.00  1
77.431 0.00  1
77.504 0.00  1
77.577 0.00  1
77.650 0.00  1
77.723 0.00  1
77.796 0.00  1
77.869 0.00  1
77.942 0.00  2
78.014 0.00  2
78.087 0.00  2
78.160 0.00  2
78.233 0.00  2
78.306 0.00  2
78.379 0.00  4
78.452 0.00  4
78.525 0.00  4
78.598 0.00  4
78.671 0.00  4
78.744 0.00  4
78.817 0.00  8
78.890 0.00  8
78.963 0.00  8
79.036 0.00  8
79.109 0.00  8
79.182 0.00  8
79.255 0.00  8
79.328 0.00  8
79.401 0.00  8
79.474 0.00  8
79.547 0.00  8
79.620 0.00  8
79.693 0.00  4
79.765 0.00  4
79.837 0.00  4
79.909 0.00  4
79.982 0.00  4
80.054 0.00  4
80.126 0.00  2
80.199 0.00  2
80.271 0.00  2
80.344 0.00  2
80.416 0.00  2
80.488 0.00  2
80.561 0.00  1
80.633 0.00  1
80.706 0.00  1
80.778 0.00  1
80.851 0.00  1
80.923 0.00  1
80.996 0.00  1
81.069 0.00  1
81.142 0.00  1
81.215 0.00  1
81.288 0.00  1
81.361 0.00  1
81.434 0.00  1
81.507 0.00  1
81.580 0.00  1
81.653 0.00  1
81.726 0.00  1
81.799 0.00  1
81.872 0.00  1
81.945 0.00  1
82.018 0.00  1
82.091 0.00  1
82.164 0.00  1
82.237 0.00  1
82.310 0.00  4
82.383 0.00  4
82.456 0.00  4
82.529 0.00  4
82.602 0.00  4
82.675 0.00  4
82.748 0.00  4
82.821 0.00  4
82.894 0.00  4
82.967 0.00  4
83.040 0.00  4
83.113 0.00  4
83.186 0.00  8
83.259 0.00  8
83.332 0.00  8
83.405 0.00  8
83.478 0.00  8
83.551 0.00  8
84.060 0.00  8
84.133 0.00  8
84.206 0.00  8
84.278 0.00  8
84.351 0.00  8
84.424 0.00  8
84.497 0.00  8
84.570 0.00  8
84.643 0.00  8
84.716 0.00  8
84.789 0.00  8
84.862 0.00  8
84.935 0.00  1
85.008 0.00  1
85.081 0.00  1
85.155 0.00  1
85.228 0.00  1
85.301 0.00  1
85.374 0.00  2
85.447 0.00  2
85.520 0.00  2
85.593 0.00  2
85.666 0.00  2
85.739 0.00  2
85.812 0.00  4
85.885 0.00  4
85.959 0.00  4
86.032 0.00  4
86.105 0.00  4
86.178 0.00  4
86.251 0.00  4
86.324 0.00  4
86.397 0.00  4
86.470 0.00  4
86.543 0.00  4
86.616 0.00  4
86.689 0.00  2
86.762 0.00  2
86.836 0.00  2
86.909 0.00  2
86.982 0.00  2
87.055 0.00  2
87.128 0.00  4
87.201 0.00  4
87.275 0.00  4
87.348 0.00  4
87.422 0.00  4
87.496 0.00  4
87.569 0.00  8
87.643 0.00  8
87.716 0.00  8
87.790 0.00  8
87.863 0.00  8
87.937 0.00  8
88.010 0.00  8
88.084 0.00  8
88.157 0.00  8
88.231 0.00  8
88.304 0.00  8
88.378 0.00  8
88.452 0.00  8
88.525 0.00  8
88.599 0.00  8
88.672 0.00  8
88.746 0.00  8
88.819 0.00  8
88.893 0.00  8
88.966 0.00  8
89.040 0.00  8
89.113 0.00  8
89.187 0.00  8
89.260 0.00  8
90.198 0.00  8
90.270 0.00  8
90.342 0.00  8
90.414 0.00  8
90.486 0.00  8
90.558 0.00  8
90.630 0.00  4
90.703 0.00  4
90.776 0.00  4
90.849 0.00  4
90.922 0.00  4
90.995 0.00  4
91.068 0.00  8
91.141 0.00  8
91.214 0.00  8
91.287 0.00  8
91.360 0.00  8
91.433 0.00  8
91.506 0.00  8
91.579 0.00  8
91.651 0.00  8
91.723 0.00  8
91.796 0.00  8
91.868 0.00  8
91.941 0.00  8
92.013 0.00  8
92.085 0.00  8
92.158 0.00  8
92.230 0.00  8
92.302 0.00  8
92.375 0.00  8
92.448 0.00  8
92.522 0.00  8
92.596 0.00  8
92.669 0.00  8
92.743 0.00  8
93.692 0.00  8
93.764 0.00  8
93.837 0.00  8
93.909 0.00  8
93.982 0.00  8
94.054 0.00  8
94.126 0.00  4
94.200 0.00  4
94.274 0.00  4
94.348 0.00  4
94.422 0.00  4
94.496 0.00  4
94.570 0.00  2
94.644 0.00  2
94.718 0.00  2
94.792 0.00  2
94.866 0.00  2
94.939 0.00  2
95.013 0.00  2
95.087 0.00  2
95.160 0.00  2
95.233 0.00  2
95.306 0.00  2
95.379 0.00  2
95.452 0.00  2
95.525 0.00  2
95.599 0.00  2
95.672 0.00  2
95.745 0.00  2
95.818 0.00  2
95.891 0.00  2
95.964 0.00  2
96.038 0.00  2
96.111 0.00  2
96.184 0.00  2
96.257 0.00  2
96.330 0.00  8
96.403 0.00  8
96.477 0.00  8
96.550 0.00  8
96.623 0.00  8
96.696 0.00  8
96.769 0.00  8
96.842 0.00  8
96.916 0.00  8
96.989 0.00  8
97.062 0.00  8
97.135 0.00  8
97.208 0.00  4
97.280 0.00  4
97.353 0.00  4
97.425 0.00  4
97.497 0.00  4
97.570 0.00  4
97.642 0.00  2
97.715 0.00  2
97.788 0.00  2
97.861 0.00  2
97.934 0.00  2
98.007 0.00  2
98.080 0.00  4
98.152 0.00  4
98.225 0.00  4
98.298 0.00  4
98.371 0.00  4
98.444 0.00  4
98.517 0.00  4
98.590 0.00  4
98.663 0.00  4
98.736 0.00  4
98.809 0.00  4
98.882 0.00  4
98.955 0.00  2
99.027 0.00  2
99.100 0.00  2
99.173 0.00  2
99.246 0.00  2
99.319 0.00  2
99.392 0.00  1
99.465 0.00  1
99.538 0.00  1
99.611 0.00  1
99.683 0.00  1
99.756 0.00  1
99.829 0.00  2
99.902 0.00  2
99.975 0.00  2
100.048 0.00  2
100.120 0.00  2
100.193 0.00  2
100.266 0.00  2
100.339 0.00  2
100.412 0.00  2
100.485 0.00  2
100.558 0.00  2
100.631 0.00  2
100.704 0.00  2
100.777 0.00  2
100.850 0.00  2
100.923 0.00  2
100.996 0.00  2
101.069 0.00  2
101.142 0.00  2
101.214 0.00  2
101.286 0.00  2
101.358 0.00  2
101.431 0.00  2
101.503 0.00  2
101.575 0.00  4
101.648 0.00  4
101.720 0.00  4
101.792 0.00  4
101.865 0.00  4
101.937 0.00  4
102.009 0.00  4
102.082 0.00  4
102.156 0.00  4
102.229 0.00  4
102.302 0.00  4
102.376 0.00  4
102.449 0.00  4
102.522 0.00  4
102.596 0.00  4
102.669 0.00  4
102.742 0.00  4
102.816 0.00  4
102.889 0.00  4
102.962 0.00  4
103.036 0.00  4
103.109 0.00  4
103.329 1.50  8
105.309 0.00  4
105.528 0.00  4
105.748 0.00  4
105.968 0.00  4
106.298 0.00  8
106.625 0.00  8
106.950 0.00  8
107.218 0.00  4
107.492 0.00  2
107.925 2.00  2
110.229 0.00  1
110.339 0.00  2
110.448 1.00  4
111.982 0.00  2
112.092 0.00  4
112.202 1.50  8
113.847 0.00  1
113.956 0.00  2
114.065 1.00  4
115.602 0.00  2
115.711 0.00  4
117.234 0.00  1
117.344 0.00  2
117.453 1.50  4
119.094 0.00  2
119.204 0.00  4
119.313 1.00  8
120.843 0.00  1
120.953 0.00  2
122.607 0.00  1
122.717 1.00  4
124.580 0.00  8
124.798 1.00  4
126.325 0.00  4
126.543 1.00  2
127.853 0.00  1
128.072 0.00  2
129.385 0.00  2
129.495 0.00  2
131.148 0.00  2
131.259 0.00  4
131.369 1.50  8
133.115 0.00  1
133.224 0.00  2
133.334 1.00  8
134.756 0.00  1
134.866 0.00  2
134.975 1.50  4
136.616 0.00  2
136.726 0.00  4
136.835 1.50  8
138.370 0.00  2
138.480 0.00  4
138.589 6.50  16
145.159 0.00  3
145.267 0.00  3
145.375 0.50  3
146.034 0.00  3
146.143 0.00  3
146.253 0.50  5
146.905 0.00  3
147.014 0.00  3
147.123 1.50  6
148.645 0.00  3
148.754 0.00  3
148.862 0.50  10
149.515 0.00  3
149.623 0.00  3
149.732 0.50  10
150.396 0.00  3
150.507 0.00  3
150.618 1.50  12
152.144 0.00  3
152.253 0.00  3
152.362 0.50  3
153.049 0.00  3
153.164 0.00  3
153.278 0.50  5
153.933 0.00  3
154.042 0.00  3
154.151 1.00  6
155.637 0.00  3
155.743 0.00  3
155.849 0.50  10
156.543 0.00  3
156.659 0.00  3
156.775 0.50  10
157.422 0.00  3
157.530 0.00  3
157.638 1.00  12
159.391 0.00  2
159.464 0.00  2
159.537 0.00  2
159.610 0.00  2
159.683 0.00  2
159.756 0.00  2
159.829 0.00  2
159.902 0.00  2
159.975 0.00  2
160.048 0.00  1
160.157 0.00  2
160.266 0.00  4
160.339 0.00  4
160.412 0.00  4
160.485 0.00  4
160.558 0.00  4
160.631 0.00  4
160.704 0.00  4
160.777 0.00  4
160.850 0.00  4
160.923 0.00  2
161.032 0.00  4
161.141 0.00  8
161.214 0.00  8
161.287 0.00  8
161.360 0.00  8
161.433 0.00  8
161.506 0.00  8
161.579 0.00  8
161.652 0.00  8
161.725 0.00  8
161.798 0.00  8
161.871 0.00  8
161.944 0.00  8
162.016 0.00  8
162.089 0.00  8
162.162 0.00  8
162.235 0.00  8
162.308 0.00  8
162.381 0.00  8
162.454 0.00  8
162.527 0.00  8
162.600 0.00  8
162.673 0.00  4
162.782 0.00  8
163.186 0.00  8
163.260 0.00  8
163.333 0.00  8
163.407 0.00  8
163.481 0.00  4
163.554 0.00  4
163.628 0.00  4
163.702 0.00  4
163.775 0.00  8
163.849 0.00  8
163.923 0.00  8
163.996 0.00  8
164.070 0.00  4
164.144 0.00  4
164.217 0.00  4
164.291 0.00  4
164.365 0.00  2
164.438 0.00  2
164.512 0.00  2
164.585 0.00  2
164.659 0.00  1
164.731 0.00  1
164.804 0.00  1
164.876 0.00  1
164.948 0.00  1
165.020 0.00  1
165.093 0.00  1
165.165 0.00  1
165.237 0.00  1
165.310 0.00  1
165.382 0.00  1
165.454 0.00  1
165.526 0.00  1
165.599 0.00  1
165.671 0.00  1
165.743 0.00  1
165.815 0.00  1
165.888 0.00  1
165.960 0.00  1
166.032 0.00  1
166.105 0.00  1
166.177 0.00  1
166.249 0.00  1
166.321 0.00  1
166.394 0.00  2
166.467 0.00  2
166.540 0.00  2
166.614 0.00  2
166.687 0.00  2
166.760 0.00  2
166.833 0.00  2
166.907 0.00  2
166.980 0.00  2
167.053 0.00  1
167.163 0.00  2
167.273 0.00  4
167.347 0.00  4
167.420 0.00  4
167.493 0.00  4
167.567 0.00  4
167.640 0.00  4
167.713 0.00  4
167.786 0.00  4
167.860 0.00  4
167.933 0.00  2
168.043 0.00  4
168.153 0.00  8
168.226 0.00  8
168.299 0.00  8
168.371 0.00  8
168.444 0.00  8
168.517 0.00  8
168.590 0.00  8
168.663 0.00  8
168.735 0.00  8
168.808 0.00  8
168.881 0.00  8
168.954 0.00  8
169.027 0.00  8
169.099 0.00  8
169.172 0.00  8
169.245 0.00  8
169.318 0.00  8
169.391 0.00  8
169.463 0.00  8
169.536 0.00  8
169.609 0.00  8
169.682 0.00  4
169.791 0.00  8
170.191 0.00  8
170.264 0.00  8
170.337 0.00  8
170.410 0.00  8
170.482 0.00  4
170.555 0.00  4
170.628 0.00  4
170.701 0.00  4
170.774 0.00  8
170.846 0.00  8
170.919 0.00  8
170.992 0.00  8
171.065 0.00  4
171.138 0.00  4
171.210 0.00  4
171.283 0.00  4
171.356 0.00  2
171.429 0.00  2
171.502 0.00  2
171.574 0.00  2
171.647 0.00  1
171.720 0.00  1
171.793 0.00  1
171.866 0.00  1
171.938 0.00  1
172.011 0.00  1
172.084 0.00  1
172.157 0.00  1
172.230 0.00  1
172.302 0.00  1
172.375 0.00  1
172.448 0.00  1
172.521 0.00  1
172.594 0.00  1
172.666 0.00  1
172.739 0.00  1
172.812 0.00  1
172.885 0.00  1
172.958 0.00  1
173.030 0.00  1
173.103 0.00  1
173.176 0.00  1
173.249 0.00  1
173.322 0.00  1
173.834 0.00  8
173.908 0.00  8
173.981 0.00  8
174.054 0.00  8
174.127 0.00  8
174.201 0.00  8
174.274 0.00  4
174.347 0.00  4
174.421 0.00  4
174.494 0.00  4
174.567 0.00  4
174.641 0.00  4
174.714 0.00  2
174.787 0.00  2
174.861 0.00  2
174.934 0.00  2
175.007 0.00  2
175.081 0.00  2
175.154 6.00  5
182.266 0.00  1
182.413 0.00  2
182.560 0.00  4
182.707 0.00  2
182.854 0.00  4
183.001 0.00  8
183.148 0.00  4
183.295 0.50  16
184.026 0.00  1
184.171 0.00  2
184.315 0.00  4
184.459 0.00  2
184.604 0.00  4
184.748 0.00  8
184.892 0.00  4
185.036 0.50  16
185.614 0.00  8
185.758 0.00  4
185.902 0.00  16
186.191 0.00  1
186.335 0.00  2
186.479 0.00  4
186.624 0.00  2
186.768 0.00  4
186.912 0.00  8
187.346 0.00  8
187.492 0.00  4
187.639 0.00  16
187.931 0.00  1
188.077 0.00  2
188.224 0.00  4
188.370 0.00  2
188.516 0.00  4
188.662 0.00  8
189.101 0.00  4
189.247 0.00  2
189.393 0.00  4
189.540 0.00  8
189.686 0.00  4
189.832 0.00  16
190.125 0.00  1
190.271 0.00  2
190.417 0.00  4
190.854 0.00  4
190.997 0.00  2
191.140 0.00  4
191.284 0.00  8
191.427 0.00  4
191.570 0.00  16
191.856 0.00  1
192.000 0.00  2
192.143 0.50  16
192.716 0.00  1
192.859 0.00  2
193.002 0.00  4
193.145 0.00  2
193.289 0.00  4
193.432 0.00  8
193.575 0.00  4
193.718 0.50  16
194.435 0.00  1
194.578 0.00  2
194.721 0.00  4
194.864 0.00  2
195.007 0.00  4
195.151 0.00  8
195.294 0.00  4
195.437 0.50  16
196.153 0.00  1
196.296 0.00  2
196.440 0.00  4
196.583 0.00  2
196.726 0.00  4
196.869 0.00  8
197.013 0.00  4
197.156 0.50  16
197.874 0.00  1
198.019 0.00  2
198.164 0.00  4
198.308 0.00  2
198.453 0.00  4
198.597 0.00  8
198.742 0.00  4
198.887 0.50  16
199.465 0.00  8
199.610 0.00  4
199.754 0.00  16
200.044 0.00  1
200.188 0.00  2
200.333 0.00  4
200.477 0.00  2
200.622 0.00  4
200.767 0.00  8
201.200 0.00  8
201.345 0.00  4
201.490 0.00  16
201.780 0.00  1
201.924 0.00  2
202.069 0.00  4
202.214 0.00  2
202.359 0.00  4
202.503 0.00  8
202.938 0.00  4
203.083 0.00  2
203.227 0.00  4
203.372 0.00  8
203.517 0.00  4
203.662 0.00  16
203.951 0.00  1
204.096 0.00  2
204.241 0.00  4
204.674 0.00  4
204.817 0.00  2
204.960 0.00  4
205.104 0.00  8
205.247 0.00  4
205.390 0.00  16
205.676 0.00  1
205.819 0.00  2
205.963 0.50  16
206.535 0.00  1
206.678 0.00  2
206.822 0.00  4
206.965 0.00  2
207.108 0.00  4
207.251 0.00  8
207.394 0.00  4
207.537 0.50  16
208.253 0.00  1
208.396 0.00  2
208.540 0.00  4
208.683 0.00  2
208.826 0.00  4
208.969 0.00  8
209.112 0.00  4
209.255 0.50  16
209.955 0.00  2
210.100 0.00  16
210.389 0.00  2
210.533 0.00  16
210.822 0.00  2
210.966 0.00  16
211.255 0.00  4
211.399 0.00  16
211.688 0.00  2
211.832 0.00  16
212.121 0.00  2
212.265 0.00  16
212.554 0.00  2
212.699 0.00  16
212.987 0.00  4
213.132 0.00  2
213.276 0.00  8
213.420 0.00  2
213.565 0.00  1
213.709 0.00  8
213.853 0.00  2
213.998 0.00  1
214.142 0.00  8
214.287 0.00  2
214.431 0.00  1
214.575 0.00  8
214.720 0.00  4
214.864 0.00  2
215.008 0.00  8
215.153 0.00  2
215.297 0.00  1
215.442 0.00  8
215.586 0.00  2
215.730 0.00  1
215.875 0.00  8
216.019 0.00  2
216.163 0.00  1
216.308 0.00  8
216.452 0.00  4
216.597 0.00  2
216.741 0.00  4
216.885 0.00  2
217.030 0.00  1
217.174 0.00  4
217.318 0.00  2
217.463 0.00  1
217.607 0.00  4
217.752 0.00  2
217.896 0.00  1
218.040 0.00  4
218.185 0.00  2
218.329 0.00  1
218.473 0.00  4
218.618 0.00  2
218.762 0.00  1
218.907 0.00  4
219.051 0.00  2
219.195 0.00  1
219.340 0.00  4
219.484 0.00  2
219.628 0.00  1
219.773 0.00  4
219.917 0.00  2
220.062 0.00  16
220.350 0.00  2
220.495 0.00  16
220.784 0.00  2
220.928 0.00  16
221.217 0.00  2
221.361 0.00  16
221.650 0.00  4
221.795 0.00  16
222.082 0.00  2
222.226 0.00  16
222.514 0.00  2
222.658 0.00  16
222.946 0.00  2
223.090 0.00  16
223.378 0.00  4
223.522 0.00  16
223.811 0.00  2
223.955 0.00  16
224.244 0.00  2
224.388 0.00  16
224.677 0.00  2
224.821 0.00  16
225.110 0.00  4
225.254 0.00  16
225.542 0.00  2
225.687 0.00  16
225.975 0.00  2
226.119 0.00  16
226.408 0.00  2
226.552 0.00  16
226.840 0.00  4
226.985 0.00  2
227.129 0.00  8
227.273 0.00  2
227.417 0.00  1
227.561 0.00  8
227.706 0.00  2
227.850 0.00  1
227.994 0.00  8
228.138 0.00  2
228.283 0.00  1
228.427 0.00  8
228.571 0.00  4
228.715 0.00  2
228.858 0.00  8
229.002 0.00  2
229.146 0.00  1
229.290 0.00  8
229.434 0.00  2
229.578 0.00  1
229.722 0.00  8
229.866 0.00  2
230.010 0.00  1
230.154 0.00  8
230.298 0.00  4
230.442 0.00  2
230.587 0.00  4
230.732 0.00  2
230.877 0.00  1
231.021 0.00  4
231.166 0.00  2
231.311 0.00  1
231.456 0.00  4
231.600 0.00  2
231.745 0.00  1
231.890 0.00  4
232.034 0.00  2
232.179 0.00  1
232.323 0.00  4
232.467 0.00  2
232.611 0.00  1
232.755 0.00  4
232.899 0.00  2
233.043 0.00  1
233.187 0.00  4
233.331 0.00  2
233.475 0.00  1
233.619 0.00  4
233.763 0.00  2
233.907 0.00  16
234.196 0.00  2
234.341 0.00  16
234.630 0.00  2
234.774 0.00  16
235.063 0.00  2
235.207 0.00  16
235.496 0.00  2
235.640 0.00  1
235.731 0.00  16
235.785 0.00  16
235.877 0.00  16
235.931 0.00  16
236.024 0.00  16
236.078 0.00  16
236.171 0.00  16
236.225 0.00  16
236.317 0.00  16
236.371 0.00  16
236.464 0.00  16
236.518 0.00  16
236.610 0.00  16
236.664 0.00  16
236.757 0.00  16
236.811 0.00  16
236.904 0.00  16
236.958 0.00  16
237.050 0.00  16
237.489 0.00  16
237.544 0.00  4
237.690 0.00  8
237.836 0.00  8
238.001 0.00  8
238.421 0.00  4
238.567 0.00  8
238.713 0.00  8
238.876 0.00  8
239.286 0.00  4
239.449 0.00  8
239.575 0.00  8
239.738 0.00  8
240.027 0.00  8
240.151 0.00  4
240.292 0.00  8
240.433 0.00  16
240.715 0.00  8
240.856 0.00  4
240.997 0.00  4
241.141 0.00  2
241.285 0.00  2
241.428 0.00  2
241.716 0.00  2
241.860 0.00  4
242.003 0.00  2
242.147 0.00  2
242.291 0.00  2
242.578 0.00  2
242.723 0.00  4
242.868 0.00  2
243.014 0.00  2
243.159 0.00  2
243.450 0.00  2
243.595 0.00  4
243.741 0.00  2
243.886 0.00  1
244.032 0.00  4
244.177 0.00  8
244.323 0.00  8
244.468 0.00  8
244.613 0.00  2
244.758 0.00  2
244.903 0.00  2
245.194 0.00  2
245.339 0.00  8
245.484 0.00  2
245.629 0.00  2
245.774 0.00  2
246.064 0.00  2
246.209 0.00  8
246.355 0.00  2
246.500 0.00  2
246.645 0.00  2
246.935 0.00  2
247.079 0.00  8
247.221 0.00  2
247.362 0.00  2
247.504 0.00  8
247.645 0.00  4
247.787 0.00  2
247.929 0.00  2
248.073 0.00  1
248.218 0.00  1
248.362 0.00  1
248.651 0.00  1
248.795 0.00  2
248.940 0.00  1
249.084 0.00  1
249.228 0.00  1
249.517 0.00  1
249.661 0.00  2
249.806 0.00  1
249.950 0.00  1
250.095 0.00  1
250.383 0.00  1
250.528 0.00  2
250.672 0.00  1
250.817 0.00  1
250.961 0.00  2
251.106 0.00  4
251.250 0.00  1
251.395 0.00  4
251.539 0.00  8
251.684 0.00  8
251.846 0.00  8
252.117 0.00  8
252.262 0.00  4
252.406 0.00  8
252.551 0.00  8
252.713 0.00  8
252.984 0.00  8
253.129 0.00  4
253.291 0.00  8
253.418 0.00  8
253.580 0.00  8
253.851 0.00  8
253.996 0.00  4
254.140 0.00  8
254.285 0.00  16
254.574 0.00  8
254.718 0.00  4
254.862 0.00  4
255.005 0.00  2
255.148 0.00  2
255.292 0.00  2
255.578 0.00  2
255.721 0.00  4
255.865 0.00  2
256.008 0.00  2
256.151 0.00  2
256.437 0.00  2
256.581 0.00  4
256.724 0.00  2
256.867 0.00  2
257.010 0.00  2
257.297 0.00  2
257.440 0.00  4
257.583 0.00  2
257.726 0.00  1
257.870 0.00  4
258.013 0.00  8
258.156 0.00  8
258.299 0.00  8
258.443 0.00  2
258.586 0.00  2
258.729 0.00  2
259.015 0.00  2
259.159 0.00  8
259.303 0.00  2
259.447 0.00  2
259.591 0.00  2
259.879 0.00  2
260.023 0.00  8
260.167 0.00  2
260.311 0.00  2
260.456 0.00  2
260.744 0.00  2
260.888 0.00  8
261.032 0.00  2
261.176 0.00  2
261.320 0.00  8
261.464 0.00  4
261.609 0.00  2
261.753 0.00  2
261.897 0.00  1
262.042 0.00  1
262.186 0.00  1
262.475 0.00  1
262.619 0.00  2
262.763 0.00  1
262.908 0.00  1
263.052 0.00  1
263.341 0.00  1
263.485 0.00  2
263.629 0.00  1
263.774 0.00  1
263.918 0.00  1
264.207 0.00  1
264.351 0.00  2
264.495 0.00  1
264.640 0.00  1
264.784 0.00  2
264.928 0.00  4
265.073 0.00  1
265.217 0.00  4
265.362 0.00  8
265.506 0.00  8
265.669 0.00  8
265.940 0.00  8
266.084 0.00  4
266.229 0.00  8
266.374 0.00  8
266.536 0.00  8
266.806 0.00  8
266.950 0.00  4
267.112 0.00  8
267.239 0.00  8
267.401 0.00  8
267.673 0.00  8
267.819 0.00  4
267.963 0.00  8
268.107 0.00  16
268.395 0.00  8
268.539 0.00  4
268.684 0.00  4
268.828 0.00  2
268.972 0.00  2
269.115 0.00  2
269.403 0.00  2
269.547 0.00  4
269.691 0.00  2
269.834 0.00  2
269.979 0.00  2
270.268 0.00  2
270.412 0.00  4
270.556 0.00  2
270.701 0.00  2
270.845 0.00  2
271.133 0.00  2
271.278 0.00  4
271.422 0.00  2
271.566 0.00  1
271.710 0.00  4
271.855 0.00  8
271.999 0.00  8
272.143 0.00  8
272.288 0.00  2
272.432 0.00  2
272.576 0.00  2
272.865 0.00  2
273.009 0.00  8
273.154 0.00  2
273.298 0.00  2
273.442 0.00  2
273.731 0.00  2
273.876 0.00  8
274.020 0.00  2
274.164 0.00  2
274.309 0.00  2
274.597 0.00  2
274.741 0.00  8
274.885 0.00  2
275.030 0.00  2
275.174 0.00  8
275.318 0.00  4
275.462 0.00  2
275.606 0.00  2
275.750 0.00  1
275.895 0.00  1
276.039 0.00  1
276.328 0.00  1
276.472 0.00  2
276.616 0.00  1
276.761 0.00  1
276.905 0.00  1
277.194 0.00  1
277.338 0.00  2
277.483 0.00  1
277.627 0.00  1
277.772 0.00  1
278.061 0.00  1
278.205 0.00  2
278.349 0.00  1
278.493 0.00  1
278.637 0.00  2
278.781 0.00  4
278.925 0.00  1
279.069 0.00  4
279.214 0.00  8
279.358 0.00  8
279.520 0.00  8
279.791 0.00  8
279.936 0.00  4
280.080 0.00  8
280.225 0.00  8
280.387 0.00  8
280.658 0.00  8
280.802 0.00  4
280.964 0.00  8
281.089 0.00  8
281.251 0.00  8
281.521 0.00  8
281.665 0.00  4
281.809 0.00  8
281.953 0.00  16
282.241 0.00  8
282.385 0.00  4
282.529 0.00  4
282.673 0.00  2
282.817 0.00  2
282.962 0.00  2
283.251 0.00  2
283.395 0.00  4
283.539 0.00  2
283.683 0.00  2
283.827 0.00  2
284.116 0.00  2
284.260 0.00  4
284.404 0.00  2
284.548 0.00  2
284.692 0.00  2
284.981 0.00  2
285.125 0.00  4
285.269 0.00  2
285.414 0.00  1
285.558 0.00  4
285.702 0.00  8
285.846 0.00  8
285.991 0.00  8
286.135 0.00  2
286.279 0.00  2
286.423 0.00  2
286.712 0.00  2
286.856 0.00  8
287.000 0.00  2
287.144 0.00  2
287.288 0.00  2
287.577 0.00  2
287.721 0.00  8
287.865 0.00  2
288.009 0.00  2
288.152 0.00  2
288.440 0.00  2
288.584 0.00  8
288.727 0.00  2
288.871 0.00  2
289.015 0.00  8
289.159 0.00  4
289.302 0.00  2
289.446 0.00  2
289.590 0.00  1
289.733 0.00  1
289.878 0.00  1
290.166 0.00  1
290.310 0.00  2
290.454 0.00  1
290.598 0.00  1
290.742 0.00  1
291.031 0.00  1
291.175 0.00  2
291.319 0.00  1
291.463 0.00  1
291.607 0.00  1
291.895 0.00  1
292.038 0.00  2
292.181 0.00  1
292.325 0.00  1
292.468 0.00  2
292.612 0.00  4
292.755 0.00  1
292.899 0.00  4
293.044 0.00  8
293.189 0.00  8
293.351 0.00  8
293.622 0.00  8
293.767 0.00  4
293.912 0.00  8
294.056 0.00  8
294.219 0.00  8
294.490 0.00  8
294.634 0.00  4
294.797 0.00  8
294.924 0.00  8
295.086 0.00  8
295.357 0.00  8
295.502 0.00  4
295.646 0.00  8
295.791 0.00  16
296.079 0.00  8
296.224 0.00  4
296.368 0.00  4
296.512 0.00  2
296.657 0.00  2
296.801 0.00  2
297.091 0.00  2
297.236 0.00  4
297.380 0.00  2
297.524 0.00  2
297.668 0.00  2
297.956 0.00  2
298.100 0.00  4
298.244 0.00  2
298.389 0.00  2
298.533 0.00  2
298.821 0.00  2
298.965 0.00  4
299.109 0.00  2
299.253 0.00  1
299.398 0.00  4
299.542 0.00  8
299.686 0.00  8
299.831 0.00  8
299.975 0.00  2
300.120 0.00  2
300.264 0.00  2
300.553 0.00  2
300.697 0.00  8
300.841 0.00  2
300.985 0.00  2
301.130 0.00  2
301.418 0.00  2
301.561 0.00  8
301.705 0.00  2
301.849 0.00  2
301.993 0.00  2
302.281 0.00  2
302.426 0.00  8
302.571 0.00  2
302.715 0.00  2
302.859 0.00  8
303.004 0.00  4
303.148 0.00  2
303.293 0.00  2
303.437 0.00  1
303.581 0.00  1
303.726 0.00  1
304.014 0.00  1
304.158 0.00  2
304.302 0.00  1
304.446 0.00  1
304.590 0.00  1
304.879 0.00  1
305.023 0.00  2
305.167 0.00  1
305.311 0.00  1
305.455 0.00  1
305.743 0.00  1
305.888 0.00  2
306.032 0.00  1
306.176 0.00  1
306.320 0.00  2
306.464 0.00  4
306.608 0.00  1
306.752 0.00  4
306.897 0.00  8
307.042 0.00  8
307.204 0.00  8
307.476 0.00  8
307.621 0.00  4
307.765 0.00  8
307.910 0.00  8
308.072 0.00  8
308.343 0.00  8
308.487 0.00  4
308.650 0.00  8
308.776 0.00  8
308.939 0.00  8
309.210 0.00  8
309.354 0.00  4
309.498 0.00  8
309.642 0.00  16
309.931 0.00  8
310.075 0.00  4
310.219 0.00  4
310.363 0.00  2
310.507 0.00  2
310.651 0.00  2
310.939 0.00  2
311.084 0.00  4
311.228 0.00  2
311.372 0.00  2
311.516 0.00  2
311.804 0.00  2
311.949 0.00  4
312.093 0.00  2
312.237 0.00  2
312.381 0.00  2
312.670 0.00  2
312.814 0.00  4
312.958 0.00  2
313.103 0.00  1
313.247 0.00  4
313.391 0.00  8
313.535 0.00  8
313.680 0.00  8
313.824 0.00  2
313.968 0.00  2
314.112 0.00  2
314.401 0.00  2
314.545 0.00  8
314.689 0.00  2
314.833 0.00  2
314.978 0.00  2
315.266 0.00  2
315.410 0.00  8
315.554 0.00  2
315.698 0.00  2
315.842 0.00  2
316.130 0.00  2
316.274 0.00  8
316.418 0.00  2
316.562 0.00  2
316.706 0.00  8
316.850 0.00  4
316.994 0.00  2
317.138 0.00  2
317.282 0.00  1
317.426 0.00  1
317.570 0.00  1
317.858 0.00  1
318.002 0.00  2
318.146 0.00  1
318.290 0.00  1
318.434 0.00  1
318.722 0.00  1
318.866 0.00  2
319.010 0.00  1
319.154 0.00  1
319.298 0.00  1
319.586 0.00  1
319.730 0.00  2
319.874 0.00  1
320.018 0.00  1
320.162 0.00  2
320.306 0.00  4
320.450 0.00  8
320.595 0.00  2
320.739 0.00  1
320.884 0.00  1
321.028 0.00  1
321.317 0.00  1
321.461 0.00  2
321.606 0.00  1
321.750 0.00  1
321.895 0.00  1
322.184 0.00  1
322.328 0.00  2
322.473 0.00  1
322.617 0.00  1
322.761 0.00  1
323.050 0.00  1
323.195 0.00  2
323.339 0.00  1
323.484 0.00  1
323.628 0.00  2
323.773 0.00  4
323.917 0.00  8
324.062 0.00  2
324.206 0.00  1
324.350 0.00  1
324.494 0.00  1
324.783 0.00  1
324.927 0.00  2
325.072 0.00  1
325.216 0.00  1
325.360 0.00  1
325.649 0.00  1
325.793 0.00  2
325.937 0.00  1
326.081 0.00  1
326.226 0.00  1
326.514 0.00  1
326.659 0.00  16
327.091 0.00  16
327.524 0.00  2
327.669 0.00  1
327.813 0.00  1
327.958 0.00  1
328.247 0.00  1
328.392 0.00  2
328.536 0.00  1
328.680 0.00  1
328.825 0.00  1
329.113 0.00  1
329.257 0.00  2
329.402 0.00  1
329.546 0.00  1
329.690 0.00  1
329.979 0.00  1
330.123 0.00  2
330.267 0.00  1
330.411 0.00  1
330.556 0.00  2
330.700 0.00  4
330.844 0.00  8
330.989 0.00  2
331.133 0.00  1
331.277 0.00  1
331.421 0.00  1
331.710 0.00  1
331.854 0.00  2
331.998 0.00  1
332.142 0.00  1
332.286 0.00  1
332.575 0.00  1
332.719 0.00  2
332.863 0.00  1
333.007 0.00  1
333.151 0.00  1
333.439 0.00  1
333.583 0.00  16
334.016 0.00  16
339.909 0.00  3
339.909 0.00  4

999 0 0