3.906 0.00  1
4.777 0.00  2
5.213 0.00  4
6.083 0.00  2
6.954 0.00  1
7.956 0.00  2
8.490 0.00  4
9.024 0.00  1
9.734 2.00  2
15.238 0.00  1
15.615 0.00  1
15.992 0.00  1
16.370 0.00  1
16.745 0.00  1
17.125 0.00  1
17.504 0.00  1
17.878 0.00  1
18.266 0.00  1
18.639 0.00  1
19.395 0.00  2
19.774 0.00  4
20.528 0.00  2
21.286 0.00  1
22.038 0.00  2
22.413 0.00  4
22.788 0.00  2
23.531 0.50  2
24.278 0.00  1
24.657 0.00  1
25.403 0.00  2
25.769 0.00  4
26.518 0.00  2
27.271 0.00  1
28.015 0.00  2
28.387 0.00  4
28.764 0.00  2
29.517 0.50  2
30.243 0.00  2
30.622 0.00  4
31.002 0.00  2
31.763 0.00  1
32.144 0.00  1
32.524 0.00  2
33.279 0.00  1
33.677 0.00  4
34.051 0.00  4
34.614 0.00  4
35.176 0.00  4
35.919 0.00  2
36.289 0.00  2
36.664 0.00  4
37.035 0.00  2
37.785 0.00  1
38.202 0.00  4
38.578 0.00  2
39.328 0.00  1
39.710 0.00  2
40.070 0.00  2
40.854 0.00  2
41.216 0.00  4
41.626 0.00  4
42.335 0.00  1
42.738 0.00  1
43.491 0.00  2
43.874 0.00  4
44.622 0.00  2
45.363 0.00  1
46.114 0.00  2
46.464 0.00  4
46.864 0.00  2
47.236 1.00  1
48.725 0.00  1
49.466 0.00  2
49.846 0.00  4
50.590 0.00  2
50.964 0.00  1
51.701 0.00  1
52.072 0.00  2
52.451 0.00  4
53.199 0.00  1
53.571 0.50  2
54.297 0.00  1
54.668 0.00  4
55.040 0.00  2
55.783 0.00  1
56.156 0.00  4
56.547 0.00  2
57.291 0.00  2
58.070 0.00  4
58.638 0.00  4
59.566 0.00  4
59.928 0.00  4
60.290 0.00  1
60.663 0.00  4
61.036 0.00  2
61.782 0.00  1
62.159 0.00  4
62.535 0.00  2
63.284 0.00  1
63.673 0.00  2
64.063 0.00  2
64.813 0.00  2
65.192 0.00  4
65.562 0.00  4
66.289 0.00  1
66.666 0.00  1
67.419 0.00  2
67.804 0.00  4
68.548 0.00  2
69.299 0.00  1
70.049 0.00  2
70.422 0.00  4
70.796 0.00  2
71.548 0.50  2
72.293 0.00  1
72.659 0.00  1
73.393 0.00  2
73.785 0.00  4
74.523 0.00  2
75.261 0.00  1
76.010 0.00  2
76.396 0.00  4
76.748 0.00  2
77.506 0.00  2
78.241 0.00  1
78.625 0.00  4
78.984 0.00  2
79.736 0.00  1
80.124 0.00  4
80.468 0.00  2
81.237 0.00  1
81.626 0.00  4
82.008 0.00  4
82.552 0.00  4
83.127 0.00  2
83.483 0.00  4
83.870 0.00  4
84.265 0.00  1
84.637 0.00  4
85.001 0.00  2
85.753 0.00  1
86.147 0.00  4
86.504 0.00  2
87.276 0.00  1
87.661 0.00  2
88.037 0.00  2
88.784 0.00  4
89.155 0.00  4
89.524 0.00  4
90.261 0.00  1
90.698 0.00  1
91.444 0.00  2
91.808 0.00  4
92.604 0.00  2
93.323 0.00  1
94.156 0.00  2
94.546 0.00  4
94.918 0.00  2
95.742 0.00  2
96.511 0.00  1
96.898 0.00  1
97.673 0.00  2
98.060 0.50  4
98.834 0.00  2
99.602 0.00  1
100.453 0.00  2
100.878 0.00  4
101.260 0.00  2
101.641 0.50  1
102.777 0.00  1
103.151 0.00  4
103.525 0.00  2
104.291 0.00  1
104.674 0.00  4
105.048 0.00  2
105.794 0.00  2
106.565 0.00  4
107.317 0.00  4
108.251 0.00  4
108.787 0.00  1
109.162 0.00  4
109.537 0.00  2
110.294 0.00  1
110.677 0.00  4
111.049 0.00  2
111.805 0.00  1
112.167 0.00  2
112.551 0.00  2
113.489 0.00  4
113.870 0.00  4
114.250 0.00  4
114.806 0.00  1
115.187 0.00  1
115.933 0.00  2
116.312 0.00  4
117.046 0.00  2
117.808 0.00  1
118.566 0.00  2
118.926 0.00  4
119.309 0.00  2
120.062 0.00  2
120.809 0.00  1
121.184 0.00  1
121.933 0.00  2
122.306 0.00  4
123.050 0.00  2
123.797 0.00  1
124.534 0.00  2
124.911 0.00  4
125.291 0.00  2
126.009 0.00  2
126.791 0.00  1
127.165 0.00  4
127.539 0.00  2
128.292 0.00  1
128.670 0.00  4
129.048 0.00  2
129.820 0.00  1
130.188 0.00  4
130.558 0.00  4
131.113 0.00  4
132.040 0.00  4
132.786 0.00  1
133.167 0.00  4
133.547 0.00  2
134.300 0.00  1
134.672 0.00  4
135.093 0.00  2
135.822 0.00  1
136.211 0.00  2
136.596 0.00  2
137.535 0.00  4
137.906 0.00  4
138.271 0.00  4
138.808 0.00  1
139.181 0.00  1
139.926 0.00  2
140.299 0.00  4
141.044 0.00  2
141.789 0.00  1
142.534 0.00  2
142.906 0.00  4
143.278 0.00  2
144.022 0.00  1
144.767 0.00  1
145.140 0.00  1
145.885 0.00  2
146.258 0.00  4
147.004 0.00  2
147.750 0.00  1
148.487 0.00  2
148.855 0.00  4
149.224 0.00  2
149.961 0.00  2
150.698 0.00  1
151.088 0.00  1
151.811 0.00  2
152.182 0.00  4
152.959 0.00  2
153.698 0.00  1
154.406 0.00  2
154.781 0.00  4
155.155 0.00  2
155.917 0.00  2
156.638 0.00  1
157.012 0.00  2
157.593 0.00  2
157.964 0.00  2
158.529 0.00  2
159.077 0.00  2
159.450 0.00  2
160.021 0.00  4
160.583 0.00  4
160.958 0.00  4
161.520 0.00  2
162.081 0.00  4
162.456 0.00  1
162.841 0.00  2
163.407 0.00  2
163.768 0.00  2
164.137 0.00  2
164.879 0.00  2
165.263 0.00  2
165.627 0.00  1
166.009 0.00  4
166.391 0.00  4
166.766 0.00  4
167.877 0.00  2
168.237 0.00  2
168.623 0.00  1
168.999 0.00  1
169.750 0.00  2
170.129 0.00  4
170.877 0.00  2
171.618 0.00  1
172.368 0.00  2
172.750 0.00  4
173.131 0.00  2
173.504 0.50  1
174.634 0.00  1
174.999 0.00  1
175.753 0.00  2
176.130 0.00  4
176.889 0.00  2
177.650 0.00  1
178.398 0.00  4
178.778 0.00  4
179.531 0.00  4
179.910 0.00  4
180.663 0.00  4
181.401 0.00  4
181.770 0.00  2
182.148 0.00  1
182.897 0.00  1
183.657 0.00  4
184.373 0.00  2
185.111 0.00  2
185.857 0.00  4
186.230 0.00  1
186.603 0.00  1
186.969 0.00  4
187.705 0.00  4
188.085 0.00  1
188.469 0.00  4
189.209 0.00  4
189.589 0.00  2
189.962 0.00  4
190.708 0.00  4
191.081 0.00  4
191.827 0.00  4
192.200 0.00  4
192.572 0.00  2
193.321 0.00  2
194.094 0.00  2
194.828 0.00  2
195.214 0.00  2
195.593 0.00  1
196.342 0.00  1
197.074 0.00  1
197.843 0.00  1
198.215 0.00  1
198.588 0.00  1
198.955 0.00  1
199.735 0.00  2
200.101 0.00  4
200.836 0.00  2
201.583 0.00  1
202.354 0.00  2
202.734 0.00  4
203.115 0.00  2
203.487 0.00  1
204.810 0.00  4
205.553 0.00  4
206.125 0.00  4
206.509 0.00  4
206.873 0.00  4
207.630 0.00  2
208.381 0.00  2
208.748 0.00  2
209.116 0.00  2
209.855 0.00  2
210.246 0.00  2
210.815 0.00  1
211.191 0.00  2
211.564 0.00  4
212.514 0.00  1
213.075 0.00  4
213.816 0.00  2
214.393 0.00  2
214.766 0.00  4
215.521 0.00  1
215.902 0.00  1
216.663 0.00  1
217.029 0.00  1
217.770 0.00  2
218.164 0.00  4
218.916 0.00  2
219.654 0.00  1
220.412 0.00  2
220.790 0.00  4
221.169 0.00  2
221.560 0.00  1
222.343 0.00  1
222.735 0.00  1
223.171 0.00  1
223.917 0.00  2
224.282 0.00  4
225.078 0.00  2
225.796 0.00  1
226.629 0.00  2
227.019 0.00  4
227.391 0.00  2
227.803 1.00  1
228.984 0.00  2

999 0 0