3.906 0.00  1
4.342 0.00  2
4.777 0.00  4
5.213 0.00  8
5.648 0.00  4
6.083 0.00  4
6.519 0.00  2
6.954 0.00  2
7.423 0.00  1
7.956 0.00  2
8.490 0.00  4
9.024 0.00  1
9.379 0.00  8
9.734 0.00  8
10.088 1.50  2
15.426 0.00  3
15.804 0.00  3
16.181 0.00  3
16.557 0.00  3
16.935 0.00  3
17.314 0.00  3
17.691 0.00  3
18.072 0.00  3
18.639 0.00  1
19.017 0.00  2
19.395 0.00  4
19.774 0.00  8
20.152 0.00  4
20.528 0.00  4
20.904 0.00  2
21.286 0.00  2
21.662 0.00  1
22.038 0.00  2
22.413 0.00  4
22.788 0.00  2
23.162 0.00  1
23.531 0.50  2
24.278 0.00  1
24.657 0.00  1
25.036 0.00  2
25.403 0.00  4
25.769 0.00  8
26.148 0.00  4
26.518 0.00  4
26.891 0.00  2
27.271 0.00  2
27.649 0.00  1
28.015 0.00  2
28.387 0.00  4
28.764 0.00  2
29.141 0.00  1
29.517 0.50  2
30.243 0.00  2
30.622 0.00  8
31.002 0.00  6
31.763 0.00  2
32.144 0.00  2
32.524 0.00  6
33.279 0.00  2
33.677 0.00  8
34.051 0.00  8
34.239 0.00  8
34.614 0.00  8
35.176 0.00  8
35.549 0.00  8
35.734 0.00  8
35.919 0.00  4
36.289 0.00  4
36.664 0.00  8
37.035 0.00  6
37.785 0.00  1
38.202 0.00  4
38.578 0.00  6
39.328 0.00  2
39.710 0.00  4
40.070 0.00  4
40.274 0.00  4
40.854 0.00  4
41.216 0.00  8
41.626 0.00  8
41.804 0.00  8
41.982 0.00  2
42.335 0.00  1
42.738 0.00  1
43.125 0.00  2
43.491 0.00  4
43.874 0.00  8
44.251 0.00  4
44.622 0.00  4
44.994 0.00  2
45.363 0.00  2
45.725 0.00  1
46.114 0.00  2
46.464 0.00  4
46.864 0.00  2
47.236 1.00  1
48.725 0.00  1
49.087 0.00  2
49.466 0.00  4
49.846 0.00  8
50.225 0.00  4
50.590 0.00  4
50.964 0.00  2
51.331 0.00  2
51.701 0.00  1
52.072 0.00  2
52.451 0.00  4
52.823 0.00  1
53.199 0.00  1
53.571 0.50  2
54.297 0.00  2
54.668 0.00  8
55.040 0.00  6
55.783 0.00  1
56.156 0.00  4
56.547 0.00  6
57.291 0.00  2
57.689 0.00  8
58.070 0.00  8
58.260 0.00  8
58.638 0.00  8
59.203 0.00  4
59.566 0.00  8
59.928 0.00  8
60.109 0.00  8
60.290 0.00  2
60.663 0.00  8
61.036 0.00  6
61.782 0.00  1
62.159 0.00  4
62.535 0.00  6
63.284 0.00  2
63.673 0.00  4
64.063 0.00  4
64.243 0.00  4
64.813 0.00  4
65.192 0.00  8
65.562 0.00  8
65.733 0.00  8
65.905 0.00  4
66.289 0.00  1
66.666 0.00  1
67.043 0.00  2
67.419 0.00  4
67.804 0.00  8
68.179 0.00  4
68.548 0.00  4
68.918 0.00  2
69.299 0.00  2
69.676 0.00  1
70.049 0.00  2
70.422 0.00  4
70.796 0.00  2
71.172 0.00  1
71.548 0.50  2
72.293 0.00  1
72.659 0.00  1
73.026 0.00  2
73.393 0.00  4
73.785 0.00  8
74.154 0.00  4
74.523 0.00  4
74.886 0.00  2
75.261 0.00  2
75.647 0.00  1
76.010 0.00  2
76.396 0.00  4
76.748 0.00  2
77.148 0.00  1
77.506 0.00  2
77.888 0.00  2
78.241 0.00  2
78.625 0.00  8
78.984 0.00  6
79.736 0.00  1
80.124 0.00  4
80.468 0.00  6
81.237 0.00  2
81.626 0.00  8
82.008 0.00  8
82.197 0.00  8
82.552 0.00  8
83.127 0.00  4
83.483 0.00  8
83.870 0.00  8
84.068 0.00  8
84.265 0.00  2
84.637 0.00  8
85.001 0.00  6
85.388 0.00  6
85.753 0.00  2
86.147 0.00  4
86.504 0.00  6
87.093 0.00  4
87.276 0.00  2
87.661 0.00  4
88.037 0.00  4
88.225 0.00  4
88.599 0.00  4
88.784 0.00  8
89.155 0.00  8
89.524 0.00  8
89.708 0.00  8
90.077 0.00  4
90.261 0.00  1
90.698 0.00  1
91.052 0.00  2
91.444 0.00  4
91.808 0.00  8
92.206 0.00  4
92.604 0.00  4
92.964 0.00  2
93.323 0.00  2
93.739 0.00  1
94.156 0.00  2
94.546 0.00  4
94.918 0.00  2
95.330 0.00  1
95.742 0.00  2
96.146 0.00  2
96.511 0.00  1
96.898 0.00  1
97.285 0.00  2
97.673 0.00  4
98.060 0.50  8
98.834 0.00  4
99.222 0.00  2
99.602 0.00  2
100.027 0.00  1
100.453 0.00  2
100.878 0.00  4
101.260 0.00  2
101.641 0.50  1
102.777 0.00  2
103.151 0.00  8
103.525 0.00  6
103.908 0.00  6
104.291 0.00  2
104.674 0.00  4
105.048 0.00  6
105.607 0.00  4
105.794 0.00  2
106.186 0.00  4
106.565 0.00  8
106.944 0.00  8
107.317 0.00  8
107.690 0.00  2
108.251 0.00  8
108.612 0.00  8
108.787 0.00  2
109.162 0.00  8
109.537 0.00  6
109.912 0.00  6
110.294 0.00  1
110.677 0.00  4
111.049 0.00  6
111.613 0.00  4
111.805 0.00  2
112.167 0.00  4
112.551 0.00  4
112.742 0.00  4
113.122 0.00  8
113.310 0.00  4
113.489 0.00  8
113.870 0.00  8
114.250 0.00  8
114.616 0.00  4
114.806 0.00  1
115.187 0.00  1
115.569 0.00  2
115.933 0.00  4
116.312 0.00  8
116.686 0.00  4
117.046 0.00  4
117.423 0.00  2
117.808 0.00  2
118.181 0.00  1
118.566 0.00  2
118.926 0.00  4
119.309 0.00  2
119.697 0.00  1
120.062 0.00  2
120.432 0.00  4
120.620 0.00  2
120.809 0.00  1
121.184 0.00  1
121.560 0.00  2
121.933 0.00  4
122.306 0.00  8
122.681 0.00  4
123.050 0.00  4
123.408 0.00  2
123.797 0.00  2
124.168 0.00  1
124.534 0.00  2
124.911 0.00  4
125.291 0.00  2
125.667 0.00  1
126.009 0.00  2
126.407 0.00  4
126.599 0.00  2
126.791 0.00  2
127.165 0.00  8
127.539 0.00  6
128.292 0.00  1
128.670 0.00  4
129.048 0.00  6
129.820 0.00  2
130.188 0.00  8
130.558 0.00  8
130.744 0.00  8
131.113 0.00  8
131.663 0.00  2
132.040 0.00  8
132.420 0.00  2
132.603 0.00  8
132.786 0.00  2
133.167 0.00  8
133.547 0.00  6
133.928 0.00  6
134.300 0.00  1
134.672 0.00  4
135.093 0.00  6
135.448 0.00  2
135.822 0.00  2
136.211 0.00  4
136.596 0.00  4
136.789 0.00  4
137.166 0.00  8
137.535 0.00  8
137.906 0.00  8
138.271 0.00  8
138.629 0.00  2
138.808 0.00  1
139.181 0.00  1
139.554 0.00  2
139.926 0.00  4
140.299 0.00  8
140.671 0.00  4
141.044 0.00  2
141.417 0.00  4
141.789 0.00  2
142.161 0.00  1
142.534 0.00  2
142.906 0.00  4
143.278 0.00  2
143.650 0.00  1
144.022 0.00  1
144.395 0.00  1
144.581 0.00  2
144.767 0.00  1
145.140 0.00  1
145.513 0.00  2
145.885 0.00  4
146.258 0.00  8
146.631 0.00  4
147.004 0.00  2
147.377 0.00  4
147.750 0.00  2
148.118 0.00  1
148.487 0.00  2
148.855 0.00  4
149.224 0.00  2
149.593 0.00  6
149.961 0.00  6
150.330 0.00  6
150.698 0.00  1
151.088 0.00  1
151.449 0.00  2
151.811 0.00  4
152.182 0.00  8
152.574 0.00  4
152.959 0.00  2
153.315 0.00  4
153.698 0.00  2
154.052 0.00  1
154.406 0.00  2
154.781 0.00  4
155.155 0.00  2
155.536 0.00  1
155.917 0.00  2
156.278 0.00  2
156.638 0.00  1
157.012 0.00  4
157.407 0.00  4
157.593 0.00  4
157.964 0.00  4
158.339 0.00  4
158.529 0.00  4
158.901 0.00  4
159.077 0.00  4
159.450 0.00  4
159.647 0.00  2
160.021 0.00  8
160.396 0.00  8
160.770 0.00  8
160.958 0.00  8
161.145 0.00  8
161.520 0.00  4
161.894 0.00  8
162.081 0.00  8
162.269 0.00  2
162.643 0.00  2
163.040 0.00  4
163.223 0.00  4
163.407 0.00  4
163.768 0.00  4
164.137 0.00  4
164.515 0.00  4
164.697 0.00  4
164.879 0.00  4
165.263 0.00  4
165.627 0.00  2
166.009 0.00  8
166.200 0.00  8
166.391 0.00  8
166.766 0.00  8
167.140 0.00  8
167.515 0.00  8
167.877 0.00  4
168.237 0.00  4
168.430 0.00  2
168.623 0.00  1
168.999 0.00  1
169.380 0.00  2
169.750 0.00  4
170.129 0.00  8
170.502 0.00  4
170.877 0.00  4
171.262 0.00  2
171.618 0.00  2
171.993 0.00  1
172.368 0.00  2
172.750 0.00  4
173.131 0.00  2
173.504 0.50  1
174.634 0.00  1
174.999 0.00  1
175.376 0.00  2
175.753 0.00  4
176.130 0.00  8
176.531 0.00  4
176.889 0.00  4
177.270 0.00  2
177.650 0.00  2
178.211 0.00  8
178.398 0.00  8
178.778 0.00  8
179.158 0.00  8
179.344 0.00  8
179.531 0.00  8
179.910 0.00  8
180.286 0.00  8
180.663 0.00  8
181.033 0.00  8
181.217 0.00  4
181.401 0.00  8
181.770 0.00  4
182.148 0.00  2
182.526 0.00  2
182.897 0.00  1
183.276 0.00  4
183.657 0.00  4
184.015 0.00  2
184.194 0.00  1
184.373 0.00  2
184.742 0.00  2
184.926 0.00  1
185.111 0.00  2
185.484 0.00  2
185.671 0.00  8
185.857 0.00  4
186.044 0.00  2
186.230 0.00  1
186.603 0.00  1
186.969 0.00  4
187.344 0.00  4
187.525 0.00  4
187.705 0.00  4
188.085 0.00  1
188.469 0.00  4
188.654 0.00  4
188.839 0.00  4
189.209 0.00  4
189.589 0.00  2
189.962 0.00  8
190.149 0.00  8
190.335 0.00  8
190.708 0.00  8
191.081 0.00  8
191.454 0.00  8
191.827 0.00  8
192.013 0.00  8
192.200 0.00  8
192.769 0.00  4
193.143 0.00  4
193.321 0.00  4
193.708 0.00  4
194.094 0.00  4
194.465 0.00  4
194.647 0.00  4
194.828 0.00  4
195.214 0.00  4
195.593 0.00  2
195.965 0.00  2
196.153 0.00  2
196.342 0.00  2
196.705 0.00  2
197.074 0.00  2
197.477 0.00  2
197.660 0.00  2
197.843 0.00  2
198.215 0.00  2
198.402 0.00  4
198.588 0.00  1
198.955 0.00  1
199.338 0.00  2
199.735 0.00  4
200.101 0.00  8
200.455 0.00  4
200.836 0.00  4
201.206 0.00  2
201.583 0.00  2
201.981 0.00  1
202.354 0.00  2
202.734 0.00  4
203.115 0.00  2
203.487 0.00  1
203.864 0.00  2
204.246 0.00  4
204.619 0.00  2
204.810 0.00  8
205.174 0.00  8
205.553 0.00  8
205.942 0.00  8
206.125 0.00  8
206.317 0.00  8
206.509 0.00  8
206.691 0.00  8
206.873 0.00  8
207.256 0.00  8
207.630 0.00  4
207.804 0.00  4
207.978 0.00  4
208.180 0.00  4
208.381 0.00  4
208.565 0.00  4
208.748 0.00  4
208.932 0.00  4
209.116 0.00  4
209.492 0.00  4
209.674 0.00  4
209.855 0.00  4
210.246 0.00  4
210.626 0.00  1
210.815 0.00  2
211.191 0.00  4
211.564 0.00  8
212.125 0.00  4
212.514 0.00  2
212.888 0.00  4
213.075 0.00  8
213.816 0.00  4
214.200 0.00  2
214.393 0.00  4
214.766 0.00  8
215.140 0.00  4
215.521 0.00  2
215.902 0.00  2
216.156 0.00  4
216.409 0.00  4
216.663 0.00  1
217.029 0.00  1
217.394 0.00  2
217.770 0.00  4
218.164 0.00  8
218.548 0.00  4
218.916 0.00  4
219.285 0.00  2
219.654 0.00  2
220.033 0.00  1
220.412 0.00  2
220.790 0.00  4
221.169 0.00  2
221.560 0.00  1
221.952 0.00  2
222.343 0.00  1
222.735 0.00  1
223.171 0.00  1
223.525 0.00  2
223.917 0.00  4
224.282 0.00  8
224.680 0.00  4
225.078 0.00  4
225.438 0.00  2
225.796 0.00  2
226.212 0.00  1
226.629 0.00  2
227.019 0.00  4
227.391 0.00  2
227.803 1.00  1
228.984 0.00  2

999 0 0