3.906 0.00  2
4.124 0.00  1
4.342 0.00  4
4.559 0.00  1
4.777 0.00  8
4.995 0.00  1
5.430 0.00  1
5.648 0.00  8
5.866 0.00  1
6.083 0.00  4
6.519 0.00  3
6.954 0.00  2
7.188 0.00  1
7.423 0.00  1
7.956 0.00  2
8.490 0.00  4
9.024 0.00  1
9.142 0.00  2
9.261 0.00  4
9.379 0.00  12
9.734 0.00  8
9.852 0.00  4
9.970 0.00  1
10.088 1.50  2
15.238 0.00  1
15.426 0.00  5
15.473 0.00  5
15.615 0.00  1
15.804 0.00  5
15.851 0.00  5
15.992 0.00  1
16.181 0.00  5
16.228 0.00  5
16.370 0.00  1
16.557 0.00  5
16.603 0.00  5
16.745 0.00  1
16.935 0.00  5
16.982 0.00  5
17.125 0.00  1
17.314 0.00  5
17.361 0.00  5
17.504 0.00  1
17.691 0.00  5
17.737 0.00  5
17.878 0.00  1
18.072 0.00  5
18.120 0.00  5
18.266 0.00  1
18.452 0.00  5
18.498 0.00  5
18.639 0.00  2
18.828 0.00  1
19.017 0.00  4
19.206 0.00  1
19.395 0.00  8
19.584 0.00  1
19.963 0.00  1
20.152 0.00  8
20.340 0.00  1
20.528 0.00  4
20.716 0.00  1
20.904 0.00  2
21.095 0.00  1
21.286 0.00  2
21.474 0.00  1
21.662 0.00  1
21.850 0.00  1
22.038 0.00  2
22.226 0.00  1
22.413 0.00  4
22.601 0.00  1
22.788 0.00  2
22.882 0.00  1
23.162 0.00  1
23.531 0.00  1
23.624 0.00  2
24.278 0.00  4
24.468 0.00  1
24.657 0.00  2
24.847 0.00  1
25.036 0.00  4
25.220 0.00  1
25.403 0.00  8
25.586 0.00  1
25.958 0.00  1
26.148 0.00  8
26.333 0.00  1
26.518 0.00  4
26.705 0.00  1
26.891 0.00  2
27.081 0.00  1
27.271 0.00  2
27.460 0.00  1
27.649 0.00  1
27.832 0.00  1
28.015 0.00  2
28.201 0.00  1
28.387 0.00  4
28.576 0.00  1
28.764 0.00  2
28.859 0.00  1
29.141 0.00  1
29.517 0.00  1
29.612 0.00  2
30.243 0.00  3
30.622 0.00  12
31.002 0.00  6
31.763 0.00  1
31.954 0.00  4
32.144 0.00  1
32.524 0.00  6
33.091 0.00  4
33.185 0.00  2
33.279 0.00  1
33.478 0.00  1
33.677 0.00  5
33.723 0.00  5
33.864 0.00  1
34.051 0.00  5
34.097 0.00  5
34.239 0.00  5
34.285 0.00  5
34.426 0.00  1
34.614 0.00  5
34.988 0.00  5
34.988 0.00  5
35.034 0.00  5
35.176 0.00  5
35.222 0.00  5
35.362 0.00  1
35.549 0.00  5
35.595 0.00  5
35.734 0.00  5
35.780 0.00  5
35.919 0.00  1
36.104 0.00  5
36.150 0.00  5
36.289 0.00  1
36.664 0.00  12
37.035 0.00  6
37.599 0.00  2
37.785 0.00  1
37.994 0.00  2
38.202 0.00  4
38.578 0.00  6
39.147 0.00  4
39.237 0.00  2
39.328 0.00  1
39.519 0.00  1
39.710 0.00  10
40.070 0.00  10
40.274 0.00  10
40.666 0.00  4
40.854 0.00  6
41.035 0.00  4
41.216 0.00  16
41.626 0.00  16
41.804 0.00  16
41.982 0.00  4
42.158 0.00  4
42.247 0.00  2
42.335 0.00  1
42.537 0.00  1
42.738 0.00  2
42.931 0.00  1
43.125 0.00  4
43.308 0.00  1
43.491 0.00  8
43.682 0.00  1
44.062 0.00  1
44.251 0.00  8
44.437 0.00  1
44.622 0.00  4
44.808 0.00  1
44.994 0.00  2
45.178 0.00  1
45.363 0.00  2
45.544 0.00  1
45.725 0.00  1
45.920 0.00  1
46.114 0.00  2
46.289 0.00  1
46.464 0.00  4
46.664 0.00  1
46.864 0.00  2
46.957 0.00  1
47.236 1.00  1
48.725 0.00  2
48.906 0.00  1
49.087 0.00  4
49.277 0.00  1
49.466 0.00  8
49.656 0.00  1
50.035 0.00  1
50.225 0.00  8
50.408 0.00  1
50.590 0.00  4
50.777 0.00  1
50.964 0.00  2
51.148 0.00  1
51.331 0.00  2
51.516 0.00  1
51.701 0.00  1
51.887 0.00  1
52.072 0.00  2
52.261 0.00  1
52.451 0.00  4
52.637 0.00  1
52.823 0.00  2
52.917 0.00  1
53.199 0.00  1
53.571 0.00  1
53.663 0.00  2
54.297 0.00  1
54.482 0.00  2
54.668 0.00  12
54.854 0.00  2
55.040 0.00  6
55.597 0.00  2
55.783 0.00  1
55.970 0.00  2
56.156 0.00  12
56.547 0.00  6
57.114 0.00  4
57.202 0.00  2
57.291 0.00  1
57.689 0.00  5
57.736 0.00  5
58.070 0.00  5
58.117 0.00  5
58.260 0.00  5
58.307 0.00  5
58.638 0.00  5
59.014 0.00  5
59.015 0.00  1
59.203 0.00  2
59.384 0.00  4
59.566 0.00  2
59.747 0.00  1
59.928 0.00  5
59.973 0.00  5
60.109 0.00  5
60.154 0.00  5
60.290 0.00  1
60.663 0.00  12
61.036 0.00  6
61.596 0.00  2
61.782 0.00  1
61.970 0.00  2
62.159 0.00  4
62.535 0.00  6
63.084 0.00  2
63.284 0.00  3
63.479 0.00  3
63.673 0.00  10
64.063 0.00  10
64.243 0.00  10
64.618 0.00  4
64.813 0.00  6
65.192 0.00  16
65.562 0.00  16
65.733 0.00  16
65.905 0.00  4
66.097 0.00  8
66.289 0.00  3
66.666 0.00  2
66.854 0.00  1
67.043 0.00  4
67.231 0.00  1
67.419 0.00  8
67.611 0.00  1
67.991 0.00  1
68.179 0.00  8
68.364 0.00  1
68.548 0.00  4
68.733 0.00  1
68.918 0.00  2
69.109 0.00  1
69.299 0.00  2
69.488 0.00  1
69.676 0.00  1
69.863 0.00  1
70.049 0.00  2
70.236 0.00  1
70.422 0.00  4
70.609 0.00  1
70.796 0.00  2
70.890 0.00  1
71.172 0.00  1
71.548 0.00  1
71.609 0.00  2
72.293 0.00  4
72.476 0.00  1
72.659 0.00  2
72.843 0.00  1
73.026 0.00  4
73.209 0.00  1
73.393 0.00  8
73.589 0.00  1
73.969 0.00  1
74.154 0.00  8
74.339 0.00  1
74.523 0.00  4
74.705 0.00  1
74.886 0.00  2
75.073 0.00  1
75.261 0.00  2
75.454 0.00  1
75.647 0.00  1
75.828 0.00  1
76.010 0.00  2
76.203 0.00  1
76.396 0.00  4
76.572 0.00  1
76.748 0.00  2
76.848 0.00  1
77.148 0.00  1
77.506 0.00  1
77.602 0.00  2
77.888 0.00  2
78.064 0.00  1
78.241 0.00  1
78.625 0.00  12
78.984 0.00  6
79.555 0.00  2
79.736 0.00  1
79.930 0.00  2
80.124 0.00  4
80.468 0.00  6
81.054 0.00  4
81.146 0.00  2
81.237 0.00  1
81.626 0.00  5
81.673 0.00  5
82.008 0.00  5
82.055 0.00  5
82.197 0.00  5
82.244 0.00  5
82.387 0.00  1
82.552 0.00  5
82.922 0.00  5
82.922 0.00  1
83.127 0.00  2
83.305 0.00  4
83.483 0.00  2
83.677 0.00  1
83.870 0.00  5
83.919 0.00  5
84.068 0.00  5
84.117 0.00  5
84.265 0.00  4
84.451 0.00  1
84.637 0.00  12
85.001 0.00  4
85.195 0.00  2
85.388 0.00  6
85.753 0.00  3
86.147 0.00  12
86.504 0.00  6
87.093 0.00  4
87.184 0.00  2
87.276 0.00  1
87.468 0.00  1
87.661 0.00  10
88.037 0.00  10
88.225 0.00  10
88.599 0.00  2
88.784 0.00  16
89.155 0.00  16
89.524 0.00  16
89.708 0.00  16
90.077 0.00  4
90.261 0.00  3
90.698 0.00  2
91.052 0.00  4
91.444 0.00  8
91.808 0.00  8
92.206 0.00  8
92.405 0.00  1
92.604 0.00  4
92.964 0.00  2
93.323 0.00  2
93.739 0.00  1
94.156 0.00  2
94.546 0.00  4
94.918 0.00  2
95.021 0.00  1
95.330 0.00  1
95.742 0.00  1
95.843 0.00  2
96.146 0.00  2
96.511 0.00  3
96.898 0.00  2
97.285 0.00  4
97.673 0.00  8
98.060 0.00  8
98.253 0.00  8
98.834 0.00  4
99.222 0.00  2
99.602 0.00  2
99.708 0.00  4
99.815 0.00  2
100.027 0.00  1
100.453 0.00  2
100.878 0.00  4
101.260 0.00  2
101.355 0.00  1
101.641 0.50  1
102.777 0.00  1
103.151 0.00  12
103.338 0.00  2
103.525 0.00  6
103.908 0.00  6
104.100 0.00  2
104.291 0.00  1
104.483 0.00  2
104.674 0.00  12
105.048 0.00  6
105.607 0.00  4
105.794 0.00  1
106.186 0.00  5
106.376 0.00  1
106.565 0.00  5
106.612 0.00  5
106.754 0.00  1
106.944 0.00  5
106.990 0.00  5
107.130 0.00  1
107.317 0.00  5
107.690 0.00  5
107.690 0.00  1
107.878 0.00  2
108.065 0.00  4
108.251 0.00  2
108.437 0.00  1
108.612 0.00  5
108.655 0.00  5
108.787 0.00  1
109.162 0.00  12
109.537 0.00  6
109.912 0.00  6
110.103 0.00  2
110.294 0.00  1
110.486 0.00  2
110.677 0.00  12
111.049 0.00  6
111.613 0.00  2
111.805 0.00  1
111.986 0.00  2
112.167 0.00  10
112.551 0.00  10
112.742 0.00  10
113.122 0.00  10
113.310 0.00  4
113.489 0.00  16
113.667 0.00  2
113.870 0.00  16
114.073 0.00  4
114.250 0.00  16
114.426 0.00  2
114.616 0.00  4
114.806 0.00  3
115.187 0.00  2
115.378 0.00  1
115.569 0.00  4
115.751 0.00  1
115.933 0.00  8
116.123 0.00  1
116.499 0.00  1
116.686 0.00  8
116.866 0.00  1
117.046 0.00  4
117.234 0.00  1
117.423 0.00  2
117.615 0.00  1
117.808 0.00  2
117.994 0.00  1
118.181 0.00  1
118.374 0.00  1
118.566 0.00  2
118.746 0.00  1
118.926 0.00  4
119.117 0.00  1
119.309 0.00  2
119.406 0.00  1
119.697 0.00  1
120.062 0.00  1
120.154 0.00  2
120.432 0.00  4
120.620 0.00  2
120.809 0.00  2
120.997 0.00  1
121.184 0.00  2
121.372 0.00  1
121.560 0.00  4
121.747 0.00  1
121.933 0.00  8
122.120 0.00  1
122.494 0.00  1
122.681 0.00  8
122.866 0.00  1
123.050 0.00  4
123.229 0.00  1
123.408 0.00  2
123.602 0.00  1
123.797 0.00  2
123.983 0.00  1
124.168 0.00  1
124.351 0.00  1
124.534 0.00  2
124.722 0.00  1
124.911 0.00  4
125.101 0.00  1
125.291 0.00  2
125.385 0.00  1
125.667 0.00  1
126.009 0.00  1
126.109 0.00  2
126.407 0.00  4
126.599 0.00  2
126.791 0.00  3
127.165 0.00  12
127.539 0.00  6
127.913 0.00  2
128.102 0.00  6
128.292 0.00  1
128.481 0.00  2
128.670 0.00  12
129.048 0.00  6
129.426 0.00  2
129.623 0.00  4
129.721 0.00  2
129.820 0.00  1
130.004 0.00  1
130.188 0.00  5
130.234 0.00  5
130.373 0.00  1
130.558 0.00  5
130.604 0.00  5
130.744 0.00  5
130.790 0.00  5
130.929 0.00  1
131.113 0.00  5
131.480 0.00  5
131.480 0.00  5
131.525 0.00  5
131.663 0.00  1
131.852 0.00  2
132.040 0.00  4
132.230 0.00  2
132.420 0.00  1
132.603 0.00  5
132.648 0.00  5
132.786 0.00  5
133.166 0.00  5
133.167 0.00  12
133.547 0.00  6
133.928 0.00  6
134.114 0.00  2
134.300 0.00  1
134.486 0.00  2
134.672 0.00  4
135.093 0.00  6
135.270 0.00  2
135.448 0.00  1
135.635 0.00  2
135.822 0.00  1
136.017 0.00  10
136.211 0.00  10
136.596 0.00  10
136.789 0.00  10
137.166 0.00  4
137.350 0.00  2
137.535 0.00  16
137.719 0.00  4
137.906 0.00  16
138.093 0.00  2
138.271 0.00  16
138.449 0.00  4
138.629 0.00  2
138.808 0.00  3
139.181 0.00  2
139.367 0.00  1
139.554 0.00  4
139.740 0.00  1
139.926 0.00  8
140.113 0.00  1
140.485 0.00  1
140.671 0.00  8
140.858 0.00  1
141.044 0.00  4
141.230 0.00  1
141.417 0.00  8
141.603 0.00  1
141.789 0.00  2
141.975 0.00  1
142.161 0.00  1
142.347 0.00  1
142.534 0.00  2
142.720 0.00  1
142.906 0.00  4
143.092 0.00  1
143.278 0.00  2
143.464 0.00  1
143.650 0.00  1
144.022 0.00  1
144.208 0.00  4
144.395 0.00  1
144.581 0.00  2
144.767 0.00  3
145.140 0.00  2
145.513 0.00  4
145.885 0.00  8
146.258 0.00  8
146.631 0.00  8
147.004 0.00  4
147.377 0.00  8
147.750 0.00  2
148.118 0.00  1
148.487 0.00  2
148.855 0.00  4
149.224 0.00  2
149.593 0.00  5
149.639 0.00  5
149.715 0.00  5
149.761 0.00  5
149.838 0.00  5
149.884 0.00  5
149.961 0.00  5
150.007 0.00  5
150.084 0.00  5
150.130 0.00  5
150.207 0.00  5
150.253 0.00  5
150.330 0.00  5
150.376 0.00  5
150.452 0.00  5
150.498 0.00  5
150.575 0.00  5
150.621 0.00  5
150.698 0.00  3
151.088 0.00  2
151.449 0.00  4
151.811 0.00  8
152.182 0.00  8
152.574 0.00  8
152.959 0.00  4
153.315 0.00  8
153.698 0.00  2
154.052 0.00  1
154.406 0.00  2
154.781 0.00  4
155.155 0.00  4
155.251 0.00  2
155.536 0.00  1
155.917 0.00  2
156.278 0.00  2
156.398 0.00  4
156.518 0.00  2
156.638 0.00  3
157.012 0.00  6
157.407 0.00  6
157.593 0.00  6
157.779 0.00  2
157.964 0.00  6
158.149 0.00  2
158.339 0.00  6
158.529 0.00  6
158.901 0.00  6
159.077 0.00  6
159.254 0.00  2
159.450 0.00  6
159.647 0.00  1
159.834 0.00  2
160.021 0.00  12
160.396 0.00  12
160.583 0.00  12
160.770 0.00  4
160.958 0.00  12
161.145 0.00  12
161.332 0.00  12
161.520 0.00  4
161.894 0.00  12
162.081 0.00  12
162.269 0.00  2
162.456 0.00  4
162.643 0.00  2
162.841 0.00  6
163.040 0.00  2
163.223 0.00  6
163.407 0.00  6
163.768 0.00  6
164.137 0.00  6
164.515 0.00  6
164.697 0.00  6
164.879 0.00  6
165.071 0.00  6
165.263 0.00  6
165.445 0.00  2
165.627 0.00  1
166.009 0.00  12
166.200 0.00  12
166.391 0.00  12
166.578 0.00  12
166.766 0.00  12
166.891 0.00  12
167.015 0.00  12
167.140 0.00  12
167.515 0.00  12
167.877 0.00  4
168.057 0.00  8
168.237 0.00  4
168.430 0.00  2
168.623 0.00  3
168.999 0.00  2
169.380 0.00  4
169.750 0.00  8
170.129 0.00  8
170.502 0.00  8
170.877 0.00  4
171.262 0.00  2
171.618 0.00  2
171.993 0.00  1
172.368 0.00  2
172.750 0.00  4
173.131 0.00  4
173.224 0.00  2
173.504 0.50  1
174.445 0.00  4
174.540 0.00  2
174.634 0.00  1
174.999 0.00  2
175.376 0.00  4
175.753 0.00  8
176.130 0.00  8
176.531 0.00  8
176.889 0.00  4
177.270 0.00  2
177.650 0.00  2
177.837 0.00  16
178.211 0.00  16
178.398 0.00  16
178.588 0.00  16
178.778 0.00  16
179.158 0.00  16
179.344 0.00  16
179.531 0.00  16
179.910 0.00  16
180.098 0.00  16
180.286 0.00  16
180.663 0.00  8
181.033 0.00  8
181.217 0.00  4
181.401 0.00  8
181.586 0.00  4
181.770 0.00  4
181.959 0.00  2
182.148 0.00  2
182.337 0.00  4
182.526 0.00  2
182.897 0.00  1
182.992 0.00  1
183.087 0.00  2
183.276 0.00  4
183.371 0.00  4
183.466 0.00  8
183.657 0.00  4
183.836 0.00  4
184.015 0.00  2
184.194 0.00  1
184.373 0.00  2
184.558 0.00  4
184.742 0.00  2
184.926 0.00  1
185.111 0.00  2
185.297 0.00  1
185.484 0.00  2
185.671 0.00  8
185.857 0.00  4
186.044 0.00  2
186.230 0.00  1
186.416 0.00  2
186.603 0.00  3
186.786 0.00  3
186.969 0.00  12
187.157 0.00  12
187.344 0.00  12
187.525 0.00  12
187.705 0.00  12
188.085 0.00  3
188.469 0.00  12
188.654 0.00  12
188.839 0.00  12
189.209 0.00  12
189.589 0.00  6
189.962 0.00  16
190.149 0.00  16
190.335 0.00  16
190.522 0.00  16
190.708 0.00  16
190.895 0.00  16
191.081 0.00  16
191.268 0.00  16
191.454 0.00  16
191.827 0.00  16
192.013 0.00  16
192.200 0.00  16
192.572 0.00  4
192.769 0.00  12
192.966 0.00  4
193.143 0.00  12
193.321 0.00  12
193.708 0.00  12
193.901 0.00  12
194.094 0.00  12
194.465 0.00  12
194.647 0.00  12
194.828 0.00  12
195.021 0.00  12
195.214 0.00  12
195.403 0.00  12
195.593 0.00  6
195.965 0.00  6
196.153 0.00  6
196.342 0.00  6
196.705 0.00  6
196.828 0.00  6
196.951 0.00  6
197.074 0.00  6
197.477 0.00  6
197.599 0.00  6
197.721 0.00  6
197.843 0.00  6
198.029 0.00  4
198.215 0.00  2
198.402 0.00  4
198.588 0.00  2
198.771 0.00  1
198.955 0.00  2
199.147 0.00  1
199.338 0.00  4
199.537 0.00  1
199.735 0.00  8
199.918 0.00  1
200.278 0.00  1
200.455 0.00  8
200.645 0.00  1
200.836 0.00  4
201.021 0.00  1
201.206 0.00  2
201.394 0.00  1
201.583 0.00  2
201.782 0.00  1
201.981 0.00  1
202.167 0.00  1
202.354 0.00  2
202.544 0.00  1
202.734 0.00  4
202.924 0.00  1
203.115 0.00  2
203.208 0.00  1
203.487 0.00  1
203.864 0.00  1
203.959 0.00  2
204.246 0.00  4
204.432 0.00  2
204.619 0.00  1
204.810 0.00  5
204.857 0.00  5
205.000 0.00  1
205.174 0.00  5
205.217 0.00  5
205.347 0.00  1
205.553 0.00  5
205.604 0.00  5
205.760 0.00  1
205.942 0.00  5
205.987 0.00  5
206.125 0.00  5
206.173 0.00  5
206.253 0.00  5
206.301 0.00  5
206.381 0.00  5
206.429 0.00  5
206.509 0.00  5
206.554 0.00  5
206.630 0.00  5
206.675 0.00  5
206.752 0.00  5
206.797 0.00  5
206.873 0.00  5
206.920 0.00  5
207.129 0.00  5
207.176 0.00  5
207.256 0.00  5
207.302 0.00  5
207.381 0.00  5
207.427 0.00  5
207.506 0.00  5
207.552 0.00  5
207.630 0.00  3
207.673 0.00  3
207.746 0.00  3
207.789 0.00  3
207.862 0.00  3
207.905 0.00  3
207.978 0.00  3
208.028 0.00  3
208.113 0.00  3
208.163 0.00  3
208.247 0.00  3
208.297 0.00  3
208.381 0.00  3
208.426 0.00  3
208.504 0.00  3
208.549 0.00  3
208.626 0.00  3
208.671 0.00  3
208.748 0.00  3
208.793 0.00  3
208.871 0.00  3
208.916 0.00  3
208.993 0.00  3
209.038 0.00  3
209.116 0.00  3
209.492 0.00  3
209.492 0.00  3
209.537 0.00  3
209.613 0.00  3
209.658 0.00  3
209.734 0.00  3
209.779 0.00  3
209.855 0.00  3
210.245 0.00  3
210.246 0.00  3
210.293 0.00  3
210.626 0.00  1
210.815 0.00  2
211.005 0.00  1
211.191 0.00  4
211.377 0.00  1
211.564 0.00  8
212.125 0.00  4
212.514 0.00  2
212.888 0.00  4
213.075 0.00  8
213.816 0.00  4
214.008 0.00  2
214.200 0.00  1
214.393 0.00  4
214.579 0.00  4
214.766 0.00  8
214.953 0.00  8
215.140 0.00  4
215.331 0.00  4
215.521 0.00  2
215.902 0.00  2
216.156 0.00  4
216.409 0.00  4
216.536 0.00  2
216.663 0.00  1
217.029 0.00  2
217.211 0.00  1
217.394 0.00  4
217.582 0.00  1
217.770 0.00  8
217.967 0.00  1
218.356 0.00  1
218.548 0.00  8
218.732 0.00  1
218.916 0.00  4
219.100 0.00  1
219.285 0.00  2
219.470 0.00  1
219.654 0.00  2
219.844 0.00  1
220.033 0.00  1
220.222 0.00  1
220.412 0.00  2
220.601 0.00  1
220.790 0.00  4
220.980 0.00  1
221.169 0.00  2
221.267 0.00  1
221.560 0.00  1
221.952 0.00  2
222.343 0.00  1
222.474 0.00  4
222.735 0.00  3
223.171 0.00  2
223.525 0.00  4
223.917 0.00  8
224.282 0.00  8
224.680 0.00  8
224.879 0.00  1
225.078 0.00  4
225.438 0.00  2
225.796 0.00  2
226.212 0.00  1
226.629 0.00  2
227.019 0.00  4
227.391 0.00  2
227.494 0.00  1
227.803 1.00  1
228.984 0.00  2

999 0 0