1.920 0.00  1
2.400 0.00  4
2.880 0.00  1
3.360 0.00  2
4.320 0.00  4
4.640 0.50  4
5.760 0.00  1
6.234 0.00  4
6.709 0.00  1
7.184 0.00  2
8.134 0.00  4
8.451 0.50  4
9.559 0.00  1
10.037 0.00  4
10.515 0.00  1
10.993 0.00  2
11.949 0.00  4
12.268 0.50  4
13.383 0.00  1
13.846 0.00  4
14.309 0.00  1
14.772 0.00  2
15.685 0.00  4
15.984 0.00  4
17.033 0.00  1
17.488 0.00  4
17.944 0.00  1
18.400 0.00  2
19.311 0.00  4
19.614 0.00  4
20.677 0.00  1
21.132 0.00  4
21.587 0.00  1
22.042 0.00  2
22.952 0.00  4
23.255 0.00  4
24.316 0.00  1
24.768 0.00  4
25.220 0.00  1
25.673 0.00  2
26.577 0.00  4
26.878 0.50  4
27.933 0.00  1
28.381 0.00  4
28.829 0.00  1
29.277 0.00  2
30.173 0.00  4
30.472 0.50  4
31.517 0.00  1
31.963 0.00  4
32.410 0.00  1
32.856 0.00  2
33.749 0.00  4
34.047 0.50  4
35.089 0.00  1
35.535 0.00  4
35.980 0.00  1
36.426 0.00  2
37.317 0.00  4
37.614 0.50  4
38.654 0.00  1
39.107 0.00  1
39.561 0.00  1
40.467 0.00  1
40.921 0.00  1
41.374 0.00  1
42.281 0.00  4
42.735 0.00  4
43.189 0.00  4
44.096 0.00  4
44.550 0.00  4
45.004 0.00  4
45.912 1.50  1
47.695 0.50  2
48.589 0.50  4
49.483 0.00  2
49.778 0.00  2
50.367 0.00  2
51.251 1.50  4
53.005 1.50  1
54.790 0.50  2
55.648 0.50  4
56.506 0.00  2
56.812 0.00  2
57.425 0.00  4
58.115 1.50  2
60.109 1.00  1
61.815 0.50  2
62.668 0.50  4
63.521 0.00  2
63.813 0.00  2
64.398 0.50  4
65.275 0.50  4
65.988 0.50  4
67.029 0.50  2
67.988 1.50  4
69.894 5.00  4
75.062 0.00  4
75.511 0.00  4
75.959 0.50  4
76.847 0.00  4
77.286 0.00  4
77.725 0.50  4
78.602 0.00  4
79.041 0.00  4
79.480 0.50  2
80.358 0.00  4
80.797 0.00  4
81.236 0.50  2
82.116 0.00  2
82.558 0.00  2
83.000 0.00  2
83.883 0.00  2
84.325 0.00  2
84.766 0.00  2
85.642 0.00  2
86.075 0.00  2
86.509 0.00  2
87.376 0.00  2
87.810 0.00  2
88.243 0.00  2
88.677 0.50  4
89.585 0.00  4
90.039 0.00  4
90.493 0.00  4
90.949 0.00  4
91.863 0.00  1
92.319 3.00  1
95.950 0.00  2
96.398 0.00  2
96.846 0.00  2
97.742 0.00  2
98.190 0.00  1
98.638 0.00  2
99.086 0.00  1
99.534 0.00  2
99.993 1.00  2
101.811 0.00  4
102.254 0.50  1
103.141 0.00  1
103.578 0.00  4
104.016 0.00  1
104.453 0.00  2
105.342 0.00  4
105.643 0.50  4
106.696 0.00  1
107.140 0.00  4
107.583 0.00  1
108.027 0.00  2
108.915 0.00  4
109.210 0.50  4
110.246 0.00  1
110.694 0.00  4
111.143 0.00  1
111.592 0.00  2
112.489 0.00  4
112.788 0.50  4
113.835 0.00  1
114.272 0.00  4
114.709 0.00  1
115.147 0.00  2
116.021 0.00  4
116.312 0.50  4
117.331 1.50  1
119.124 0.50  2
120.021 0.50  4
120.918 0.00  2
121.211 0.00  2
122.237 0.00  4
122.676 0.00  4
123.116 0.00  4
123.556 0.50  4
124.435 1.00  1
126.141 0.50  2
127.033 0.50  4
127.925 0.00  2
128.368 0.00  4
128.811 0.00  4
129.254 0.00  4
129.697 0.00  4
130.141 0.00  2
130.584 0.00  2
131.470 0.50  1
132.374 6.50  4
139.316 0.00  4
139.760 0.00  4
140.204 0.50  4
141.107 0.00  4
141.567 0.00  4
142.026 0.50  4
142.924 0.00  4
143.363 0.00  4
143.802 0.50  2
144.680 0.00  4
145.119 0.00  4
145.558 0.50  2
146.424 0.00  2
146.851 0.00  2
147.278 0.00  2
148.143 0.00  2
148.580 0.00  2
149.018 0.00  2
149.893 0.00  2
150.331 0.00  2
150.769 0.00  2
151.644 0.00  2
152.082 0.00  2
152.519 0.50  2
153.403 0.00  2
153.849 0.00  2
154.294 0.50  2
155.176 0.00  2
155.612 0.00  2
156.048 0.50  2
156.919 0.00  2
157.355 0.00  2
157.791 0.50  2
158.662 0.00  2
159.098 0.00  2
159.534 0.00  2
160.405 0.00  4
160.841 0.00  4
161.277 0.00  4
162.149 0.00  4
162.584 0.00  4
163.020 0.00  4
163.880 0.00  4
164.304 0.00  4
164.727 0.00  4
165.581 0.00  4
166.011 0.00  4
166.441 0.00  4
166.871 1.50  1
168.627 0.50  2
169.516 0.50  4
170.404 0.00  2
170.690 0.00  2
171.261 0.00  2
171.689 0.00  2
172.117 0.00  2
172.545 0.00  2
172.974 0.00  2
173.402 0.00  2
173.830 1.50  1
175.573 0.50  2
176.438 0.50  4
177.303 0.00  2
177.735 0.00  4
178.167 0.00  4
178.599 0.00  2
179.031 0.00  2
179.463 0.50  2
180.759 1.50  1
182.487 0.50  2
183.334 0.50  4
184.181 0.00  2
184.604 0.00  4
184.886 0.50  4
185.451 0.00  4
185.874 0.00  4
186.306 0.00  2
186.737 0.50  1
187.600 0.50  1
188.528 1.00  4
190.306 12.50  4
203.032 0.00  8

999 0 0