1.920 0.00  1
2.240 0.00  1
2.400 0.00  12
2.880 0.00  1
3.200 0.00  1
3.360 0.00  6
3.840 0.00  1
4.160 0.00  1
4.320 0.00  12
4.640 0.50  4
5.280 0.00  4
5.440 0.00  2
5.600 0.00  1
5.760 0.00  1
6.076 0.00  1
6.234 0.00  12
6.709 0.00  1
7.026 0.00  1
7.184 0.00  6
7.659 0.00  1
7.976 0.00  1
8.134 0.00  12
8.451 0.50  4
9.084 0.00  4
9.242 0.00  2
9.400 0.00  1
9.559 0.00  1
9.877 0.00  1
10.037 0.00  12
10.515 0.00  1
10.833 0.00  1
10.993 0.00  6
11.471 0.00  1
11.789 0.00  1
11.949 0.00  12
12.268 0.50  4
12.905 0.00  4
13.064 0.00  2
13.224 0.00  1
13.383 0.00  1
13.692 0.00  1
13.846 0.00  12
14.309 0.00  1
14.618 0.00  1
14.772 0.00  6
15.235 0.00  1
15.535 0.00  1
15.685 0.00  12
15.984 0.50  4
16.583 0.00  4
16.733 0.00  2
16.883 0.00  1
17.033 0.00  1
17.336 0.00  1
17.488 0.00  12
17.944 0.00  1
18.248 0.00  1
18.400 0.00  6
18.855 0.00  1
19.159 0.00  1
19.311 0.00  12
19.614 0.50  4
20.222 0.00  4
20.374 0.00  2
20.526 0.00  1
20.677 0.00  1
20.981 0.00  1
21.132 0.00  12
21.587 0.00  1
21.890 0.00  1
22.042 0.00  6
22.497 0.00  1
22.800 0.00  1
22.952 0.00  12
23.255 0.50  4
23.861 0.00  4
24.013 0.00  2
24.164 0.00  1
24.316 0.00  1
24.617 0.00  1
24.768 0.00  12
25.220 0.00  1
25.522 0.00  1
25.673 0.00  6
26.125 0.00  1
26.426 0.00  1
26.577 0.00  12
26.878 0.50  4
27.933 0.00  1
28.232 0.00  1
28.381 0.00  12
28.829 0.00  1
29.128 0.00  1
29.277 0.00  6
29.725 0.00  1
30.024 0.00  1
30.173 0.00  12
30.472 0.50  4
31.517 0.00  1
31.814 0.00  1
31.963 0.00  12
32.410 0.00  1
32.707 0.00  1
32.856 0.00  6
33.303 0.00  1
33.601 0.00  1
33.749 0.00  12
34.047 0.50  4
35.089 0.00  1
35.386 0.00  1
35.535 0.00  12
35.980 0.00  1
36.277 0.00  1
36.426 0.00  6
36.871 0.00  1
37.169 0.00  1
37.317 0.00  12
37.614 0.50  4
38.654 0.00  5
39.107 0.00  5
39.561 0.00  5
40.014 0.00  5
40.467 0.00  5
40.921 0.00  5
41.374 0.00  5
41.828 0.00  6
42.130 0.00  10
42.735 0.00  10
43.189 0.00  10
43.642 0.00  10
44.096 0.00  10
44.550 0.00  10
45.004 0.00  10
45.458 0.00  10
45.912 1.00  3
47.695 0.50  6
48.589 0.50  10
49.483 0.00  12
49.778 0.00  16
50.367 0.00  16
50.809 0.00  8
50.956 0.00  8
51.103 0.00  8
53.005 1.00  3
54.790 0.50  6
55.648 0.50  10
56.506 0.00  12
56.812 0.00  16
57.344 0.00  8
57.732 0.00  8
58.115 1.50  4
60.109 1.00  3
61.815 0.50  6
62.668 0.50  10
63.521 0.00  12
63.813 0.00  16
64.179 0.00  4
64.288 0.50  8
64.837 0.00  8
64.983 0.00  8
65.129 0.00  8
65.275 0.00  4
65.458 0.00  8
65.714 0.00  8
66.006 0.50  8
67.029 0.50  12
67.988 0.00  4
68.148 1.50  8
69.894 0.00  4
70.052 5.00  8
75.062 0.00  8
75.511 0.00  4
75.959 0.50  8
76.847 0.00  8
77.286 0.00  4
77.725 0.50  8
78.602 0.00  8
79.041 0.00  4
79.480 0.50  1
80.358 0.00  8
80.797 0.00  4
81.236 0.50  1
82.116 0.00  4
82.558 0.00  8
83.000 0.00  4
83.441 0.00  1
83.883 0.00  4
84.325 0.00  2
84.766 0.50  4
85.642 0.00  8
86.075 0.00  4
86.509 0.00  1
86.942 0.00  8
87.376 0.00  4
87.810 0.00  1
88.243 0.00  4
88.677 0.00  8
89.509 0.00  8
89.963 0.00  8
90.417 0.00  8
90.873 0.00  8
91.634 0.00  4
91.825 0.00  2
91.939 0.00  4
92.129 0.00  8
92.281 0.00  2
92.433 2.50  4
95.950 0.00  16
0.016 96.00  16
96.472 0.00  16
96.846 0.00  16
0.016 97.00  16
97.368 0.00  16
97.742 0.00  16
98.041 0.00  12
98.339 0.00  6
98.638 0.00  12
98.937 0.00  6
99.235 0.00  3
99.534 0.00  2
99.649 0.00  4
99.840 0.00  8
99.993 1.50  8
101.811 0.00  8
102.254 0.00  8
102.402 0.00  4
102.550 0.00  2
102.709 0.00  8
103.141 0.00  1
103.432 0.00  1
103.578 0.00  12
104.016 0.00  1
104.307 0.00  1
104.453 0.00  6
104.891 0.00  1
105.192 0.00  1
105.342 0.00  12
105.680 0.50  4
106.696 0.00  1
106.992 0.00  1
107.140 0.00  12
107.583 0.00  1
107.879 0.00  1
108.027 0.00  6
108.471 0.00  1
108.767 0.00  1
108.915 0.00  12
109.247 0.50  4
110.246 0.00  1
110.545 0.00  1
110.694 0.00  12
111.143 0.00  1
111.442 0.00  1
111.592 0.00  6
112.040 0.00  1
112.339 0.00  1
112.489 0.00  12
112.825 0.50  4
113.835 0.00  1
114.126 0.00  1
114.272 0.00  12
114.709 0.00  1
115.001 0.00  1
115.147 0.00  6
115.584 0.00  1
115.875 0.00  1
116.021 0.00  12
116.348 0.50  4
117.331 1.00  3
119.124 0.50  6
120.021 0.50  10
120.918 0.00  12
121.211 0.00  16
121.577 0.00  8
122.191 0.00  8
122.621 0.00  8
122.896 0.00  8
123.116 0.00  8
123.409 0.50  8
124.435 1.00  3
126.141 0.50  6
127.033 0.50  10
127.925 0.00  12
128.221 0.00  16
128.368 0.00  8
128.811 0.00  8
129.199 0.00  8
130.141 0.00  8
130.288 0.00  4
130.436 0.00  2
130.584 0.00  4
130.879 0.50  2
131.470 0.50  3
132.374 6.50  8
139.316 0.00  8
139.760 0.00  4
140.204 0.50  8
141.107 0.00  8
141.567 0.00  4
142.026 0.50  8
142.924 0.00  8
143.363 0.00  4
143.802 0.50  1
144.680 0.00  8
145.119 0.00  4
145.558 0.50  1
146.424 0.00  4
146.851 0.00  8
147.278 0.00  4
147.705 0.00  1
148.143 0.00  4
148.580 0.00  2
149.018 0.50  4
149.893 0.00  8
150.331 0.00  4
150.769 0.00  2
151.206 0.00  4
151.644 0.00  8
152.082 0.00  4
152.519 0.50  1
153.403 0.00  8
153.849 0.00  4
154.294 0.50  1
155.176 0.00  8
155.612 0.00  4
156.048 0.50  1
156.919 0.00  8
157.355 0.00  4
157.791 0.50  1
158.662 0.00  8
159.098 0.00  4
159.534 0.00  1
159.970 0.00  8
160.405 0.00  4
160.841 0.00  8
161.277 0.00  4
161.713 0.00  8
162.149 0.00  4
162.584 0.00  1
163.020 0.00  4
163.456 0.00  2
163.880 0.00  4
164.304 0.00  1
164.727 0.00  4
165.151 0.00  8
165.581 0.00  4
166.011 0.00  1
166.441 0.00  4
166.871 1.00  3
168.627 0.50  6
169.516 0.50  10
170.404 0.00  12
170.690 0.00  16
171.047 0.00  2
171.118 0.00  4
171.546 0.00  8
171.689 0.00  2
171.832 0.00  4
171.974 0.00  8
172.117 0.00  2
172.260 0.00  4
172.403 0.00  8
172.545 0.00  2
172.688 0.00  4
172.831 0.00  8
172.974 0.00  2
173.116 0.00  4
173.259 0.00  8
173.402 0.00  4
173.830 1.00  3
175.573 0.50  6
176.438 0.50  10
177.303 0.00  12
177.591 0.00  16
177.735 0.00  8
178.095 0.00  8
178.599 0.00  8
178.815 0.00  2
179.031 0.00  4
179.319 0.00  8
179.679 0.50  8
180.759 1.00  3
182.487 0.50  6
183.334 0.50  10
184.181 0.00  12
184.463 0.00  16
0.016 186.00  16
186.125 0.00  8
186.269 0.00  4
186.413 0.00  8
186.556 0.00  4
186.700 0.00  2
186.844 0.00  8
187.600 0.00  2
188.373 0.00  3
188.605 0.00  4
190.183 0.00  8
190.386 0.00  4
203.032 0.00  16
203.032 0.00  16

999 0 0