21.600 2.50  4
24.480 0.00  1
24.960 1.50  2
26.880 0.00  1
27.840 0.00  2
28.560 0.00  2
29.040 0.00  4
29.520 0.00  2
29.760 0.00  1
29.917 2.00  2
32.160 1.00  4
33.600 1.00  1
35.040 1.00  2
36.480 1.00  1
37.920 0.00  2
38.400 0.00  1
38.880 0.50  1
39.720 0.00  1
40.320 0.00  1
40.800 1.00  2
42.077 0.00  2
42.240 0.00  1
42.720 1.00  2
43.997 0.00  2
44.160 0.00  1
44.640 0.50  4
45.600 0.00  4
45.917 0.00  2
46.080 0.00  1
46.560 1.00  1
47.837 0.00  1
48.000 0.00  1
48.480 1.00  2
49.757 0.00  2
49.920 0.00  1
50.400 1.00  2
51.840 0.00  1
52.320 0.50  4
53.200 0.00  1
53.760 1.00  1
55.200 0.00  1
55.680 1.00  4
57.120 0.00  4
57.600 1.00  2
59.040 0.00  2
59.520 0.50  4
60.480 0.00  4
60.797 0.00  2
61.440 0.00  1
61.920 0.00  2
62.400 0.00  4
62.880 0.00  4
63.200 0.00  2
63.360 1.00  2
64.800 0.00  4
65.280 0.00  1
65.600 0.50  2
66.720 0.00  1
67.280 1.50  4
69.120 0.00  2
69.600 0.00  1
70.080 0.00  4
70.560 0.00  1
70.880 0.00  4
71.197 0.00  2
71.520 0.00  1
71.840 0.00  2
72.320 0.00  4
72.480 0.00  2
72.800 0.00  1
72.960 0.00  2
73.680 0.00  2
73.927 0.50  4
74.880 0.00  4
75.360 0.00  4
75.680 0.00  1
75.997 0.00  2
76.320 0.00  1
76.640 0.00  2
76.800 0.00  4
77.280 0.00  4
77.917 0.00  4
78.240 0.00  4
78.570 0.00  4
78.877 0.00  2
79.200 0.50  4
79.837 0.00  1
80.160 0.00  2
80.317 0.00  4
80.640 0.00  4
81.360 0.00  2
81.600 0.00  4
82.320 0.00  2
82.640 0.00  4
82.880 0.00  2
83.520 0.00  1
83.840 0.00  2
84.157 0.00  4
84.480 0.50  4
85.170 0.00  4
85.475 0.50  4
86.160 0.00  4
86.400 0.00  4
86.720 0.00  2
86.880 0.00  1
87.360 0.00  1
87.680 0.00  1
87.840 0.00  2
88.560 0.00  1
88.680 0.00  2
89.197 0.00  1
89.317 0.00  2
89.840 0.00  1
89.960 0.00  2
90.480 0.00  1
90.637 0.00  2
91.117 0.00  2
91.280 0.00  1
91.680 0.00  4
91.880 0.00  2
92.400 0.00  2
92.520 0.00  4
93.037 0.00  2
93.157 0.00  4
93.680 0.00  2
93.840 0.00  4
94.357 0.00  2
94.520 0.00  4
95.000 0.00  2
95.160 0.00  4
95.640 0.00  4
95.760 0.00  2
96.157 0.00  1
96.480 0.00  1
96.800 0.00  1
97.117 0.00  2
97.440 0.00  2
97.760 0.00  2
98.077 0.00  4
98.400 0.00  4
98.720 0.00  4
99.037 0.00  2
99.360 0.00  4
99.680 0.00  1
99.997 0.00  1
100.320 0.00  1
100.640 0.00  1
100.957 0.00  2
101.280 0.00  2
101.600 0.00  2
101.917 0.00  4
102.240 0.00  4
102.560 0.00  4
102.877 0.00  2
103.200 0.00  4
103.520 0.00  1
103.680 0.00  1
104.160 0.50  1
105.000 0.00  1
105.277 0.00  1
105.600 0.00  1
106.080 1.00  4
107.317 0.00  4
107.520 0.00  1
108.000 1.00  2
109.280 0.00  2
109.440 0.00  1
109.920 0.50  4
110.880 0.00  4
111.200 0.00  2
111.600 0.00  1
111.720 0.00  2
112.160 0.00  1
112.357 0.00  2
112.800 0.00  1
112.957 0.00  2
113.480 0.00  1
113.640 0.00  2
114.240 0.00  1
114.360 0.00  2
114.720 0.00  4
114.877 0.00  2
115.400 0.00  2
115.520 0.00  4
116.040 0.00  2
116.160 0.00  4
116.677 0.00  2
116.840 0.00  4
117.360 0.00  2
117.517 0.00  4
117.997 0.00  2
118.117 0.00  4
118.560 0.00  2
118.717 0.00  1
119.520 1.00  2
120.960 0.00  4
121.440 0.00  2
121.800 1.00  2
123.360 2.50  2
126.240 0.00  1
126.557 0.00  2
126.880 0.00  1
127.320 1.00  1
128.560 0.00  1
128.880 0.00  1
129.240 1.50  4
131.160 1.50  2
133.080 0.50  4
133.920 0.00  4
134.237 0.00  2
134.400 0.00  4
134.717 0.00  1
134.880 0.00  1
135.360 0.50  2
136.320 0.00  2
136.480 0.00  2
136.800 0.50  4
137.760 0.00  4
137.920 0.00  2
138.240 0.00  1
138.730 0.50  4
139.440 0.00  4
139.840 0.00  1
139.997 0.00  2
140.160 1.00  4
141.360 0.00  1
141.600 0.00  2
142.080 0.00  1
142.560 0.50  2
143.280 0.00  1
143.520 0.00  2
143.680 0.00  4
144.000 0.00  4
144.480 0.00  2
144.755 0.00  2
144.960 0.50  2
146.447 0.50  4
147.360 0.00  2
147.677 0.00  1
147.840 0.50  4
148.890 0.50  2
149.520 0.00  2
149.760 0.00  2
150.000 0.00  1
150.240 0.50  1
151.200 0.50  2
151.997 0.00  1
152.160 0.00  2
152.640 0.00  1
153.120 0.00  1
153.600 0.00  1
154.080 0.00  2
154.560 0.00  4
155.040 0.00  4
155.520 0.00  4
156.000 0.50  2
156.720 0.00  4
157.037 0.00  4
157.920 0.00  1
158.880 0.50  2
159.840 0.50  2
160.480 0.00  1
160.800 0.00  4
161.440 0.00  2
161.837 0.50  2
162.720 0.00  2
163.200 0.50  4
163.920 2.00  2
166.320 0.00  1
166.877 0.00  1
167.520 0.00  1
167.837 1.00  1
169.440 1.00  2
170.880 0.00  4
171.120 0.00  4
171.360 1.00  4
172.800 0.00  1
172.895 0.00  2
173.182 0.00  1
173.760 0.00  2
173.855 0.00  4
174.142 0.00  2
174.720 0.00  2
174.815 0.00  4
175.102 0.00  2
175.680 0.00  4
176.160 0.00  2
176.477 0.00  1
177.120 0.00  1
177.360 1.00  4
178.560 0.00  4
178.877 0.00  2
179.160 0.00  4
179.280 1.00  2
180.720 0.00  1
180.960 1.00  4
182.520 0.00  2
182.760 0.00  1
183.000 1.50  2
184.800 0.50  4
185.760 0.00  1
186.077 0.00  2
186.360 0.00  4
186.720 0.00  2
187.037 0.00  1
187.397 0.00  2
187.757 0.00  1
188.117 1.50  1
189.840 0.00  2
190.157 0.00  4
190.440 0.00  2
190.720 0.00  2
191.040 0.50  4
192.160 1.00  4
193.517 0.00  2
194.040 0.00  2
194.400 1.00  1
196.000 0.00  1
196.320 1.00  2
197.597 0.00  2
197.760 0.00  1
198.240 0.50  4
199.037 0.00  1
199.360 0.00  2
199.690 0.00  4
199.930 0.00  4
200.327 0.00  4
200.650 0.50  4
201.600 0.00  4
202.080 0.00  1
202.397 0.00  2
203.040 1.00  2
204.557 0.00  4
205.037 0.00  4
205.517 0.00  4
205.920 0.00  4
206.400 0.00  4
206.957 0.00  4
207.360 0.00  2
207.520 0.00  1
207.677 2.00  2
210.240 5.50  4
216.240 0.50  1
233.957 0.00  1
234.557 0.00  2
235.120 0.00  1
235.600 0.00  2
236.160 0.00  4
236.640 1.00  2
241.680 5.50  2
247.520 0.50  4