21.600 2.50  8
24.480 0.00  1
24.960 1.50  2
26.880 0.00  2
27.360 0.00  4
27.600 0.00  8
28.560 0.00  8
28.800 0.00  8
29.280 0.00  2
29.520 0.00  4
29.760 0.00  1
29.960 2.00  2
33.600 1.00  8
35.040 1.00  4
36.480 2.00  2
53.200 0.00  1
53.760 1.00  2
55.200 0.00  2
55.360 0.00  2
55.517 0.00  2
55.680 1.00  4
57.120 0.00  4
57.280 0.00  4
57.437 0.00  4
57.600 1.00  8
59.040 0.00  8
59.200 0.00  8
59.357 0.00  8
60.797 0.00  8
61.120 0.00  4
61.440 0.00  2
61.680 0.00  8
61.920 0.00  4
63.037 0.00  8
63.200 0.00  4
63.360 1.00  4
65.120 0.00  8
65.197 0.00  4
65.280 0.00  2
65.600 0.50  2
66.720 0.00  1
67.020 0.00  2
67.280 1.50  4
69.120 0.00  2
69.600 0.00  1
69.757 0.00  2
69.920 0.00  4
70.080 0.00  8
70.560 0.00  1
70.717 0.00  2
71.040 0.00  8
71.197 0.00  4
71.360 0.00  2
71.520 0.00  1
71.840 0.00  2
72.000 0.00  1
72.157 0.00  4
72.320 0.00  8
72.480 0.00  4
72.637 0.00  2
72.800 0.00  1
72.960 0.00  2
73.680 0.00  4
73.800 0.00  8
75.200 0.00  8
75.360 0.00  4
75.517 0.00  2
75.680 0.00  1
75.840 0.00  8
75.997 0.00  4
76.160 0.00  2
76.320 0.00  1
76.477 0.00  2
76.640 0.00  4
76.800 0.00  8
76.957 0.00  4
77.120 0.00  2
78.720 0.00  8
78.877 0.00  4
79.040 0.00  2
79.837 0.00  1
80.000 0.00  2
80.160 0.00  4
80.480 0.00  8
81.360 0.00  2
81.480 0.00  4
81.600 0.00  8
82.320 0.00  4
82.477 0.00  8
82.755 0.00  8
82.880 0.00  4
83.040 0.00  8
83.197 0.00  4
83.360 0.00  2
83.520 0.00  1
83.840 0.00  2
84.157 0.00  4
84.480 0.50  8
85.170 0.00  8
85.287 0.00  8
85.447 0.00  4
85.547 0.00  8
86.160 0.00  8
86.557 0.00  8
86.720 0.00  4
86.880 0.00  2
87.360 0.00  2
87.517 0.00  1
87.680 0.00  4
87.840 0.00  8
87.997 0.00  4
88.160 0.00  2
88.560 0.00  2
88.680 0.00  4
88.880 0.00  1
89.040 0.00  2
89.197 0.00  2
89.317 0.00  4
89.520 0.00  1
89.640 0.00  2
89.840 0.00  2
89.960 0.00  4
90.157 0.00  1
90.320 0.00  2
90.480 0.00  2
90.637 0.00  4
90.800 0.00  1
90.960 0.00  2
91.117 0.00  2
91.280 0.00  1
91.400 0.00  2
91.560 0.00  4
91.680 0.00  8
91.880 0.00  4
92.040 0.00  2
92.400 0.00  4
92.520 0.00  8
92.720 0.00  2
92.880 0.00  4
93.037 0.00  4
93.157 0.00  8
93.360 0.00  2
93.560 0.00  4
93.680 0.00  4
93.840 0.00  8
93.997 0.00  2
94.237 0.00  4
94.357 0.00  4
94.520 0.00  8
94.680 0.00  2
94.837 0.00  4
95.000 0.00  4
95.160 0.00  8
95.280 0.00  2
95.437 0.00  8
95.640 0.00  4
95.760 0.00  2
95.880 0.00  1
111.600 0.00  2
111.720 0.00  4
111.877 0.00  1
112.040 0.00  2
112.160 0.00  2
112.357 0.00  4
112.520 0.00  1
112.680 0.00  2
112.800 0.00  2
112.957 0.00  4
113.120 0.00  1
113.280 0.00  2
113.480 0.00  2
113.640 0.00  4
113.760 0.00  1
113.960 0.00  4
114.080 0.00  2
114.240 0.00  1
114.360 0.00  2
114.517 0.00  4
114.720 0.00  8
114.877 0.00  4
114.997 0.00  2
115.400 0.00  4
115.520 0.00  8
115.717 0.00  2
115.880 0.00  4
116.040 0.00  4
116.160 0.00  8
116.360 0.00  2
116.520 0.00  4
116.677 0.00  4
116.840 0.00  8
117.000 0.00  2
117.240 0.00  4
117.360 0.00  4
117.517 0.00  8
117.680 0.00  2
117.840 0.00  4
117.997 0.00  4
118.117 0.00  8
118.280 0.00  2
118.440 0.00  8
118.560 0.00  4
118.717 0.00  2
118.880 0.00  1
119.520 1.00  4
120.960 0.00  8
121.440 0.00  4
121.800 1.00  4
123.360 2.50  4
126.240 0.00  2
126.317 0.00  4
126.400 0.00  2
126.557 0.00  8
126.640 0.00  4
126.720 0.00  8
126.880 0.00  2
126.960 0.00  4
127.037 0.00  2
127.320 0.00  2
127.757 0.00  2
127.920 0.00  2
128.080 0.00  2
128.237 0.00  2
128.400 0.00  2
128.560 0.00  2
128.880 0.00  2
129.240 0.00  4
129.677 0.00  4
129.840 0.00  4
130.000 0.00  4
130.157 0.00  4
130.320 0.00  4
130.477 0.00  4
130.637 0.00  4
130.800 0.00  4
130.960 0.00  4
131.160 0.00  8
131.597 0.00  8
131.760 0.00  8
131.920 0.00  8
132.077 0.00  8
132.240 0.00  8
132.437 0.00  8
132.600 0.00  8
132.840 0.00  8
132.960 0.00  8
134.080 0.00  8
134.237 0.00  4
134.400 0.00  8
134.560 0.00  4
134.717 0.00  2
134.880 0.00  2
135.360 0.00  2
135.480 0.50  4
136.320 0.00  4
136.480 0.00  4
136.637 0.00  4
136.800 0.50  8
137.920 0.00  8
138.240 0.00  2
138.400 0.00  1
138.730 0.50  8
139.440 0.00  4
139.680 0.00  2
139.840 0.00  1
139.997 0.00  2
140.160 1.00  4
141.360 0.00  1
141.600 0.00  2
143.280 0.00  1
143.520 0.00  2
143.680 0.00  4
143.837 0.00  4
144.000 0.00  8
144.480 0.00  4
144.597 0.00  2
144.760 0.00  4
144.960 0.50  4
147.520 0.00  8
147.677 0.00  4
147.840 0.50  4
148.890 0.50  2
149.520 0.00  2
149.640 0.00  1
149.760 0.00  2
150.000 0.00  1
151.997 0.00  1
152.160 0.00  2
152.640 0.00  1
152.800 0.00  1
152.957 0.00  1
153.120 0.00  2
153.600 0.00  2
153.760 0.00  2
153.917 0.00  2
154.080 0.00  4
154.560 0.00  8
154.720 0.00  8
154.877 0.00  8
155.520 0.00  4
155.640 0.00  4
155.760 0.00  4
156.000 0.50  8
156.720 0.00  4
156.880 0.00  2
157.037 0.00  4
157.560 0.00  1
157.757 0.00  2
157.920 0.00  4
158.477 0.00  2
158.717 0.00  1
158.880 0.50  8
159.520 0.00  2
159.677 0.00  1
159.840 0.50  4
160.480 0.00  2
160.602 0.00  2
160.800 0.00  8
161.440 0.00  4
161.640 0.00  2
162.720 0.00  4
162.880 0.00  2
163.920 2.00  8
166.320 0.00  1
166.877 0.00  2
167.200 0.00  2
167.520 0.00  4
167.837 1.00  4
169.440 1.00  8
172.800 0.00  2
172.895 0.00  4
173.087 0.00  2
173.182 0.00  1
173.760 0.00  4
173.855 0.00  8
174.047 0.00  4
174.142 0.00  2
174.720 0.00  8
175.007 0.00  8
175.102 0.00  4
176.160 0.00  8
176.320 0.00  4
176.477 0.00  2
177.120 0.00  1
178.560 0.00  8
178.877 0.00  2
179.160 0.00  8
179.280 1.00  4
180.720 0.00  1
182.520 0.00  4
182.760 0.00  1
183.000 1.50  2
184.800 0.50  4
185.760 0.00  4
186.077 0.00  8
186.720 0.00  8
187.037 0.00  4
187.397 0.00  8
187.757 0.00  4
188.080 0.00  2
188.400 0.00  1
188.477 1.00  2
189.840 0.00  4
190.157 0.00  8
190.320 0.00  8
190.440 0.00  4
190.560 0.00  2
190.720 0.00  4
190.877 0.00  8
191.087 0.50  8
191.837 0.00  4
192.000 0.00  8
192.160 1.00  8
193.517 0.00  4
194.040 0.00  4
194.160 0.00  2
194.400 1.00  2
199.037 0.00  2
199.360 0.00  4
199.517 0.00  4
201.600 0.00  8
201.840 0.00  4
202.080 0.00  2
202.240 0.00  1
202.397 0.00  4
202.560 0.00  2
202.720 0.00  1
202.877 0.00  8
203.040 1.00  8
205.037 0.00  8
205.200 0.00  4
205.277 0.00  2
205.440 0.00  4
205.517 0.00  8
205.920 0.00  8
206.080 0.00  4
206.160 0.00  2
206.320 0.00  4
206.400 0.00  8
206.957 0.00  8
207.040 0.00  4
207.360 0.00  2
207.520 0.00  1
207.677 2.00  2
210.240 4.00  4
216.240 0.50  1
233.957 0.00  1
234.557 0.00  2
235.120 0.00  4
235.600 0.00  8
236.640 1.00  4
241.680 5.50  2