3.934 0.00  1
4.426 0.00  1
4.918 0.00  2
5.409 0.00  2
5.901 0.00  4
6.393 0.00  2
6.885 0.00  2
7.213 0.00  2
7.540 0.00  4
7.868 0.00  1
8.360 0.00  1
8.852 0.00  2
9.344 0.00  2
9.836 0.00  4
10.327 0.00  2
10.819 0.00  2
11.147 0.00  2
11.475 0.00  4
11.803 0.00  1
12.295 0.00  1
12.786 0.00  2
13.278 0.00  2
13.770 0.00  4
14.262 0.00  2
14.754 0.00  2
15.081 0.00  2
15.409 0.00  4
15.737 0.00  1
16.229 0.00  1
16.721 0.00  2
17.213 0.00  2
17.704 0.00  4
18.196 0.00  2
18.688 0.00  4
19.016 0.00  2
19.344 0.00  1
19.672 0.00  1
19.999 0.00  1
20.655 0.00  1
20.983 0.00  1
21.639 0.00  1
21.967 0.00  1
22.622 0.00  2
23.114 0.00  4
23.606 0.00  2
24.098 0.00  1
24.590 0.00  1
25.081 0.00  1
25.573 0.00  1
26.065 0.00  1
26.557 0.00  1
27.049 0.00  1
27.540 0.00  1
28.032 0.00  1
28.524 0.00  1
29.016 0.00  1
29.508 0.00  1
29.999 0.00  1
30.491 0.00  2
30.819 0.00  2
31.475 0.00  2
31.803 0.00  2
32.458 0.00  1
32.950 0.00  1
33.442 0.00  1
33.934 0.00  1
34.426 0.00  1
34.918 0.00  1
35.409 0.00  1
35.901 0.00  1
36.393 0.00  1
36.885 0.00  1
37.377 0.00  1
37.868 0.00  1
38.360 0.00  2
38.688 0.00  2
39.344 0.00  2
39.672 0.00  2
40.327 0.00  4
40.819 0.00  4
41.311 0.00  4
41.803 0.00  4
42.295 0.00  4
42.786 0.00  4
43.278 0.00  4
43.770 0.00  4
44.262 0.00  1
44.754 0.00  1
45.245 0.00  2
45.737 0.00  2
46.229 0.00  4
46.721 0.00  2
47.213 0.00  1
47.540 0.00  2
47.868 0.00  4
48.196 0.00  4
48.688 0.00  4
49.180 0.00  4
49.672 0.00  4
50.163 0.00  4
50.655 0.00  4
51.147 0.00  4
51.639 0.00  4
52.131 0.00  4
52.622 0.00  4
53.114 0.00  4
53.606 0.00  4
54.098 0.00  1
54.426 0.00  1
55.081 0.00  2
55.409 0.00  2
56.065 0.00  4
56.557 0.00  4
57.049 0.00  4
57.540 0.00  4
58.032 0.00  1
58.524 0.00  1
59.016 0.00  2
59.508 0.00  2
59.999 0.00  4
60.491 0.00  4
60.983 0.00  4
61.475 0.00  4
61.967 0.00  1
62.295 0.00  1
62.950 0.00  2
63.278 0.00  2
63.934 0.00  4
64.426 0.00  4
64.917 0.00  4
65.409 0.00  4
65.901 0.00  1
66.393 0.00  1
66.885 0.00  2
67.377 0.00  2
67.868 0.00  4
68.360 0.00  4
68.852 0.00  4
69.344 0.00  4
69.836 0.00  4
70.327 0.00  4
70.819 0.00  2
71.311 0.00  2
71.803 0.00  1
72.295 0.00  1
72.786 0.00  2
73.278 0.00  2
73.770 0.00  4
74.262 0.00  2
74.754 0.00  2
75.081 0.00  2
75.409 0.00  4
75.737 0.00  1
76.229 0.00  1
76.721 0.00  2
77.213 0.00  2
77.704 0.00  4
78.196 0.00  2
78.688 0.00  4
79.016 0.00  2
79.344 0.00  1
79.672 0.00  1
80.163 0.00  1
80.655 0.00  1
81.147 0.00  1
81.639 0.00  1
82.131 0.00  1
82.622 0.00  1
83.114 0.00  1
83.606 0.00  1
84.098 0.00  1
84.590 0.00  1
85.081 0.00  1
85.573 0.00  2
85.901 0.00  2
86.557 0.00  2
86.885 0.00  2
87.540 0.00  1
88.032 0.00  1
88.524 0.00  1
89.016 0.00  1
89.508 0.00  1
89.999 0.00  1
90.491 0.00  1
90.983 0.00  1
91.475 0.00  1
91.967 0.00  1
92.458 0.00  1
92.950 0.00  1
93.442 0.00  2
93.770 0.00  2
94.426 0.00  2
94.754 0.00  2
95.409 0.00  4
95.901 0.00  4
96.393 0.00  4
96.885 0.00  4
97.376 0.00  4
97.868 0.00  4
98.360 0.00  4
98.852 0.00  4
99.344 0.00  1
99.836 0.00  1
100.327 0.00  2
100.819 0.00  2
101.311 0.00  4
101.803 0.00  2
102.295 0.00  1
102.622 0.00  2
102.950 0.00  4
103.278 0.00  4
103.770 0.00  4
104.262 0.00  4
104.754 0.00  4
105.245 0.00  4
105.737 0.00  4
106.229 0.00  4
106.721 0.00  4
107.213 0.00  1
107.540 0.00  1
108.196 0.00  2
108.524 0.00  2
109.180 0.00  4
109.672 0.00  4
110.163 0.00  4
110.655 0.00  4
111.147 0.00  1
111.639 0.00  1
112.131 0.00  2
112.622 0.00  2
113.114 0.00  4
113.606 0.00  4
114.098 0.00  4
114.590 0.00  4
115.081 0.00  1
115.409 0.00  1
116.065 0.00  2
116.393 0.00  2
117.049 0.00  4
117.540 0.00  4
118.032 0.00  4
118.524 0.00  4
119.016 0.00  1
119.508 0.00  1
119.999 0.00  2
120.491 0.00  2
120.983 0.00  4
121.475 0.00  4
121.967 0.00  4
122.458 0.00  4
122.950 0.00  4
123.442 0.00  4
123.934 0.00  2
124.426 0.00  2
124.917 1.50  1
126.885 1.50  1
128.852 1.50  1
130.819 0.00  2
131.311 0.00  4
131.803 0.00  2
132.295 0.00  1
132.786 0.50  2
133.770 0.50  4
134.754 0.00  2
135.081 0.00  1
135.409 0.00  2
135.737 0.00  2
136.065 0.50  1
137.049 0.00  2
137.704 0.00  2
138.032 0.00  4
138.688 1.00  1
140.163 0.00  4
140.655 0.50  2
141.639 0.50  4
142.622 0.00  2
142.950 0.00  1
143.278 0.00  2
143.606 0.00  2
143.934 0.50  1
144.917 0.00  2
145.573 0.00  2
145.901 0.00  2
146.557 1.50  4
148.524 0.00  4
149.016 0.00  2
149.508 0.50  4
150.491 0.00  1
150.819 0.00  1
151.475 0.00  2
151.803 0.00  2
152.458 0.00  4
152.950 0.00  4
153.442 0.00  4
153.934 0.00  4
154.426 0.00  1
154.917 0.00  1
155.409 0.00  2
155.901 0.00  2
156.393 0.00  4
156.885 0.00  4
157.376 0.00  4
157.868 0.00  4
158.360 0.00  1
158.688 0.00  1
159.344 0.00  2
159.672 0.00  2
160.327 0.00  4
160.819 0.00  4
161.311 0.00  4
161.803 0.00  4
162.294 0.00  1
162.786 0.00  1
163.278 0.00  2
163.770 0.00  2
164.262 0.00  4
164.754 0.00  4
165.245 0.00  4
165.737 0.00  4
166.229 0.00  1
166.557 0.00  1
167.213 0.00  2
167.540 0.00  2
168.196 0.00  4
168.688 0.00  4
169.180 0.00  4
169.672 0.00  4
170.163 0.00  1
170.655 0.00  1
171.147 0.00  2
171.639 0.00  2
172.131 0.00  4
172.622 0.00  4
173.114 0.00  4
173.606 0.00  4
174.098 0.00  4
174.590 0.00  4
175.081 0.00  2
175.573 0.00  2
176.065 0.00  1
176.557 0.00  1
177.049 0.00  2
177.540 0.00  2
178.032 0.00  4
178.524 0.00  2
179.016 0.00  2
179.344 0.00  2
179.672 0.00  4
179.999 0.00  1
180.491 0.00  1
180.983 0.00  2
181.475 0.00  2
181.967 0.00  4
182.458 0.00  2
182.950 0.00  4
183.278 0.00  2
183.606 0.00  1
183.934 0.00  1
184.262 0.00  1
184.917 0.00  1
185.245 0.50  1
185.777 0.00  2

999 0 0