3.934 0.00  1
4.262 0.00  1
4.426 0.00  2
4.590 0.00  4
4.754 0.00  8
4.918 0.00  4
5.245 0.00  4
5.409 0.00  8
5.573 0.00  4
5.737 0.00  8
6.065 0.00  8
6.229 0.00  4
6.393 0.00  8
6.557 0.00  4
6.721 0.00  2
6.885 0.00  2
7.213 0.00  2
7.540 0.00  4
7.868 0.00  1
8.196 0.00  1
8.360 0.00  2
8.524 0.00  4
8.688 0.00  8
8.852 0.00  4
9.180 0.00  4
9.344 0.00  8
9.508 0.00  4
9.672 0.00  8
9.999 0.00  8
10.163 0.00  4
10.327 0.00  8
10.491 0.00  4
10.655 0.00  2
10.819 0.00  2
11.147 0.00  2
11.475 0.00  4
11.803 0.00  1
12.131 0.00  1
12.295 0.00  2
12.459 0.00  4
12.622 0.00  8
12.786 0.00  4
13.114 0.00  4
13.278 0.00  8
13.442 0.00  4
13.606 0.00  8
13.934 0.00  8
14.098 0.00  4
14.262 0.00  8
14.426 0.00  4
14.590 0.00  2
14.754 0.00  2
15.081 0.00  2
15.409 0.00  4
15.737 0.00  1
16.065 0.00  1
16.229 0.00  2
16.393 0.00  4
16.557 0.00  8
16.721 0.00  4
17.049 0.00  4
17.213 0.00  8
17.377 0.00  4
17.540 0.00  8
17.868 0.00  8
18.032 0.00  4
18.196 0.00  8
18.360 0.00  4
18.524 0.00  2
18.688 0.00  8
19.016 0.00  4
19.344 0.00  2
19.672 0.00  3
19.999 0.00  3
20.163 0.00  1
20.327 0.00  1
20.491 0.00  1
20.655 0.00  3
20.983 0.00  3
21.147 0.00  1
21.311 0.00  1
21.475 0.00  1
21.639 0.00  3
21.967 0.00  3
22.131 0.00  1
22.295 0.00  1
22.459 0.00  1
22.622 0.00  4
22.950 0.00  1
23.114 0.00  8
23.442 0.00  1
23.606 0.00  4
23.934 0.00  1
24.098 0.00  2
24.426 0.00  1
24.590 0.00  5
24.918 0.00  5
25.081 0.00  1
25.409 0.00  1
25.573 0.00  1
25.901 0.00  1
26.065 0.00  1
26.393 0.00  1
26.557 0.00  1
26.885 0.00  1
27.049 0.00  1
27.377 0.00  1
27.540 0.00  1
27.868 0.00  1
28.032 0.00  1
28.360 0.00  5
28.524 0.00  1
28.852 0.00  1
29.016 0.00  1
29.344 0.00  1
29.508 0.00  1
29.836 0.00  1
29.999 0.00  1
30.327 0.00  1
30.491 0.00  6
30.819 0.00  6
30.983 0.00  2
31.147 0.00  2
31.311 0.00  2
31.475 0.00  6
31.803 0.00  6
31.967 0.00  2
32.131 0.00  2
32.295 0.00  2
32.458 0.00  5
32.786 0.00  5
32.950 0.00  1
33.278 0.00  1
33.442 0.00  1
33.770 0.00  1
33.934 0.00  1
34.262 0.00  1
34.426 0.00  1
34.754 0.00  1
34.918 0.00  1
35.245 0.00  1
35.409 0.00  1
35.737 0.00  1
35.901 0.00  1
36.229 0.00  5
36.393 0.00  1
36.721 0.00  1
36.885 0.00  1
37.213 0.00  1
37.377 0.00  1
37.704 0.00  1
37.868 0.00  1
38.196 0.00  1
38.360 0.00  6
38.688 0.00  6
38.852 0.00  2
39.016 0.00  2
39.180 0.00  2
39.344 0.00  6
39.672 0.00  6
39.836 0.00  2
39.999 0.00  2
40.163 0.00  2
40.327 0.00  12
40.655 0.00  4
40.819 0.00  12
41.147 0.00  4
41.311 0.00  12
41.639 0.00  4
41.803 0.00  12
42.131 0.00  4
42.295 0.00  12
42.622 0.00  4
42.786 0.00  12
43.114 0.00  4
43.278 0.00  12
43.606 0.00  4
43.770 0.00  12
44.098 0.00  4
44.262 0.00  1
44.590 0.00  1
44.754 0.00  2
44.918 0.00  4
45.081 0.00  8
45.245 0.00  4
45.573 0.00  4
45.737 0.00  8
45.901 0.00  4
46.065 0.00  8
46.393 0.00  8
46.557 0.00  4
46.721 0.00  8
46.885 0.00  4
47.049 0.00  2
47.213 0.00  2
47.540 0.00  4
47.868 0.00  8
48.196 0.00  16
48.524 0.00  8
48.688 0.00  16
49.016 0.00  8
49.180 0.00  16
49.508 0.00  8
49.672 0.00  16
49.999 0.00  8
50.163 0.00  16
50.491 0.00  8
50.655 0.00  16
50.983 0.00  8
51.147 0.00  16
51.475 0.00  8
51.639 0.00  16
51.967 0.00  8
52.131 0.00  16
52.295 0.00  16
52.458 0.00  16
52.622 0.00  16
52.786 0.00  16
52.950 0.00  16
53.114 0.00  16
53.278 0.00  16
53.442 0.00  16
53.606 0.00  16
53.770 0.00  16
53.934 0.00  16
54.098 0.00  3
54.426 0.00  3
54.590 0.00  1
54.754 0.00  1
54.918 0.00  1
55.081 0.00  6
55.409 0.00  6
55.573 0.00  2
55.737 0.00  2
55.901 0.00  2
56.065 0.00  12
56.393 0.00  4
56.557 0.00  12
56.885 0.00  4
57.049 0.00  12
57.377 0.00  4
57.540 0.00  12
57.868 0.00  4
58.032 0.00  1
58.360 0.00  1
58.524 0.00  1
58.688 0.00  2
58.852 0.00  4
59.016 0.00  2
59.344 0.00  2
59.508 0.00  2
59.672 0.00  4
59.836 0.00  8
59.999 0.00  12
60.327 0.00  4
60.491 0.00  12
60.819 0.00  4
60.983 0.00  12
61.311 0.00  4
61.475 0.00  12
61.803 0.00  4
61.967 0.00  3
62.295 0.00  3
62.458 0.00  1
62.622 0.00  1
62.786 0.00  1
62.950 0.00  6
63.278 0.00  6
63.442 0.00  2
63.606 0.00  2
63.770 0.00  2
63.934 0.00  12
64.262 0.00  4
64.426 0.00  12
64.754 0.00  4
64.917 0.00  12
65.245 0.00  4
65.409 0.00  12
65.737 0.00  4
65.901 0.00  1
66.229 0.00  1
66.393 0.00  1
66.557 0.00  2
66.721 0.00  4
66.885 0.00  2
67.213 0.00  2
67.377 0.00  2
67.540 0.00  4
67.704 0.00  8
67.868 0.00  12
68.196 0.00  4
68.360 0.00  12
68.688 0.00  4
68.852 0.00  12
69.180 0.00  4
69.344 0.00  12
69.672 0.00  4
69.836 0.00  16
69.999 0.00  16
70.163 0.00  16
70.327 0.00  16
70.491 0.00  16
70.655 0.00  16
70.819 0.00  12
70.983 0.00  12
71.147 0.00  12
71.311 0.00  12
71.475 0.00  12
71.639 0.00  12
71.803 0.00  1
72.131 0.00  1
72.295 0.00  2
72.458 0.00  4
72.622 0.00  8
72.786 0.00  4
73.114 0.00  4
73.278 0.00  8
73.442 0.00  4
73.606 0.00  8
73.934 0.00  8
74.098 0.00  4
74.262 0.00  8
74.426 0.00  4
74.590 0.00  2
74.754 0.00  2
75.081 0.00  2
75.409 0.00  4
75.737 0.00  1
76.065 0.00  1
76.229 0.00  2
76.393 0.00  4
76.557 0.00  8
76.721 0.00  4
77.049 0.00  4
77.213 0.00  8
77.377 0.00  4
77.540 0.00  8
77.868 0.00  8
78.032 0.00  4
78.196 0.00  8
78.360 0.00  4
78.524 0.00  2
78.688 0.00  8
79.016 0.00  4
79.344 0.00  2
79.672 0.00  5
79.999 0.00  5
80.163 0.00  1
80.491 0.00  1
80.655 0.00  1
80.983 0.00  1
81.147 0.00  1
81.475 0.00  1
81.639 0.00  1
81.967 0.00  1
82.131 0.00  1
82.458 0.00  1
82.622 0.00  1
82.950 0.00  1
83.114 0.00  1
83.442 0.00  5
83.606 0.00  1
83.934 0.00  1
84.098 0.00  1
84.426 0.00  1
84.590 0.00  1
84.917 0.00  1
85.081 0.00  1
85.409 0.00  1
85.573 0.00  6
85.901 0.00  6
86.065 0.00  2
86.229 0.00  2
86.393 0.00  2
86.557 0.00  6
86.885 0.00  6
87.049 0.00  2
87.213 0.00  2
87.376 0.00  2
87.540 0.00  5
87.868 0.00  5
88.032 0.00  1
88.360 0.00  1
88.524 0.00  1
88.852 0.00  1
89.016 0.00  1
89.344 0.00  1
89.508 0.00  1
89.836 0.00  1
89.999 0.00  1
90.327 0.00  1
90.491 0.00  1
90.819 0.00  1
90.983 0.00  1
91.311 0.00  5
91.475 0.00  1
91.803 0.00  1
91.967 0.00  1
92.295 0.00  1
92.458 0.00  1
92.786 0.00  1
92.950 0.00  1
93.278 0.00  1
93.442 0.00  6
93.770 0.00  6
93.934 0.00  2
94.098 0.00  2
94.262 0.00  2
94.426 0.00  6
94.754 0.00  6
94.917 0.00  2
95.081 0.00  2
95.245 0.00  2
95.409 0.00  12
95.737 0.00  4
95.901 0.00  12
96.229 0.00  4
96.393 0.00  12
96.721 0.00  4
96.885 0.00  12
97.213 0.00  4
97.376 0.00  12
97.704 0.00  4
97.868 0.00  12
98.196 0.00  4
98.360 0.00  12
98.688 0.00  4
98.852 0.00  12
99.180 0.00  4
99.344 0.00  1
99.672 0.00  1
99.836 0.00  2
99.999 0.00  4
100.163 0.00  8
100.327 0.00  4
100.655 0.00  4
100.819 0.00  8
100.983 0.00  4
101.147 0.00  8
101.475 0.00  8
101.639 0.00  4
101.803 0.00  8
101.967 0.00  4
102.131 0.00  2
102.295 0.00  2
102.622 0.00  4
102.950 0.00  8
103.278 0.00  16
103.606 0.00  8
103.770 0.00  16
104.098 0.00  8
104.262 0.00  16
104.590 0.00  8
104.754 0.00  16
105.081 0.00  8
105.245 0.00  16
105.573 0.00  8
105.737 0.00  16
106.065 0.00  8
106.229 0.00  16
106.557 0.00  8
106.721 0.00  8
107.213 0.00  3
107.540 0.00  3
107.704 0.00  1
107.868 0.00  1
108.032 0.00  1
108.196 0.00  6
108.524 0.00  6
108.688 0.00  2
108.852 0.00  2
109.016 0.00  2
109.180 0.00  12
109.508 0.00  4
109.672 0.00  12
109.999 0.00  4
110.163 0.00  12
110.491 0.00  4
110.655 0.00  12
110.983 0.00  4
111.147 0.00  1
111.475 0.00  1
111.639 0.00  1
111.803 0.00  2
111.967 0.00  4
112.131 0.00  2
112.458 0.00  2
112.622 0.00  2
112.786 0.00  4
112.950 0.00  8
113.114 0.00  12
113.442 0.00  4
113.606 0.00  12
113.934 0.00  4
114.098 0.00  12
114.426 0.00  4
114.590 0.00  12
114.917 0.00  4
115.081 0.00  3
115.409 0.00  3
115.573 0.00  1
115.737 0.00  1
115.901 0.00  1
116.065 0.00  6
116.393 0.00  6
116.557 0.00  2
116.721 0.00  2
116.885 0.00  2
117.049 0.00  12
117.376 0.00  4
117.540 0.00  12
117.868 0.00  4
118.032 0.00  12
118.360 0.00  4
118.524 0.00  12
118.852 0.00  4
119.016 0.00  1
119.344 0.00  1
119.508 0.00  1
119.672 0.00  2
119.835 0.00  4
119.999 0.00  2
120.327 0.00  2
120.491 0.00  2
120.655 0.00  4
120.819 0.00  8
120.983 0.00  12
121.311 0.00  4
121.475 0.00  12
121.803 0.00  4
121.967 0.00  12
122.295 0.00  4
122.458 0.00  12
122.786 0.00  4
122.950 0.00  16
123.114 0.00  16
123.278 0.00  16
123.442 0.00  16
123.606 0.00  16
123.770 0.00  16
123.934 0.00  12
124.098 0.00  12
124.262 0.00  12
124.426 0.00  12
124.590 0.00  12
124.754 0.00  12
124.917 1.50  1
126.721 1.50  3
128.688 0.00  3
130.757 0.00  3
130.819 0.00  4
131.147 0.00  1
131.311 0.00  8
131.639 0.00  1
131.803 0.00  4
132.131 0.00  1
132.295 0.00  2
132.704 0.00  2
132.786 0.50  4
133.770 0.50  8
134.754 0.00  4
135.081 0.00  2
135.409 0.00  4
135.573 0.00  8
135.737 0.00  4
136.065 0.50  2
137.049 0.00  4
137.540 0.00  2
137.704 0.00  4
138.032 0.00  8
138.360 0.00  4
138.524 0.00  2
138.688 1.00  1
140.163 0.00  4
140.327 0.00  2
140.491 0.00  1
140.655 0.50  2
141.639 0.50  8
142.622 0.00  4
142.950 0.00  2
143.278 0.00  4
143.442 0.00  8
143.606 0.00  4
143.934 0.50  2
144.917 0.00  4
145.409 0.00  2
145.573 0.00  4
145.901 0.00  8
146.393 0.00  4
148.524 0.00  8
149.016 0.00  8
149.180 0.00  4
149.344 0.00  2
149.508 0.50  8
150.491 0.00  3
150.819 0.00  3
150.983 0.00  1
151.147 0.00  1
151.311 0.00  1
151.475 0.00  6
151.803 0.00  6
151.967 0.00  2
152.131 0.00  2
152.294 0.00  2
152.458 0.00  12
152.786 0.00  4
152.950 0.00  12
153.278 0.00  4
153.442 0.00  12
153.770 0.00  4
153.934 0.00  12
154.262 0.00  4
154.426 0.00  1
154.754 0.00  1
154.917 0.00  1
155.081 0.00  2
155.245 0.00  4
155.409 0.00  2
155.737 0.00  2
155.901 0.00  2
156.065 0.00  4
156.229 0.00  8
156.393 0.00  12
156.721 0.00  4
156.885 0.00  12
157.213 0.00  4
157.376 0.00  12
157.704 0.00  4
157.868 0.00  12
158.196 0.00  4
158.360 0.00  3
158.688 0.00  3
158.852 0.00  1
159.016 0.00  1
159.180 0.00  1
159.344 0.00  6
159.672 0.00  6
159.835 0.00  2
159.999 0.00  2
160.163 0.00  2
160.327 0.00  12
160.655 0.00  4
160.819 0.00  12
161.147 0.00  4
161.311 0.00  12
161.639 0.00  4
161.803 0.00  12
162.131 0.00  4
162.294 0.00  1
162.622 0.00  1
162.786 0.00  1
162.950 0.00  2
163.114 0.00  4
163.278 0.00  2
163.606 0.00  2
163.770 0.00  2
163.934 0.00  4
164.098 0.00  8
164.262 0.00  12
164.590 0.00  4
164.754 0.00  12
165.081 0.00  4
165.245 0.00  12
165.573 0.00  4
165.737 0.00  12
166.065 0.00  4
166.229 0.00  3
166.557 0.00  3
167.213 0.00  6
167.540 0.00  6
168.196 0.00  12
168.524 0.00  4
168.688 0.00  12
169.016 0.00  4
169.180 0.00  12
169.508 0.00  4
169.672 0.00  12
169.999 0.00  4
170.163 0.00  1
170.491 0.00  1
170.655 0.00  1
170.819 0.00  2
170.983 0.00  4
171.147 0.00  2
171.475 0.00  2
171.639 0.00  2
171.803 0.00  4
171.967 0.00  8
172.131 0.00  12
172.458 0.00  4
172.622 0.00  12
172.950 0.00  4
173.114 0.00  12
173.442 0.00  4
173.606 0.00  12
173.934 0.00  4
174.098 0.00  16
174.262 0.00  16
174.426 0.00  16
174.590 0.00  16
174.753 0.00  16
174.917 0.00  16
175.081 0.00  12
175.245 0.00  12
175.409 0.00  12
175.573 0.00  12
175.737 0.00  12
175.901 0.00  12
176.065 0.00  1
176.393 0.00  1
176.557 0.00  2
176.721 0.00  4
176.885 0.00  8
177.049 0.00  4
177.376 0.00  4
177.540 0.00  8
177.704 0.00  4
177.868 0.00  8
178.196 0.00  8
178.360 0.00  4
178.524 0.00  8
178.688 0.00  4
178.852 0.00  2
179.016 0.00  2
179.344 0.00  2
179.672 0.00  4
179.999 0.00  1
180.327 0.00  1
180.491 0.00  2
180.655 0.00  4
180.819 0.00  8
180.983 0.00  4
181.311 0.00  4
181.475 0.00  8
181.639 0.00  4
181.803 0.00  8
182.131 0.00  8
182.294 0.00  4
182.458 0.00  8
182.622 0.00  4
182.786 0.00  2
182.950 0.00  8
183.278 0.00  4
183.606 0.00  2
183.934 0.00  3
184.262 0.00  3
184.426 0.00  1
184.590 0.00  1
184.753 0.00  1
184.917 0.00  3
185.245 0.50  3
185.777 0.00  4
185.777 0.00  4

999 0 0