3.934 0.00  3
4.262 0.00  3
4.426 0.00  2
4.590 0.00  4
4.754 0.00  8
4.918 0.00  10
5.245 0.00  10
5.409 0.00  4
5.573 0.00  2
5.737 0.00  4
6.065 0.00  8
6.229 0.00  4
6.393 0.00  8
6.557 0.00  4
6.721 0.00  2
6.885 0.00  6
7.213 0.00  6
7.540 0.00  10
7.868 0.00  3
8.196 0.00  3
8.360 0.00  2
8.524 0.00  4
8.688 0.00  8
8.852 0.00  10
9.180 0.00  10
9.344 0.00  4
9.508 0.00  2
9.672 0.00  4
9.999 0.00  8
10.163 0.00  4
10.327 0.00  8
10.491 0.00  4
10.655 0.00  2
10.819 0.00  6
11.147 0.00  6
11.475 0.00  10
11.803 0.00  3
12.131 0.00  3
12.295 0.00  2
12.459 0.00  4
12.622 0.00  8
12.786 0.00  10
13.114 0.00  10
13.278 0.00  4
13.442 0.00  2
13.606 0.00  4
13.934 0.00  8
14.098 0.00  4
14.262 0.00  8
14.426 0.00  4
14.590 0.00  2
14.754 0.00  6
15.081 0.00  6
15.409 0.00  10
15.737 0.00  3
16.065 0.00  3
16.229 0.00  2
16.393 0.00  4
16.557 0.00  8
16.721 0.00  10
17.049 0.00  10
17.213 0.00  4
17.377 0.00  2
17.540 0.00  4
17.868 0.00  8
18.032 0.00  4
18.196 0.00  8
18.360 0.00  4
18.524 0.00  2
18.688 0.00  12
19.016 0.00  10
19.344 0.00  6
19.672 0.00  3
19.999 0.00  3
20.163 0.00  1
20.327 0.00  1
20.491 0.00  1
20.655 0.00  3
20.983 0.00  3
21.147 0.00  1
21.311 0.00  1
21.475 0.00  1
21.639 0.00  3
21.967 0.00  3
22.131 0.00  1
22.295 0.00  1
22.459 0.00  1
22.622 0.00  5
22.950 0.00  1
23.114 0.00  9
23.442 0.00  1
23.606 0.00  5
23.934 0.00  1
24.098 0.00  3
24.426 0.00  1
24.590 0.00  5
24.651 0.00  5
24.918 0.00  5
24.979 0.00  5
25.081 0.00  5
25.409 0.00  5
25.573 0.00  5
25.901 0.00  5
26.065 0.00  5
26.393 0.00  5
26.557 0.00  5
26.885 0.00  5
27.049 0.00  5
27.377 0.00  5
27.540 0.00  5
27.868 0.00  5
28.032 0.00  5
28.360 0.00  5
28.421 0.00  5
28.524 0.00  5
28.852 0.00  5
29.016 0.00  5
29.344 0.00  5
29.508 0.00  5
29.836 0.00  5
29.999 0.00  5
30.327 0.00  5
30.491 0.00  10
30.819 0.00  10
30.983 0.00  2
31.147 0.00  2
31.311 0.00  2
31.475 0.00  10
31.803 0.00  10
31.967 0.00  2
32.131 0.00  2
32.295 0.00  2
32.458 0.00  5
32.519 0.00  5
32.786 0.00  5
32.847 0.00  5
32.950 0.00  5
33.278 0.00  5
33.442 0.00  5
33.770 0.00  5
33.934 0.00  5
34.262 0.00  5
34.426 0.00  5
34.754 0.00  5
34.918 0.00  5
35.245 0.00  5
35.409 0.00  5
35.737 0.00  5
35.901 0.00  5
36.229 0.00  5
36.290 0.00  5
36.393 0.00  5
36.721 0.00  5
36.885 0.00  5
37.213 0.00  5
37.377 0.00  5
37.704 0.00  5
37.868 0.00  5
38.196 0.00  5
38.360 0.00  10
38.688 0.00  10
38.852 0.00  2
39.016 0.00  2
39.180 0.00  2
39.344 0.00  10
39.672 0.00  10
39.836 0.00  2
39.999 0.00  2
40.163 0.00  2
40.327 0.00  16
40.655 0.00  4
40.819 0.00  16
41.147 0.00  4
41.311 0.00  16
41.639 0.00  4
41.803 0.00  16
42.131 0.00  4
42.295 0.00  16
42.622 0.00  4
42.786 0.00  16
43.114 0.00  4
43.278 0.00  16
43.606 0.00  4
43.770 0.00  16
44.098 0.00  4
44.262 0.00  3
44.590 0.00  3
44.754 0.00  2
44.918 0.00  4
45.081 0.00  8
45.245 0.00  10
45.573 0.00  10
45.737 0.00  4
45.901 0.00  2
46.065 0.00  4
46.393 0.00  8
46.557 0.00  4
46.721 0.00  8
46.885 0.00  4
47.049 0.00  2
47.213 0.00  6
47.540 0.00  10
47.868 0.00  12
48.196 0.00  16
48.524 0.00  8
48.688 0.00  16
49.016 0.00  8
49.180 0.00  16
49.508 0.00  8
49.672 0.00  16
49.999 0.00  8
50.163 0.00  16
50.491 0.00  8
50.655 0.00  16
50.983 0.00  8
51.147 0.00  16
51.475 0.00  8
51.639 0.00  16
51.967 0.00  8
52.131 0.00  16
52.295 0.00  16
52.458 0.00  16
52.622 0.00  16
52.786 0.00  16
52.950 0.00  16
53.114 0.00  16
53.278 0.00  16
53.442 0.00  16
53.606 0.00  16
53.770 0.00  16
53.934 0.00  16
54.098 0.00  5
54.426 0.00  5
54.590 0.00  1
54.754 0.00  1
54.918 0.00  1
55.081 0.00  10
55.409 0.00  10
55.573 0.00  2
55.737 0.00  2
55.901 0.00  2
56.065 0.00  16
56.393 0.00  4
56.557 0.00  16
56.885 0.00  4
57.049 0.00  16
57.377 0.00  4
57.540 0.00  16
57.868 0.00  4
58.032 0.00  3
58.360 0.00  3
58.524 0.00  1
58.688 0.00  2
58.852 0.00  4
59.016 0.00  6
59.344 0.00  6
59.508 0.00  2
59.672 0.00  4
59.836 0.00  8
59.999 0.00  16
60.327 0.00  4
60.491 0.00  16
60.819 0.00  4
60.983 0.00  16
61.311 0.00  4
61.475 0.00  16
61.803 0.00  4
61.967 0.00  5
62.295 0.00  5
62.458 0.00  1
62.622 0.00  1
62.786 0.00  1
62.950 0.00  10
63.278 0.00  10
63.442 0.00  2
63.606 0.00  2
63.770 0.00  2
63.934 0.00  16
64.262 0.00  4
64.426 0.00  16
64.754 0.00  4
64.917 0.00  16
65.245 0.00  4
65.409 0.00  16
65.737 0.00  4
65.901 0.00  3
66.229 0.00  3
66.393 0.00  1
66.557 0.00  2
66.721 0.00  4
66.885 0.00  6
67.213 0.00  6
67.377 0.00  2
67.540 0.00  4
67.704 0.00  8
67.868 0.00  16
68.196 0.00  4
68.360 0.00  16
68.688 0.00  4
68.852 0.00  16
69.180 0.00  4
69.344 0.00  16
69.672 0.00  4
69.836 0.00  16
69.999 0.00  16
70.163 0.00  16
70.327 0.00  16
70.491 0.00  16
70.655 0.00  16
70.819 0.00  12
70.983 0.00  12
71.147 0.00  12
71.311 0.00  12
71.475 0.00  12
71.639 0.00  12
71.803 0.00  3
72.131 0.00  3
72.295 0.00  2
72.458 0.00  4
72.622 0.00  8
72.786 0.00  10
73.114 0.00  10
73.278 0.00  4
73.442 0.00  2
73.606 0.00  4
73.934 0.00  8
74.098 0.00  4
74.262 0.00  8
74.426 0.00  4
74.590 0.00  2
74.754 0.00  6
75.081 0.00  6
75.409 0.00  10
75.737 0.00  3
76.065 0.00  3
76.229 0.00  2
76.393 0.00  4
76.557 0.00  8
76.721 0.00  10
77.049 0.00  10
77.213 0.00  4
77.377 0.00  2
77.540 0.00  4
77.868 0.00  8
78.032 0.00  4
78.196 0.00  8
78.360 0.00  4
78.524 0.00  2
78.688 0.00  12
79.016 0.00  10
79.344 0.00  6
79.672 0.00  5
79.733 0.00  5
79.999 0.00  5
80.060 0.00  5
80.163 0.00  5
80.491 0.00  5
80.655 0.00  5
80.983 0.00  5
81.147 0.00  5
81.475 0.00  5
81.639 0.00  5
81.967 0.00  5
82.131 0.00  5
82.458 0.00  5
82.622 0.00  5
82.950 0.00  5
83.114 0.00  5
83.442 0.00  5
83.503 0.00  5
83.606 0.00  5
83.934 0.00  5
84.098 0.00  5
84.426 0.00  5
84.590 0.00  5
84.917 0.00  5
85.081 0.00  5
85.409 0.00  5
85.573 0.00  10
85.901 0.00  10
86.065 0.00  2
86.229 0.00  2
86.393 0.00  2
86.557 0.00  10
86.885 0.00  10
87.049 0.00  2
87.213 0.00  2
87.376 0.00  2
87.540 0.00  5
87.601 0.00  5
87.868 0.00  5
87.929 0.00  5
88.032 0.00  5
88.360 0.00  5
88.524 0.00  5
88.852 0.00  5
89.016 0.00  5
89.344 0.00  5
89.508 0.00  5
89.836 0.00  5
89.999 0.00  5
90.327 0.00  5
90.491 0.00  5
90.819 0.00  5
90.983 0.00  5
91.311 0.00  5
91.372 0.00  5
91.475 0.00  5
91.803 0.00  5
91.967 0.00  5
92.295 0.00  5
92.458 0.00  5
92.786 0.00  5
92.950 0.00  5
93.278 0.00  5
93.442 0.00  10
93.770 0.00  10
93.934 0.00  2
94.098 0.00  2
94.262 0.00  2
94.426 0.00  10
94.754 0.00  10
94.917 0.00  2
95.081 0.00  2
95.245 0.00  2
95.409 0.00  16
95.737 0.00  4
95.901 0.00  16
96.229 0.00  4
96.393 0.00  16
96.721 0.00  4
96.885 0.00  16
97.213 0.00  4
97.376 0.00  16
97.704 0.00  4
97.868 0.00  16
98.196 0.00  4
98.360 0.00  16
98.688 0.00  4
98.852 0.00  16
99.180 0.00  4
99.344 0.00  3
99.672 0.00  3
99.836 0.00  2
99.999 0.00  4
100.163 0.00  8
100.327 0.00  10
100.655 0.00  10
100.819 0.00  4
100.983 0.00  2
101.147 0.00  4
101.475 0.00  8
101.639 0.00  4
101.803 0.00  8
101.967 0.00  4
102.131 0.00  2
102.295 0.00  6
102.622 0.00  10
102.950 0.00  12
103.278 0.00  16
103.606 0.00  8
103.770 0.00  16
104.098 0.00  8
104.262 0.00  16
104.590 0.00  8
104.754 0.00  16
105.081 0.00  8
105.245 0.00  16
105.573 0.00  8
105.737 0.00  16
106.065 0.00  8
106.229 0.00  16
106.557 0.00  8
106.721 0.00  8
106.803 0.00  4
106.885 0.00  2
106.967 0.00  1
107.213 0.00  5
107.540 0.00  5
107.704 0.00  1
107.868 0.00  1
108.032 0.00  1
108.196 0.00  10
108.524 0.00  10
108.688 0.00  2
108.852 0.00  2
109.016 0.00  2
109.180 0.00  16
109.508 0.00  4
109.672 0.00  16
109.999 0.00  4
110.163 0.00  16
110.491 0.00  4
110.655 0.00  16
110.983 0.00  4
111.147 0.00  3
111.475 0.00  3
111.639 0.00  1
111.803 0.00  2
111.967 0.00  4
112.131 0.00  6
112.458 0.00  6
112.622 0.00  2
112.786 0.00  4
112.950 0.00  8
113.114 0.00  16
113.442 0.00  4
113.606 0.00  16
113.934 0.00  4
114.098 0.00  16
114.426 0.00  4
114.590 0.00  16
114.917 0.00  4
115.081 0.00  5
115.409 0.00  5
115.573 0.00  1
115.737 0.00  1
115.901 0.00  1
116.065 0.00  10
116.393 0.00  10
116.557 0.00  2
116.721 0.00  2
116.885 0.00  2
117.049 0.00  16
117.376 0.00  4
117.540 0.00  16
117.868 0.00  4
118.032 0.00  16
118.360 0.00  4
118.524 0.00  16
118.852 0.00  4
119.016 0.00  3
119.344 0.00  3
119.508 0.00  1
119.672 0.00  2
119.835 0.00  4
119.999 0.00  6
120.327 0.00  6
120.491 0.00  2
120.655 0.00  4
120.819 0.00  8
120.983 0.00  16
121.311 0.00  4
121.475 0.00  16
121.803 0.00  4
121.967 0.00  16
122.295 0.00  4
122.458 0.00  16
122.786 0.00  4
122.950 0.00  16
123.114 0.00  16
123.278 0.00  16
123.442 0.00  16
123.606 0.00  16
123.770 0.00  16
123.934 0.00  12
124.098 0.00  12
124.262 0.00  12
124.426 0.00  12
124.590 0.00  12
124.754 0.00  12
124.917 1.50  3
126.721 0.00  3
128.606 0.00  3
128.688 0.00  3
130.757 0.00  3
130.819 0.00  5
131.147 0.00  1
131.311 0.00  9
131.639 0.00  1
131.803 0.00  5
132.131 0.00  1
132.295 0.00  3
132.622 0.00  1
132.704 0.00  2
132.786 0.50  12
133.770 0.50  16
134.754 0.00  12
135.081 0.00  6
135.409 0.00  12
135.573 0.00  16
135.737 0.00  12
136.065 0.50  6
137.049 0.00  12
137.540 0.00  6
137.704 0.00  12
138.032 0.00  16
138.360 0.00  12
138.524 0.00  6
138.688 1.00  3
140.163 0.00  16
140.327 0.00  12
140.491 0.00  6
140.655 0.50  12
141.639 0.50  16
142.622 0.00  12
142.950 0.00  6
143.278 0.00  12
143.442 0.00  16
143.606 0.00  12
143.934 0.50  6
144.917 0.00  12
145.409 0.00  6
145.573 0.00  12
145.901 0.00  16
146.229 0.00  12
146.393 0.00  6
146.557 1.50  16
148.524 0.00  12
148.852 0.00  16
149.016 0.00  12
149.180 0.00  6
149.344 0.00  3
149.508 0.50  16
150.491 0.00  5
150.819 0.00  5
150.983 0.00  1
151.147 0.00  1
151.311 0.00  1
151.475 0.00  10
151.803 0.00  10
151.967 0.00  2
152.131 0.00  2
152.294 0.00  2
152.458 0.00  16
152.786 0.00  4
152.950 0.00  16
153.278 0.00  4
153.442 0.00  16
153.770 0.00  4
153.934 0.00  16
154.262 0.00  4
154.426 0.00  3
154.754 0.00  3
154.917 0.00  1
155.081 0.00  2
155.245 0.00  4
155.409 0.00  6
155.737 0.00  6
155.901 0.00  2
156.065 0.00  4
156.229 0.00  8
156.393 0.00  16
156.721 0.00  4
156.885 0.00  16
157.213 0.00  4
157.376 0.00  16
157.704 0.00  4
157.868 0.00  16
158.196 0.00  4
158.360 0.00  5
158.688 0.00  5
158.852 0.00  1
159.016 0.00  1
159.180 0.00  1
159.344 0.00  10
159.672 0.00  10
159.835 0.00  2
159.999 0.00  2
160.163 0.00  2
160.327 0.00  16
160.655 0.00  4
160.819 0.00  16
161.147 0.00  4
161.311 0.00  16
161.639 0.00  4
161.803 0.00  16
162.131 0.00  4
162.294 0.00  3
162.622 0.00  3
162.786 0.00  1
162.950 0.00  2
163.114 0.00  4
163.278 0.00  6
163.606 0.00  6
163.770 0.00  2
163.934 0.00  4
164.098 0.00  8
164.262 0.00  16
164.590 0.00  4
164.754 0.00  16
165.081 0.00  4
165.245 0.00  16
165.573 0.00  4
165.737 0.00  16
166.065 0.00  4
166.229 0.00  5
166.290 0.00  5
166.557 0.00  5
166.618 0.00  5
167.213 0.00  10
167.274 0.00  10
167.540 0.00  10
167.601 0.00  10
168.196 0.00  16
168.524 0.00  4
168.688 0.00  16
169.016 0.00  4
169.180 0.00  16
169.508 0.00  4
169.672 0.00  16
169.999 0.00  4
170.163 0.00  3
170.491 0.00  3
170.655 0.00  1
170.819 0.00  2
170.983 0.00  4
171.147 0.00  6
171.475 0.00  6
171.639 0.00  2
171.803 0.00  4
171.967 0.00  8
172.131 0.00  16
172.458 0.00  4
172.622 0.00  16
172.950 0.00  4
173.114 0.00  16
173.442 0.00  4
173.606 0.00  16
173.934 0.00  4
174.098 0.00  16
174.262 0.00  16
174.426 0.00  16
174.590 0.00  16
174.753 0.00  16
174.917 0.00  16
175.081 0.00  12
175.245 0.00  12
175.409 0.00  12
175.573 0.00  12
175.737 0.00  12
175.901 0.00  12
176.065 0.00  3
176.393 0.00  3
176.557 0.00  2
176.721 0.00  4
176.885 0.00  8
177.049 0.00  10
177.376 0.00  10
177.540 0.00  4
177.704 0.00  2
177.868 0.00  4
178.196 0.00  8
178.360 0.00  4
178.524 0.00  8
178.688 0.00  4
178.852 0.00  2
179.016 0.00  6
179.344 0.00  6
179.672 0.00  10
179.999 0.00  3
180.327 0.00  3
180.491 0.00  2
180.655 0.00  4
180.819 0.00  8
180.983 0.00  10
181.311 0.00  10
181.475 0.00  4
181.639 0.00  2
181.803 0.00  4
182.131 0.00  8
182.294 0.00  4
182.458 0.00  8
182.622 0.00  4
182.786 0.00  2
182.950 0.00  12
183.278 0.00  10
183.606 0.00  6
183.934 0.00  3
183.995 0.00  3
184.262 0.00  3
184.328 0.00  3
184.426 0.00  1
184.590 0.00  1
184.753 0.00  1
184.917 0.00  3
184.978 0.00  3
185.245 0.00  3
185.777 0.00  3
185.777 0.00  8
185.777 0.00  8

999 0 0