2.995 0.50  1
3.556 0.50  1
4.118 0.00  1
4.492 0.00  2
5.207 0.00  2
5.922 0.50  1
6.492 0.50  1
7.063 0.00  1
7.443 0.00  2
8.157 0.00  2
8.905 0.50  1
9.454 0.50  1
10.004 0.00  1
10.368 0.00  2
11.097 0.00  2
11.826 0.50  1
12.371 0.50  1
12.917 0.00  1
13.279 0.00  2
14.001 0.00  2
14.723 0.00  4
15.481 0.00  4
16.225 0.00  4
16.959 0.00  4
17.701 0.00  1
18.431 0.00  1
19.159 0.00  4
19.340 0.50  1
19.882 0.00  2
20.249 0.00  4
20.615 0.00  4
21.362 0.00  4
22.096 0.00  4
22.839 0.00  4
23.593 0.00  1
24.323 0.00  1
25.060 0.00  4
25.244 0.50  1
25.797 0.00  2
26.165 0.00  4
26.533 1.00  4
28.007 0.50  1
28.744 0.50  2
29.480 0.00  4
30.217 0.00  4
30.954 0.00  4
31.690 0.00  4
32.427 1.00  4
33.901 0.50  1
34.637 0.50  2
35.374 0.00  4
36.106 0.00  4
36.834 0.00  4
37.561 0.00  4
38.288 0.00  4
39.030 0.00  4
39.772 0.00  4
40.505 0.00  4
41.241 0.00  1
41.978 0.00  1
42.714 0.00  4
42.898 0.50  1
43.450 0.00  2
43.818 0.00  4
44.187 0.00  4
44.930 0.00  4
45.648 0.00  4
46.402 0.00  4
47.139 0.00  1
47.871 0.00  1
48.605 0.00  4
48.788 0.50  1
49.337 0.00  2
49.711 0.00  4
50.084 2.50  4
53.046 2.50  2
55.991 2.50  4
58.929 2.50  2
61.868 0.00  4
62.603 0.00  4
63.337 0.00  4
64.073 0.00  4
64.809 0.00  1
65.554 0.00  1
66.289 0.00  4
66.473 0.50  1
67.024 0.00  2
67.391 0.00  4
67.759 0.00  4
68.493 0.00  4
69.227 0.00  4
69.958 0.00  4
70.688 0.00  1
71.423 0.00  1
72.155 0.00  4
72.338 0.50  1
72.888 0.00  2
73.254 0.00  4
73.620 0.00  4
74.361 0.00  4
75.102 0.00  4
75.844 0.00  4
76.586 0.00  1
77.319 0.00  1
78.045 0.00  4
78.227 0.50  1
78.771 0.00  2
79.149 0.00  4
79.528 0.00  4
80.257 0.00  4
80.987 0.00  4
81.728 0.00  4
82.462 0.00  1
83.196 0.00  1
83.927 0.00  4
84.110 0.50  1
84.658 0.00  2
85.024 0.00  4
85.389 0.00  4
85.777 0.00  2
86.184 1.00  4
87.268 0.00  4
87.627 0.00  4
87.987 0.00  2
88.357 0.00  1
88.728 0.00  1
89.097 0.00  2
89.465 0.00  1
89.650 1.50  2
91.310 0.00  1
91.680 0.00  2
92.050 0.00  4
92.419 0.00  4
92.789 0.00  1
93.161 0.00  2
93.526 0.50  4
94.077 0.50  4
94.629 0.00  4
95.008 0.00  4
95.363 0.00  2
95.719 0.00  1
96.091 0.50  2
96.836 0.00  1
97.209 0.50  2
97.811 0.50  2
98.313 0.00  2
98.674 0.00  4
99.053 0.00  4
99.425 0.00  4
99.793 0.00  4
100.161 0.00  2
100.530 0.00  1
100.895 0.00  2
101.260 0.00  1
101.626 0.00  4
101.991 0.00  1
102.357 0.00  4
102.722 0.00  1
103.088 0.00  4
103.457 0.00  2
103.827 0.00  4
104.196 0.00  2
104.566 0.00  2
104.948 0.00  1
105.314 0.00  2
105.680 0.00  1
106.047 0.00  2
106.411 0.00  2
106.781 0.00  4
107.149 0.00  2
107.517 0.00  4
107.732 0.50  2
108.253 0.00  4
108.989 0.00  4
109.730 0.00  4
110.474 0.00  4
111.205 0.00  4
111.927 0.00  1
112.657 0.00  1
113.391 0.00  4
113.574 0.50  1
114.124 0.00  2
114.491 0.00  4
114.858 0.00  4
115.593 0.00  4
116.330 0.00  4
117.068 0.00  4
117.803 0.00  1
118.558 0.00  1
119.293 0.00  4
119.477 0.50  1
120.028 0.00  2
120.396 0.00  4
120.763 0.00  4
121.501 0.00  4
122.243 0.00  4
122.974 0.00  4
123.706 0.00  1
124.445 0.00  1
125.184 0.00  4
125.369 0.50  1
125.923 0.00  2
126.293 0.00  4
126.662 0.00  4
127.401 0.00  4
128.123 0.00  4
128.862 0.00  4
129.606 0.00  1
130.335 0.00  1
131.070 0.00  4
131.253 0.50  1
131.804 0.00  2
132.171 0.00  4
132.538 1.00  4
134.007 0.50  1
134.741 0.50  2
135.475 1.00  4
136.944 0.00  4
137.678 0.00  4
138.413 1.00  4
139.887 0.50  1
140.624 0.50  2
141.361 1.00  4
142.836 0.00  4
143.573 0.00  4
144.311 0.00  4
145.049 0.00  4
145.787 0.00  4
146.518 0.00  4
147.248 0.00  1
147.988 0.00  1
148.729 0.00  4
148.914 0.50  1
149.469 0.00  2
149.839 0.00  4
150.209 0.00  4
150.941 0.00  4
151.674 0.00  4
152.408 0.00  4
153.144 0.00  1
153.880 0.00  1
154.616 0.00  4
154.800 0.50  1
155.352 0.00  2
155.720 0.00  4
156.088 0.00  4
156.824 0.00  4
157.561 0.00  4
158.295 0.00  4
159.030 0.00  1
159.765 0.00  1
160.499 0.00  4
160.683 0.50  1
161.234 0.00  2
161.601 0.00  4
161.969 0.00  4
162.702 0.00  4
163.435 0.00  4
164.168 0.00  4
164.901 0.00  1
165.635 0.00  1
166.368 0.00  4
166.551 0.50  1
167.101 0.00  2
167.589 0.00  4

999 0 0