2.995 0.50  1
3.556 0.50  1
4.118 0.00  1
4.492 0.00  2
4.850 0.00  4
5.207 0.00  2
5.565 0.00  4
5.922 0.50  1
6.492 0.50  1
7.063 0.00  1
7.443 0.00  2
7.800 0.00  4
8.157 0.00  2
8.514 0.00  4
8.905 0.50  1
9.454 0.50  1
10.004 0.00  1
10.368 0.00  2
10.732 0.00  4
11.097 0.00  2
11.461 0.00  4
11.826 0.50  1
12.371 0.50  1
12.917 0.00  1
13.279 0.00  2
13.640 0.00  4
14.001 0.00  2
14.362 0.00  4
14.723 0.00  2
15.102 0.00  2
15.481 0.00  2
15.847 0.00  2
16.225 0.00  2
16.588 0.00  2
16.959 0.00  2
17.331 0.00  2
17.701 0.00  1
18.071 0.00  1
18.431 0.00  1
18.798 0.00  1
19.159 0.00  4
19.340 0.50  3
19.882 0.00  6
20.249 0.00  8
20.615 0.00  2
20.995 0.00  2
21.362 0.00  2
21.730 0.00  2
22.096 0.00  2
22.461 0.00  2
22.839 0.00  2
23.216 0.00  2
23.593 0.00  1
23.955 0.00  1
24.323 0.00  1
24.691 0.00  1
25.060 0.00  4
25.244 0.50  3
25.797 0.00  6
26.165 0.00  8
26.533 1.00  6
28.007 0.50  3
28.744 0.50  5
29.480 0.00  6
29.849 0.00  2
30.217 0.00  2
30.585 0.00  2
30.954 0.00  2
31.322 0.00  2
31.690 0.00  2
32.059 0.00  2
32.427 1.00  6
33.901 0.50  3
34.637 0.50  5
35.374 0.00  6
35.743 0.00  2
36.106 0.00  2
36.470 0.00  2
36.834 0.00  2
37.197 0.00  2
37.561 0.00  2
37.925 0.00  2
38.288 0.00  2
38.659 0.00  2
39.030 0.00  2
39.401 0.00  2
39.772 0.00  2
40.137 0.00  2
40.505 0.00  2
40.873 0.00  2
41.241 0.00  1
41.609 0.00  1
41.978 0.00  1
42.346 0.00  1
42.714 0.00  4
42.898 0.50  3
43.450 0.00  6
43.818 0.00  8
44.187 0.00  2
44.561 0.00  2
44.930 0.00  2
45.299 0.00  2
45.648 0.00  2
46.020 0.00  2
46.402 0.00  2
46.770 0.00  2
47.139 0.00  1
47.503 0.00  1
47.871 0.00  1
48.239 0.00  1
48.605 0.00  4
48.788 0.50  3
49.337 0.00  6
49.711 0.00  8
50.084 2.50  6
53.046 2.50  3
55.991 2.50  6
58.929 2.50  3
61.868 0.00  2
62.235 0.00  2
62.603 0.00  2
62.970 0.00  2
63.337 0.00  2
63.705 0.00  2
64.073 0.00  2
64.441 0.00  2
64.809 0.00  1
65.187 0.00  1
65.554 0.00  1
65.922 0.00  1
66.289 0.00  4
66.473 0.50  3
67.024 0.00  6
67.391 0.00  8
67.759 0.00  2
68.126 0.00  2
68.493 0.00  2
68.860 0.00  2
69.227 0.00  2
69.592 0.00  2
69.958 0.00  2
70.323 0.00  2
70.688 0.00  1
71.056 0.00  1
71.423 0.00  1
71.789 0.00  1
72.155 0.00  4
72.338 0.50  3
72.888 0.00  6
73.254 0.00  8
73.620 0.00  2
73.991 0.00  2
74.361 0.00  2
74.731 0.00  2
75.102 0.00  2
75.472 0.00  2
75.844 0.00  2
76.215 0.00  2
76.586 0.00  1
76.956 0.00  1
77.319 0.00  1
77.682 0.00  1
78.045 0.00  4
78.227 0.50  3
78.771 0.00  6
79.149 0.00  8
79.528 0.00  2
79.892 0.00  2
80.257 0.00  2
80.622 0.00  2
80.987 0.00  2
81.361 0.00  2
81.728 0.00  2
82.095 0.00  2
82.462 0.00  1
82.831 0.00  1
83.196 0.00  1
83.562 0.00  1
83.927 0.00  4
84.110 0.50  3
84.658 0.00  6
85.024 0.00  8
85.389 0.00  8
85.631 0.00  4
85.777 0.00  2
85.981 1.00  4
87.268 0.00  4
87.448 0.00  2
87.627 0.00  4
87.987 0.00  2
88.357 0.00  1
88.728 0.00  1
89.097 0.00  4
89.281 0.00  2
89.465 0.00  1
89.650 1.50  2
91.310 0.00  1
91.680 0.00  2
92.050 0.00  4
92.234 0.00  4
92.419 0.00  4
92.789 0.00  1
93.161 0.00  2
93.526 0.50  8
94.077 0.50  8
94.629 0.00  8
95.008 0.00  4
95.185 0.00  2
95.363 0.00  2
95.719 0.00  1
95.905 0.00  2
96.091 0.50  2
96.836 0.00  1
97.023 0.00  2
97.209 0.50  4
97.811 0.50  4
98.313 0.00  4
98.493 0.00  2
98.674 0.00  8
99.053 0.00  8
99.425 0.00  8
99.793 0.00  4
100.161 0.00  2
100.530 0.00  1
100.895 0.00  2
101.260 0.00  1
101.626 0.00  4
101.808 0.00  2
101.991 0.00  1
102.174 0.00  2
102.357 0.00  4
102.722 0.00  2
103.088 0.00  4
103.457 0.00  2
103.827 0.00  4
104.196 0.00  2
104.566 0.00  2
104.948 0.00  1
105.314 0.00  2
105.497 0.00  4
105.680 0.00  2
105.864 0.00  1
106.047 0.00  2
106.411 0.00  2
106.596 0.00  4
106.781 0.00  8
106.965 0.00  4
107.149 0.00  2
107.517 0.00  4
107.732 0.50  2
108.253 0.00  4
108.989 0.00  2
109.357 0.00  2
109.730 0.00  2
110.102 0.00  2
110.474 0.00  2
110.833 0.00  2
111.205 0.00  2
111.566 0.00  2
111.927 0.00  1
112.290 0.00  1
112.657 0.00  1
113.024 0.00  1
113.391 0.00  4
113.574 0.50  3
114.124 0.00  6
114.491 0.00  8
114.858 0.00  2
115.225 0.00  2
115.593 0.00  2
115.961 0.00  2
116.330 0.00  2
116.700 0.00  2
117.068 0.00  2
117.435 0.00  2
117.803 0.00  1
118.176 0.00  1
118.558 0.00  1
118.926 0.00  1
119.293 0.00  4
119.477 0.50  3
120.028 0.00  6
120.396 0.00  8
120.763 0.00  2
121.130 0.00  2
121.501 0.00  2
121.872 0.00  2
122.243 0.00  2
122.605 0.00  2
122.974 0.00  2
123.342 0.00  2
123.706 0.00  1
124.075 0.00  1
124.445 0.00  1
124.814 0.00  1
125.184 0.00  4
125.369 0.50  3
125.923 0.00  6
126.293 0.00  8
126.662 0.00  2
127.032 0.00  2
127.401 0.00  2
127.762 0.00  2
128.123 0.00  2
128.493 0.00  2
128.862 0.00  2
129.232 0.00  2
129.606 0.00  1
129.968 0.00  1
130.335 0.00  1
130.702 0.00  1
131.070 0.00  4
131.253 0.50  3
131.804 0.00  6
132.171 0.00  8
132.538 1.00  6
134.007 0.50  3
134.741 0.50  5
135.475 1.00  6
136.577 0.00  2
136.944 0.00  2
137.311 0.00  2
137.678 0.00  2
138.045 0.00  2
138.413 1.00  6
139.887 0.50  3
140.624 0.50  5
141.361 1.00  6
142.836 0.00  2
143.204 0.00  2
143.573 0.00  2
143.942 0.00  2
144.311 0.00  2
144.680 0.00  2
145.049 0.00  2
145.418 0.00  2
145.787 0.00  2
146.152 0.00  2
146.518 0.00  2
146.883 0.00  2
147.248 0.00  1
147.618 0.00  1
147.988 0.00  1
148.359 0.00  1
148.729 0.00  4
148.914 0.50  3
149.469 0.00  6
149.839 0.00  8
150.209 0.00  2
150.575 0.00  2
150.941 0.00  2
151.307 0.00  2
151.674 0.00  2
152.040 0.00  2
152.408 0.00  2
152.776 0.00  2
153.144 0.00  1
153.512 0.00  1
153.880 0.00  1
154.248 0.00  1
154.616 0.00  4
154.800 0.50  3
155.352 0.00  6
155.720 0.00  8
156.088 0.00  2
156.456 0.00  2
156.824 0.00  2
157.192 0.00  2
157.561 0.00  2
157.928 0.00  2
158.295 0.00  2
158.663 0.00  2
159.030 0.00  1
159.397 0.00  1
159.765 0.00  1
160.132 0.00  1
160.499 0.00  4
160.683 0.50  3
161.234 0.00  6
161.601 0.00  8
161.969 0.00  2
162.335 0.00  2
162.702 0.00  2
163.068 0.00  2
163.435 0.00  2
163.802 0.00  2
164.168 0.00  2
164.535 0.00  2
164.901 0.00  1
165.268 0.00  1
165.635 0.00  1
166.001 0.00  1
166.368 0.00  4
166.551 0.50  3
167.101 0.00  6
167.589 0.00  8
167.589 0.00  8

999 0 0