2.995 0.00  1
3.088 0.00  2
3.556 0.00  1
3.650 0.00  2
4.118 0.00  1
4.212 0.00  2
4.492 0.00  1
4.671 0.00  4
4.850 0.00  2
5.029 0.00  8
5.207 0.00  1
5.386 0.00  4
5.565 0.00  2
5.743 0.00  8
5.922 0.00  1
6.017 0.00  2
6.492 0.00  1
6.588 0.00  2
7.063 0.00  1
7.158 0.00  2
7.443 0.00  1
7.622 0.00  4
7.800 0.00  2
7.979 0.00  8
8.157 0.00  1
8.336 0.00  4
8.514 0.00  2
8.709 0.00  8
8.905 0.00  1
8.996 0.00  2
9.454 0.00  1
9.546 0.00  2
10.004 0.00  1
10.095 0.00  2
10.368 0.00  1
10.550 0.00  4
10.732 0.00  2
10.915 0.00  8
11.097 0.00  1
11.279 0.00  4
11.461 0.00  2
11.643 0.00  8
11.826 0.00  1
11.917 0.00  2
12.371 0.00  1
12.462 0.00  2
12.917 0.00  1
13.008 0.00  2
13.279 0.00  1
13.459 0.00  4
13.640 0.00  2
13.820 0.00  8
14.001 0.00  1
14.181 0.00  4
14.362 0.00  2
14.542 0.00  8
14.723 0.00  6
14.770 0.00  6
14.913 0.00  10
15.102 0.00  10
15.292 0.00  10
15.481 0.00  10
15.664 0.00  10
15.847 0.00  10
16.036 0.00  10
16.225 0.00  10
16.406 0.00  10
16.588 0.00  10
16.774 0.00  10
16.959 0.00  10
17.145 0.00  10
17.331 0.00  10
17.516 0.00  10
17.701 0.00  5
17.886 0.00  5
18.071 0.00  5
18.251 0.00  5
18.431 0.00  5
18.614 0.00  5
18.798 0.00  5
18.979 0.00  5
19.159 0.00  12
19.340 0.00  3
19.882 0.00  3
19.882 0.00  6
20.248 0.00  6
20.249 0.00  16
20.615 0.00  10
20.805 0.00  10
20.995 0.00  10
21.179 0.00  10
21.362 0.00  10
21.546 0.00  10
21.730 0.00  10
21.913 0.00  10
22.096 0.00  10
22.278 0.00  10
22.461 0.00  10
22.650 0.00  10
22.839 0.00  10
23.027 0.00  10
23.216 0.00  10
23.405 0.00  10
23.593 0.00  5
23.774 0.00  5
23.955 0.00  5
24.139 0.00  5
24.323 0.00  5
24.507 0.00  5
24.691 0.00  5
24.876 0.00  5
25.060 0.00  12
25.244 0.00  3
25.796 0.00  3
25.797 0.00  6
26.165 0.00  6
26.165 0.00  16
26.533 0.00  6
28.006 0.00  6
28.007 0.50  3
28.744 0.00  3
29.480 0.00  3
29.480 0.00  6
29.558 0.00  6
29.664 0.00  10
29.849 0.00  10
30.033 0.00  10
30.217 0.00  10
30.401 0.00  10
30.585 0.00  10
30.770 0.00  10
30.954 0.00  10
31.138 0.00  10
31.322 0.00  10
31.506 0.00  10
31.690 0.00  10
31.875 0.00  10
32.059 0.00  10
32.243 0.00  10
32.427 0.00  6
33.900 0.00  6
33.901 0.50  3
34.637 0.00  3
35.373 0.00  3
35.374 0.00  6
35.452 0.00  6
35.558 0.00  10
35.743 0.00  10
35.924 0.00  10
36.106 0.00  10
36.288 0.00  10
36.470 0.00  10
36.652 0.00  10
36.834 0.00  10
37.015 0.00  10
37.197 0.00  10
37.379 0.00  10
37.561 0.00  10
37.743 0.00  10
37.925 0.00  10
38.107 0.00  10
38.288 0.00  6
38.334 0.00  6
38.474 0.00  10
38.659 0.00  10
38.845 0.00  10
39.030 0.00  10
39.215 0.00  10
39.401 0.00  10
39.586 0.00  10
39.772 0.00  10
39.954 0.00  10
40.137 0.00  10
40.321 0.00  10
40.505 0.00  10
40.689 0.00  10
40.873 0.00  10
41.057 0.00  10
41.241 0.00  5
41.425 0.00  5
41.609 0.00  5
41.793 0.00  5
41.978 0.00  5
42.162 0.00  5
42.346 0.00  5
42.530 0.00  5
42.714 0.00  12
42.898 0.00  3
43.450 0.00  3
43.450 0.00  6
43.818 0.00  6
43.818 0.00  16
44.187 0.00  10
44.374 0.00  10
44.561 0.00  10
44.746 0.00  10
44.930 0.00  10
45.115 0.00  10
45.299 0.00  10
45.473 0.00  10
45.648 0.00  10
45.834 0.00  10
46.020 0.00  10
46.211 0.00  10
46.402 0.00  10
46.586 0.00  10
46.770 0.00  10
46.955 0.00  10
47.139 0.00  5
47.321 0.00  5
47.503 0.00  5
47.687 0.00  5
47.871 0.00  5
48.055 0.00  5
48.239 0.00  5
48.422 0.00  5
48.605 0.00  12
48.788 0.00  3
49.337 0.00  3
49.337 0.00  6
49.710 0.00  6
49.711 0.00  16
50.084 0.00  6
53.045 0.00  6
53.046 0.00  3
55.991 0.00  3
55.991 0.00  6
58.929 0.00  6
58.929 0.00  3
61.867 0.00  3
61.868 0.00  10
62.052 0.00  10
62.235 0.00  10
62.419 0.00  10
62.603 0.00  10
62.786 0.00  10
62.970 0.00  10
63.154 0.00  10
63.337 0.00  10
63.521 0.00  10
63.705 0.00  10
63.889 0.00  10
64.073 0.00  10
64.257 0.00  10
64.441 0.00  10
64.625 0.00  10
64.809 0.00  5
64.998 0.00  5
65.187 0.00  5
65.371 0.00  5
65.554 0.00  5
65.738 0.00  5
65.922 0.00  5
66.106 0.00  5
66.289 0.00  12
66.473 0.00  3
67.024 0.00  3
67.024 0.00  6
67.391 0.00  6
67.391 0.00  16
67.759 0.00  6
67.804 0.00  6
67.942 0.00  10
68.126 0.00  10
68.309 0.00  10
68.493 0.00  10
68.676 0.00  10
68.860 0.00  10
69.043 0.00  10
69.227 0.00  10
69.410 0.00  10
69.592 0.00  10
69.775 0.00  10
69.958 0.00  10
70.140 0.00  10
70.323 0.00  10
70.506 0.00  10
70.688 0.00  5
70.872 0.00  5
71.056 0.00  5
71.239 0.00  5
71.423 0.00  5
71.606 0.00  5
71.789 0.00  5
71.972 0.00  5
72.155 0.00  12
72.338 0.00  3
72.887 0.00  3
72.888 0.00  6
73.254 0.00  6
73.254 0.00  16
73.620 0.00  6
73.666 0.00  6
73.805 0.00  10
73.991 0.00  10
74.176 0.00  10
74.361 0.00  10
74.546 0.00  10
74.731 0.00  10
74.917 0.00  10
75.102 0.00  10
75.287 0.00  10
75.472 0.00  10
75.658 0.00  10
75.844 0.00  10
76.029 0.00  10
76.215 0.00  10
76.400 0.00  10
76.586 0.00  5
76.771 0.00  5
76.956 0.00  5
77.138 0.00  5
77.319 0.00  5
77.501 0.00  5
77.682 0.00  5
77.864 0.00  5
78.045 0.00  12
78.227 0.00  3
78.771 0.00  3
78.771 0.00  6
79.149 0.00  6
79.149 0.00  16
79.528 0.00  6
79.573 0.00  6
79.710 0.00  10
79.892 0.00  10
80.075 0.00  10
80.257 0.00  10
80.440 0.00  10
80.622 0.00  10
80.804 0.00  10
80.987 0.00  10
81.174 0.00  10
81.361 0.00  10
81.545 0.00  10
81.728 0.00  10
81.912 0.00  10
82.095 0.00  10
82.278 0.00  10
82.462 0.00  5
82.646 0.00  5
82.831 0.00  5
83.014 0.00  5
83.196 0.00  5
83.379 0.00  5
83.562 0.00  5
83.745 0.00  5
83.927 0.00  12
84.110 0.00  3
84.658 0.00  3
84.658 0.00  6
85.023 0.00  6
85.024 0.00  16
85.252 0.00  4
85.389 0.00  8
85.631 0.00  8
85.777 0.00  4
85.981 1.00  8
87.268 0.00  8
87.448 0.00  4
87.627 0.00  8
87.807 0.00  4
87.987 0.00  2
88.079 0.00  1
88.357 0.00  4
88.542 0.00  8
88.728 0.00  4
88.912 0.00  8
89.097 0.00  4
89.281 0.00  2
89.465 0.00  1
89.650 1.50  2
91.310 0.00  2
91.495 0.00  4
91.680 0.00  8
92.050 0.00  1
92.234 0.00  2
92.419 0.00  2
92.789 0.00  1
92.975 0.00  2
93.161 0.00  4
93.343 0.00  8
93.709 0.00  8
93.892 0.00  4
94.077 0.00  8
94.263 0.00  8
94.446 0.00  4
94.629 0.00  8
95.008 0.00  4
95.185 0.00  2
95.363 0.00  2
95.719 0.00  1
95.905 0.00  2
96.091 0.50  2
96.836 0.00  1
96.929 0.00  2
97.023 0.00  4
97.209 0.50  8
97.811 0.50  8
98.313 0.00  8
98.493 0.00  4
98.674 0.00  8
99.053 0.00  8
99.425 0.00  8
99.609 0.00  8
99.701 0.00  4
99.793 0.00  8
99.885 0.00  4
99.977 0.00  2
100.161 0.00  4
100.253 0.00  2
100.345 0.00  1
100.530 0.00  4
100.621 0.00  2
100.712 0.00  1
100.895 0.00  2
101.077 0.00  8
101.260 0.00  4
101.351 0.00  2
101.443 0.00  1
101.626 0.00  8
101.808 0.00  4
101.900 0.00  2
101.991 0.00  1
102.174 0.00  2
102.357 0.00  4
102.448 0.00  8
102.585 0.00  4
102.722 0.00  2
103.088 0.00  8
103.457 0.00  4
103.550 0.00  8
103.642 0.00  4
103.734 0.00  2
103.827 0.00  4
104.011 0.00  2
104.196 0.00  2
104.258 0.00  4
104.319 0.00  2
104.381 0.00  1
104.566 0.00  8
104.757 0.00  4
104.948 0.00  2
105.131 0.00  1
105.314 0.00  2
105.497 0.00  4
105.680 0.00  2
105.864 0.00  1
106.047 0.00  4
106.411 0.00  4
106.596 0.00  8
106.965 0.00  8
107.149 0.00  4
107.517 0.00  8
107.732 0.50  4
108.253 0.00  8
108.560 0.00  4
108.621 0.00  2
108.683 0.00  1
108.989 0.00  10
109.173 0.00  10
109.357 0.00  10
109.543 0.00  10
109.730 0.00  10
109.916 0.00  10
110.102 0.00  10
110.288 0.00  10
110.474 0.00  10
110.654 0.00  10
110.833 0.00  10
111.019 0.00  10
111.205 0.00  10
111.385 0.00  10
111.566 0.00  10
111.746 0.00  10
111.927 0.00  5
112.109 0.00  5
112.290 0.00  5
112.474 0.00  5
112.657 0.00  5
112.840 0.00  5
113.024 0.00  5
113.207 0.00  5
113.391 0.00  12
113.574 0.00  3
114.124 0.00  3
114.124 0.00  6
114.490 0.00  6
114.491 0.00  16
114.858 0.00  10
115.041 0.00  10
115.225 0.00  10
115.409 0.00  10
115.593 0.00  10
115.777 0.00  10
115.961 0.00  10
116.146 0.00  10
116.330 0.00  10
116.515 0.00  10
116.700 0.00  10
116.884 0.00  10
117.068 0.00  10
117.252 0.00  10
117.435 0.00  10
117.619 0.00  10
117.803 0.00  5
117.989 0.00  5
118.176 0.00  5
118.367 0.00  5
118.558 0.00  5
118.742 0.00  5
118.926 0.00  5
119.110 0.00  5
119.293 0.00  12
119.477 0.00  3
120.028 0.00  3
120.028 0.00  6
120.395 0.00  6
120.396 0.00  16
120.763 0.00  10
120.947 0.00  10
121.130 0.00  10
121.316 0.00  10
121.501 0.00  10
121.687 0.00  10
121.872 0.00  10
122.057 0.00  10
122.243 0.00  10
122.424 0.00  10
122.605 0.00  10
122.789 0.00  10
122.974 0.00  10
123.158 0.00  10
123.342 0.00  10
123.524 0.00  10
123.706 0.00  5
123.890 0.00  5
124.075 0.00  5
124.260 0.00  5
124.445 0.00  5
124.629 0.00  5
124.814 0.00  5
124.999 0.00  5
125.184 0.00  12
125.369 0.00  3
125.923 0.00  3
125.923 0.00  6
126.292 0.00  6
126.293 0.00  16
126.662 0.00  10
126.847 0.00  10
127.032 0.00  10
127.216 0.00  10
127.401 0.00  10
127.582 0.00  10
127.762 0.00  10
127.943 0.00  10
128.123 0.00  10
128.308 0.00  10
128.493 0.00  10
128.678 0.00  10
128.862 0.00  10
129.047 0.00  10
129.232 0.00  10
129.419 0.00  10
129.606 0.00  5
129.787 0.00  5
129.968 0.00  5
130.152 0.00  5
130.335 0.00  5
130.519 0.00  5
130.702 0.00  5
130.886 0.00  5
131.070 0.00  12
131.253 0.00  3
131.803 0.00  3
131.804 0.00  6
132.171 0.00  6
132.171 0.00  16
132.538 0.00  6
134.006 0.00  6
134.007 0.50  3
134.741 0.00  3
135.475 0.00  3
135.475 0.00  6
136.576 0.00  6
136.577 0.00  6
136.616 0.00  6
136.760 0.00  10
136.944 0.00  10
137.128 0.00  10
137.311 0.00  10
137.495 0.00  10
137.678 0.00  10
137.862 0.00  10
138.045 0.00  10
138.229 0.00  10
138.413 0.00  6
139.887 0.00  6
139.887 0.50  3
140.624 0.00  3
141.361 0.00  3
141.361 0.00  6
142.835 0.00  6
142.836 0.00  6
142.875 0.00  6
143.020 0.00  10
143.204 0.00  10
143.389 0.00  10
143.573 0.00  10
143.757 0.00  10
143.942 0.00  10
144.126 0.00  10
144.311 0.00  6
144.357 0.00  6
144.495 0.00  10
144.680 0.00  10
144.865 0.00  10
145.049 0.00  10
145.234 0.00  10
145.418 0.00  10
145.603 0.00  10
145.787 0.00  10
145.970 0.00  10
146.152 0.00  10
146.335 0.00  10
146.518 0.00  10
146.700 0.00  10
146.883 0.00  10
147.066 0.00  10
147.248 0.00  5
147.433 0.00  5
147.618 0.00  5
147.803 0.00  5
147.988 0.00  5
148.174 0.00  5
148.359 0.00  5
148.544 0.00  5
148.729 0.00  12
148.914 0.00  3
149.469 0.00  3
149.469 0.00  6
149.839 0.00  6
149.839 0.00  16
150.209 0.00  6
150.254 0.00  6
150.392 0.00  10
150.575 0.00  10
150.758 0.00  10
150.941 0.00  10
151.124 0.00  10
151.307 0.00  10
151.491 0.00  10
151.674 0.00  10
151.857 0.00  10
152.040 0.00  10
152.224 0.00  10
152.408 0.00  10
152.592 0.00  10
152.776 0.00  10
152.960 0.00  10
153.144 0.00  5
153.328 0.00  5
153.512 0.00  5
153.696 0.00  5
153.880 0.00  5
154.064 0.00  5
154.248 0.00  5
154.432 0.00  5
154.616 0.00  12
154.800 0.00  3
155.352 0.00  3
155.352 0.00  6
155.720 0.00  6
155.720 0.00  16
156.088 0.00  6
156.134 0.00  6
156.272 0.00  10
156.456 0.00  10
156.640 0.00  10
156.824 0.00  10
157.008 0.00  10
157.192 0.00  10
157.377 0.00  10
157.561 0.00  10
157.744 0.00  10
157.928 0.00  10
158.112 0.00  10
158.295 0.00  10
158.479 0.00  10
158.663 0.00  10
158.846 0.00  10
159.030 0.00  5
159.214 0.00  5
159.397 0.00  5
159.581 0.00  5
159.765 0.00  5
159.948 0.00  5
160.132 0.00  5
160.316 0.00  5
160.499 0.00  12
160.683 0.00  3
161.233 0.00  3
161.234 0.00  6
161.601 0.00  6
161.601 0.00  16
161.969 0.00  6
162.014 0.00  6
162.152 0.00  10
162.335 0.00  10
162.518 0.00  10
162.702 0.00  10
162.885 0.00  10
163.068 0.00  10
163.252 0.00  10
163.435 0.00  10
163.618 0.00  10
163.802 0.00  10
163.985 0.00  10
164.168 0.00  10
164.352 0.00  10
164.535 0.00  10
164.718 0.00  10
164.901 0.00  5
165.085 0.00  5
165.268 0.00  5
165.451 0.00  5
165.635 0.00  5
165.818 0.00  5
166.001 0.00  5
166.185 0.00  5
166.368 0.00  12
166.551 0.00  3
167.100 0.00  3
167.101 0.00  6
167.589 0.00  6
167.589 0.00  16
167.589 0.00  16

999 0 0