3.965 0.00  4
4.460 0.00  4
5.205 0.00  1
5.950 0.00  1
6.697 0.00  2
7.197 0.00  2
7.945 0.00  4
8.442 0.00  4
9.187 0.00  1
9.930 0.00  1
10.675 0.00  2
11.170 0.00  2
11.912 0.00  2
12.422 0.00  2
13.062 0.00  2
13.445 0.00  2
13.955 0.00  2
14.440 0.00  2
15.045 0.00  2
15.410 0.00  2
15.892 0.00  4
16.385 0.00  4
17.002 0.00  4
17.372 0.00  4
17.865 0.00  4
18.350 0.00  4
18.832 0.00  4
19.317 0.00  1
19.800 0.50  2
20.532 1.50  2
22.482 0.00  4
23.212 0.00  1
23.700 0.50  2
24.435 1.00  2
25.905 0.00  4
26.635 0.50  2
27.607 0.00  4
28.095 0.00  4
28.585 0.00  4
29.562 0.00  4
30.047 0.00  4
30.532 0.00  2
31.015 0.00  1
31.500 0.00  2
31.865 0.00  2
32.475 0.00  2
32.962 0.00  2
33.450 0.00  4
33.935 0.00  2
34.420 0.00  1
34.905 1.50  4
37.342 0.00  1
38.065 0.50  4
39.272 0.00  1
39.995 0.00  4
40.477 0.00  2
41.200 0.00  1
41.925 0.50  4
43.135 0.00  1
43.845 0.50  2
45.030 0.00  1
45.762 0.50  4
46.982 0.00  1
47.690 0.00  4
48.162 0.00  2
48.870 0.00  1
49.590 0.50  4
50.787 0.00  1
51.497 0.50  2
52.680 0.00  1
53.397 0.50  4
54.592 0.00  1
55.305 0.00  4
55.780 0.00  2
56.495 0.00  1
57.202 0.50  4
58.382 0.00  1
59.087 0.50  2
60.262 0.00  1
60.975 0.50  4
62.160 0.00  1
62.877 0.00  4
63.355 0.00  2
64.075 0.00  1
64.782 0.50  4
65.965 0.00  1
66.687 3.50  2
70.660 0.00  4
71.145 0.00  4
71.870 0.00  1
72.595 0.00  1
73.332 0.00  2
73.822 0.00  2
74.557 0.00  4
75.040 0.00  4
75.760 0.00  1
76.480 0.00  1
77.197 0.00  2
77.675 0.00  2
78.392 0.00  4
78.890 0.00  4
79.637 0.00  1
80.382 0.00  1
81.100 0.00  2
81.580 0.00  2
82.297 0.00  4
82.780 0.00  4
83.507 0.00  1
84.235 0.00  2
84.957 0.00  4
85.677 2.00  4
88.082 0.00  1
88.795 0.50  4
89.982 0.00  1
90.692 0.00  4
91.165 0.00  2
91.875 0.00  1
92.615 0.50  4
93.845 0.00  1
94.560 0.50  2
95.755 0.00  1
96.480 0.50  4
97.692 0.00  1
98.395 0.00  4
98.862 0.00  2
99.562 0.00  1
100.280 0.50  4
101.477 0.00  1
102.185 0.50  2
103.367 0.00  1
104.075 0.50  4
105.255 0.00  1
105.975 0.00  4
106.452 0.00  2
107.170 0.00  1
107.870 0.50  4
109.037 0.00  1
109.745 0.50  2
110.920 0.00  1
111.620 0.50  4
112.782 0.50  1
113.505 0.00  4
113.985 0.00  2
114.707 0.00  1
115.410 0.50  4
116.582 0.00  1
117.292 0.50  2
118.475 1.00  4
119.742 0.00  4
120.087 0.00  4
120.500 0.00  4
120.777 0.00  4
121.237 0.00  4
121.720 0.00  4
122.442 0.00  1
123.165 0.00  1
123.890 0.00  2
124.375 0.00  2
125.100 0.00  4
125.585 0.00  4
126.312 0.00  1
127.040 0.00  1
127.755 0.00  2
128.230 0.00  2
128.945 0.00  4
129.435 0.00  4
130.172 0.00  1
130.910 0.00  1
131.625 0.00  2
132.102 0.00  2
132.817 0.00  4
133.300 0.00  4
134.020 0.00  1
134.742 0.00  1
135.460 0.00  2
135.935 0.00  2
136.650 0.00  4
137.132 0.00  4
137.615 0.50  4
138.582 0.00  1
139.305 0.00  2
139.785 0.00  2
140.510 0.00  4
140.985 0.00  4
141.460 0.50  4
142.412 0.00  1
143.125 0.00  2
143.600 0.00  2
144.310 0.00  4
144.800 0.00  4
145.292 0.50  4
146.272 0.00  1
146.980 0.00  2
147.450 0.00  2
148.155 0.00  4
148.635 0.00  4
149.117 0.50  4
150.082 0.00  1
150.790 0.00  2
151.260 0.00  2
151.967 0.50  4
152.790 0.50  4
153.615 2.00  2
155.730 0.00  2
156.212 0.00  4
156.695 0.00  2
157.177 0.00  4
157.660 0.50  2
158.857 0.00  1
159.335 0.00  2
159.817 0.00  4
160.300 0.00  1
160.782 0.00  2
161.265 0.50  4
161.985 0.00  4
162.585 0.00  4
162.942 0.00  2
163.420 0.00  4
164.147 0.00  4
164.872 0.00  4
165.600 0.00  1
166.210 0.00  2
166.820 0.00  4
167.307 0.00  1
167.790 0.00  1
168.270 0.00  2
168.752 0.00  2
169.235 0.00  4
169.697 0.00  4
170.162 0.00  2
170.627 0.00  4
171.092 0.50  4
171.765 1.00  4
172.767 0.50  4
173.942 0.00  1
174.410 0.00  2
174.880 0.00  2
175.362 1.00  4
176.815 0.00  1
177.295 0.00  2
177.657 0.00  4
178.257 0.00  2
178.737 0.00  4
179.212 0.00  4
179.687 0.50  4
180.637 0.00  2
181.117 0.00  2
181.597 0.00  2
182.075 0.00  1
182.555 0.00  2
183.035 0.00  2
183.510 0.00  2
183.990 0.00  2
184.465 0.00  4
184.945 0.00  1
185.540 0.00  2
186.377 1.50  4
202.735 0.00  4
203.197 0.00  4
203.430 0.00  1
204.140 0.50  4
205.325 0.50  1
206.037 0.00  4
206.510 0.50  2
207.222 0.00  1
207.935 1.00  4
209.120 0.50  1
209.832 0.50  2
211.020 0.00  1
211.722 0.50  4
212.892 0.50  1
213.605 0.00  4
214.082 0.50  2
214.795 0.00  1
215.502 1.00  4
216.682 0.50  1
217.385 3.00  6
221.337 0.00  4
221.820 0.00  4
222.300 0.50  4
223.265 0.00  1
223.987 0.00  2
224.470 0.00  2
225.192 0.00  4
225.670 0.00  4
226.147 0.50  4
227.100 0.00  1
227.810 0.00  2
228.282 0.00  2
228.992 0.00  4
229.470 0.00  4
229.950 0.50  4
230.905 0.00  1
231.617 0.00  2
232.092 0.00  2
232.805 0.00  4
233.285 0.00  4
233.765 0.50  4
234.727 0.00  1
235.532 0.00  2
236.107 0.00  2
236.565 0.00  2
236.935 0.00  2
237.305 0.00  2
238.045 0.00  2
238.537 0.00  2
239.017 0.00  2
239.615 0.00  2
239.975 0.00  2
240.452 0.00  2
240.935 0.00  2
241.535 0.00  2
241.895 0.00  2
242.375 0.00  4
242.850 0.00  4
243.325 0.00  4
243.800 0.00  4
244.275 0.00  2
244.752 0.00  2
245.230 0.00  2
245.710 0.00  2
246.185 1.00  4
247.397 0.00  1
248.002 0.00  2
248.725 0.00  1
249.442 0.00  2
249.922 0.00  4
250.507 0.00  2
251.087 0.00  4
251.435 0.00  2
251.900 0.00  6
252.130 0.00  6
252.365 0.50  6
253.060 0.00  6

999 0 0