8.442 0.00  1
9.435 0.00  1
10.425 0.00  1
11.417 0.00  1
12.422 0.50  1
13.445 0.50  1
14.440 0.00  1
15.410 0.00  1
16.385 0.00  1
17.372 0.00  1
18.350 0.00  1
19.317 0.00  1
19.800 0.00  1
20.045 0.00  1
20.290 0.00  1
21.020 0.00  2
21.265 0.00  2
21.752 0.00  4
21.995 0.00  4
22.482 0.00  2
22.970 0.00  4
23.212 0.00  4
23.700 0.00  1
23.945 0.00  1
24.190 0.00  1
24.925 0.00  2
25.172 0.00  2
25.662 0.00  4
25.905 0.00  4
26.392 0.00  2
26.877 0.00  4
27.120 0.00  4
27.607 0.00  1
27.852 0.00  1
28.095 0.00  1
28.830 0.00  2
29.075 0.00  2
29.562 0.00  4
29.805 0.00  4
30.290 0.00  2
30.775 0.00  4
31.015 0.00  4
31.500 0.00  1
31.745 0.00  1
31.987 0.00  1
32.720 0.00  2
32.962 0.00  2
33.450 0.00  4
33.692 0.00  4
34.177 0.00  2
34.662 0.00  4
34.905 2.00  4
52.680 0.00  1
52.917 0.00  1
53.157 0.00  1
53.397 0.00  4
53.635 0.00  4
53.875 0.00  4
54.115 0.00  4
54.355 0.00  4
54.592 0.00  1
54.830 0.00  1
55.067 0.00  1
55.305 0.00  4
55.545 0.00  4
55.780 0.00  2
56.020 0.00  2
56.255 0.00  2
56.495 0.00  1
56.730 0.00  1
56.965 0.00  1
57.202 0.00  4
57.437 0.00  4
57.675 0.00  4
57.910 0.00  4
58.147 0.00  4
58.382 0.00  1
58.617 0.00  1
58.852 0.00  1
59.087 0.00  2
59.322 0.00  2
59.557 0.00  2
59.792 0.00  2
60.027 0.00  2
60.262 0.00  1
60.500 0.00  1
60.737 0.00  1
60.975 0.00  4
61.210 0.00  4
61.447 0.00  4
61.685 0.00  4
61.922 0.00  4
62.160 0.00  1
62.400 0.00  1
62.637 0.00  1
62.877 0.00  4
63.117 0.00  4
63.355 0.00  2
63.595 0.00  2
63.835 0.00  2
64.075 0.00  1
64.310 0.00  1
64.547 0.00  1
64.782 0.00  4
65.020 0.00  4
65.255 0.00  4
65.492 0.00  4
65.727 0.00  4
65.965 0.00  1
66.205 0.00  1
66.445 0.00  1
66.687 3.50  2
70.660 0.00  1
70.902 0.00  1
71.145 0.00  1
71.870 0.00  2
72.112 0.00  2
72.595 0.00  4
72.840 0.00  4
73.332 0.00  2
73.822 0.00  4
74.067 0.00  4
74.557 0.00  1
74.797 0.00  1
75.040 0.00  1
75.760 0.00  2
76.000 0.00  2
76.480 0.00  4
76.720 0.00  4
77.197 0.00  2
77.675 0.00  4
77.915 0.00  4
78.392 0.00  1
78.642 0.00  1
78.890 0.00  1
79.637 0.00  2
79.885 0.00  2
80.382 0.00  4
80.622 0.00  4
81.100 0.00  2
81.580 0.00  4
81.817 0.00  4
82.297 0.00  1
82.540 0.00  1
82.780 0.00  1
83.507 0.00  2
83.750 0.00  2
84.235 0.00  4
84.475 0.00  4
84.957 0.00  2
85.437 0.00  4
85.677 2.00  4
103.367 0.00  1
103.602 0.00  1
103.840 0.00  1
104.075 0.00  4
104.310 0.00  4
104.547 0.00  4
104.785 0.00  4
105.020 0.00  4
105.255 0.00  1
105.495 0.00  1
105.735 0.00  1
105.975 0.00  4
106.215 0.00  4
106.452 0.00  2
106.692 0.00  2
106.932 0.00  2
107.170 0.00  1
107.405 0.00  1
107.637 0.00  1
107.870 0.00  4
108.105 0.00  4
108.337 0.00  4
108.570 0.00  4
108.805 0.00  4
109.037 0.00  1
109.275 0.00  1
109.510 0.00  1
109.745 0.00  2
109.980 0.00  2
110.215 0.00  2
110.450 0.00  2
110.685 0.00  2
110.920 0.00  1
111.155 0.00  1
111.387 0.00  1
111.620 0.00  4
111.852 0.00  4
112.085 0.00  4
112.317 0.00  4
112.550 0.00  4
112.782 0.00  1
113.025 0.00  1
113.265 0.00  1
113.505 0.00  4
113.745 0.00  4
113.985 0.00  2
114.225 0.00  2
114.467 0.00  2
114.707 0.00  1
114.942 0.00  1
115.175 0.00  1
115.410 0.00  4
115.645 0.00  4
115.880 0.00  4
116.115 0.00  4
116.350 0.00  4
116.582 0.00  1
116.820 0.00  1
117.055 0.00  1
117.292 3.50  2
121.237 0.00  1
121.480 0.00  1
121.720 0.00  1
122.442 0.00  2
122.682 0.00  2
123.165 0.00  4
123.405 0.00  4
123.890 0.00  2
124.375 0.00  4
124.615 0.00  4
125.100 0.00  1
125.342 0.00  1
125.585 0.00  1
126.312 0.00  2
126.555 0.00  2
127.040 0.00  4
127.277 0.00  4
127.755 0.00  2
128.230 0.00  4
128.470 0.00  4
128.945 0.00  1
129.190 0.00  1
129.435 0.00  1
130.172 0.00  2
130.417 0.00  2
130.910 0.00  4
131.147 0.00  4
131.625 0.00  2
132.102 0.00  4
132.340 0.00  4
132.817 0.00  1
133.060 0.00  1
133.300 0.00  1
134.020 0.00  2
134.262 0.00  2
134.742 0.00  4
134.982 0.00  4
135.460 0.00  2
135.935 0.00  4
136.175 0.00  4
136.650 0.00  4
136.892 0.00  2
137.132 0.00  1
137.857 0.00  2
138.100 0.00  2
138.582 0.00  4
138.822 0.00  2
139.065 0.00  4
139.305 0.00  2
139.785 0.00  4
140.027 0.00  4
140.510 0.00  4
140.747 0.00  2
140.985 0.00  1
141.700 0.00  2
141.937 0.00  2
142.412 0.00  4
142.650 0.00  2
142.887 0.00  4
143.125 0.00  2
143.600 0.00  4
143.835 0.00  4
144.310 0.00  4
144.555 0.00  2
144.800 0.00  1
145.537 0.00  2
145.782 0.00  2
146.272 0.00  4
146.510 0.00  2
146.745 0.00  4
146.980 0.00  2
147.450 0.00  4
147.685 0.00  4
148.155 0.00  4
148.395 0.00  2
148.635 0.00  1
149.360 0.00  2
149.600 0.00  2
150.082 0.00  4
150.317 0.00  2
150.555 0.00  4
150.790 0.00  2
151.260 0.00  2
151.732 0.00  4
151.967 1.50  4
153.615 2.00  2
155.730 0.00  1
155.970 0.00  1
156.212 0.00  1
156.937 0.00  2
157.177 0.00  2
157.660 0.00  4
157.900 0.00  4
158.377 0.00  2
158.857 0.00  4
159.095 0.00  4
159.575 0.00  1
159.817 0.00  1
160.057 0.00  1
160.782 0.00  2
161.025 0.00  2
161.507 0.00  4
161.747 0.00  4
162.225 0.00  2
162.705 0.00  4
162.942 0.00  4
163.420 0.00  1
163.662 0.00  1
163.905 0.00  1
164.630 0.00  2
164.872 0.00  2
165.357 0.00  4
165.600 0.00  4
166.090 0.00  2
166.575 0.00  4
166.820 0.00  4
167.307 0.00  1
167.547 0.00  1
167.790 0.00  1
168.510 0.00  2
168.752 0.00  2
169.235 0.00  4
169.465 0.00  4
169.930 0.00  2
170.395 0.00  4
170.627 0.00  4
171.092 0.00  4
171.332 0.00  2
171.572 0.00  1
172.290 0.00  2
172.530 0.00  2
173.007 0.00  4
173.242 0.00  2
173.475 0.00  4
173.710 0.00  2
174.177 0.00  4
174.410 0.00  4
174.880 0.00  4
175.120 0.00  2
175.362 0.00  1
176.090 0.00  2
176.330 0.00  2
176.815 0.00  4
177.055 0.00  2
177.295 0.00  4
177.537 0.00  2
178.017 0.00  4
178.257 0.00  4
178.737 0.00  4
178.975 0.00  2
179.212 0.00  1
179.925 0.00  2
180.162 0.00  2
180.637 0.00  4
180.877 0.00  2
181.117 0.00  4
181.357 0.00  2
181.837 0.00  4
182.075 0.00  4
182.555 0.00  4
182.795 0.00  2
183.035 0.00  1
183.750 0.00  2
183.990 0.00  2
184.465 0.00  4
184.705 0.00  2
184.945 0.00  4
185.182 0.00  2
185.660 0.00  4
186.137 0.00  1
186.377 1.50  1
203.430 0.00  1
203.667 0.00  1
203.905 0.00  1
204.140 0.00  4
204.377 0.00  4
204.615 0.00  4
204.852 0.00  4
205.090 0.00  4
205.325 0.00  1
205.562 0.00  1
205.800 0.00  1
206.037 0.00  4
206.275 0.00  4
206.510 0.00  2
206.747 0.00  2
206.985 0.00  2
207.222 0.00  1
207.460 0.00  1
207.697 0.00  1
207.935 0.00  4
208.170 0.00  4
208.410 0.00  4
208.645 0.00  4
208.885 0.00  4
209.120 0.00  1
209.357 0.00  1
209.595 0.00  1
209.832 0.00  2
210.070 0.00  2
210.307 0.00  2
210.545 0.00  2
210.782 0.00  2
211.020 0.00  1
211.252 0.00  1
211.487 0.00  1
211.722 0.00  4
211.955 0.00  4
212.190 0.00  4
212.425 0.00  4
212.660 0.00  4
212.892 0.00  1
213.130 0.00  1
213.370 0.00  1
213.605 0.00  4
213.845 0.00  4
214.082 0.00  2
214.320 0.00  2
214.557 0.00  2
214.795 0.00  1
215.030 0.00  1
215.267 0.00  1
215.502 0.00  4
215.737 0.00  4
215.975 0.00  4
216.210 0.00  4
216.445 0.00  4
216.682 0.00  1
216.915 0.00  1
217.150 0.00  1
217.385 3.50  4
221.337 0.00  1
221.580 0.00  1
221.820 0.00  1
222.542 0.00  2
222.782 0.00  2
223.265 0.00  4
223.505 0.00  4
223.987 0.00  2
224.470 0.00  4
224.710 0.00  4
225.192 0.00  1
225.430 0.00  1
225.670 0.00  1
226.385 0.00  2
226.625 0.00  2
227.100 0.00  4
227.337 0.00  4
227.810 0.00  2
228.282 0.00  4
228.520 0.00  4
228.992 0.00  1
229.230 0.00  1
229.470 0.00  1
230.187 0.00  2
230.427 0.00  2
230.905 0.00  4
231.142 0.00  4
231.617 0.00  2
232.092 0.00  4
232.330 0.00  4
232.805 0.00  1
233.045 0.00  1
233.285 0.00  1
234.007 0.00  2
234.247 0.00  2
234.727 0.00  4
234.957 0.00  4
235.417 0.00  2
235.877 0.00  4
236.107 0.00  4
236.565 0.00  1
236.812 0.00  1
237.060 0.00  1
237.797 0.00  2
238.045 0.00  2
238.537 0.00  4
238.777 0.00  4
239.255 0.00  2
239.735 0.00  4
239.975 0.00  4
240.452 0.00  1
240.695 0.00  1
240.935 0.00  1
241.655 0.00  2
241.895 0.00  2
242.375 0.00  4
242.612 0.00  4
243.087 0.00  2
243.562 0.00  4
243.800 0.00  4
244.275 0.00  1
244.515 0.00  1
244.752 0.00  1
245.470 0.00  2
245.710 0.00  2
246.185 0.00  4
246.427 0.00  4
246.912 0.00  2
247.397 0.00  4
247.640 0.00  4
248.125 0.00  1
248.365 0.00  1
248.605 0.00  1
249.322 0.00  2
249.562 0.00  2
250.042 0.00  4
250.275 0.00  4
250.740 0.00  2
251.202 0.00  4
251.435 0.00  4
251.900 0.00  1
252.130 0.00  1
252.365 0.00  1

999 0 0