3.965 0.00  4
4.212 0.00  4
4.460 0.00  4
5.205 0.00  1
5.452 0.00  1
5.950 0.00  2
6.200 0.00  2
6.697 0.00  4
7.197 0.00  8
7.447 0.00  8
7.945 0.00  4
8.195 0.00  4
8.442 0.00  4
9.187 0.00  1
9.435 0.00  1
9.930 0.00  2
10.180 0.00  2
10.675 0.00  4
11.170 0.00  8
11.417 0.00  8
11.912 0.00  4
12.422 0.00  4
12.677 0.00  4
13.062 0.00  4
13.445 0.00  4
13.955 0.00  4
14.440 0.00  4
14.682 0.00  4
15.045 0.00  4
15.410 0.00  4
15.892 0.00  8
16.385 0.00  8
16.632 0.00  8
17.002 0.00  8
17.372 0.00  8
17.865 0.00  8
18.350 0.00  8
18.832 0.00  8
19.317 0.00  2
19.560 0.00  1
19.800 0.00  2
20.207 0.00  4
20.532 1.50  2
22.482 0.00  8
23.212 0.00  2
23.455 0.00  1
23.700 0.00  4
24.190 0.00  8
24.435 1.00  4
25.905 0.00  8
26.392 0.00  2
26.635 0.50  4
27.607 0.00  8
28.095 0.00  8
28.585 0.00  8
29.317 0.00  4
29.562 0.00  8
29.805 0.00  2
30.047 0.00  4
30.290 0.00  1
30.532 0.00  8
30.775 0.00  2
31.015 0.00  4
31.500 0.00  2
31.865 0.00  2
32.232 0.00  2
32.475 0.00  2
32.720 0.00  2
32.962 0.00  2
33.205 0.00  2
33.450 0.00  8
33.692 0.00  4
33.935 0.00  2
34.177 0.00  1
34.420 0.00  1
34.662 0.00  6
34.905 1.50  6
37.342 0.00  1
37.582 0.00  1
37.825 0.00  1
38.065 0.00  8
38.307 0.00  8
38.547 0.00  8
38.790 0.00  8
39.030 0.00  8
39.272 0.00  1
39.512 0.00  1
39.755 0.00  1
39.995 0.00  8
40.235 0.00  8
40.477 0.00  4
40.717 0.00  4
40.960 0.00  4
41.200 0.00  1
41.442 0.00  1
41.685 0.00  1
41.925 0.00  8
42.167 0.00  8
42.410 0.00  8
42.650 0.00  8
42.892 0.00  8
43.135 0.00  1
43.372 0.00  1
43.610 0.00  1
43.845 0.00  2
44.082 0.00  2
44.320 0.00  2
44.557 0.00  2
44.795 0.00  2
45.030 0.00  1
45.275 0.00  1
45.520 0.00  1
45.762 0.00  8
46.007 0.00  8
46.250 0.00  8
46.495 0.00  8
46.740 0.00  8
46.982 0.00  1
47.217 0.00  1
47.455 0.00  1
47.690 0.00  8
47.925 0.00  8
48.162 0.00  4
48.397 0.00  4
48.635 0.00  4
48.870 0.00  1
49.110 0.00  1
49.350 0.00  1
49.590 0.00  8
49.830 0.00  8
50.067 0.00  8
50.307 0.00  8
50.547 0.00  8
50.787 0.00  1
51.025 0.00  1
51.260 0.00  1
51.497 0.00  2
51.732 0.00  2
51.970 0.00  2
52.205 0.00  2
52.442 0.00  2
52.680 0.00  1
52.917 0.00  1
53.157 0.00  1
53.397 0.00  8
53.635 0.00  8
53.875 0.00  8
54.115 0.00  8
54.355 0.00  8
54.592 0.00  1
54.830 0.00  1
55.067 0.00  1
55.305 0.00  8
55.545 0.00  8
55.780 0.00  4
56.020 0.00  4
56.255 0.00  4
56.495 0.00  1
56.730 0.00  1
56.965 0.00  1
57.202 0.00  8
57.437 0.00  8
57.675 0.00  8
57.910 0.00  8
58.147 0.00  8
58.382 0.00  1
58.617 0.00  1
58.852 0.00  1
59.087 0.00  2
59.322 0.00  2
59.557 0.00  2
59.792 0.00  2
60.027 0.00  2
60.262 0.00  1
60.500 0.00  1
60.737 0.00  1
60.975 0.00  8
61.210 0.00  8
61.447 0.00  8
61.685 0.00  8
61.922 0.00  8
62.160 0.00  1
62.400 0.00  1
62.637 0.00  1
62.877 0.00  8
63.117 0.00  8
63.355 0.00  4
63.595 0.00  4
63.835 0.00  4
64.075 0.00  1
64.310 0.00  1
64.547 0.00  1
64.782 0.00  8
65.020 0.00  8
65.255 0.00  8
65.492 0.00  8
65.727 0.00  8
65.965 0.00  1
66.205 0.00  1
66.445 0.00  1
66.687 3.50  6
70.660 0.00  4
70.902 0.00  4
71.145 0.00  4
71.870 0.00  1
72.112 0.00  1
72.595 0.00  2
72.840 0.00  2
73.332 0.00  4
73.822 0.00  8
74.067 0.00  8
74.557 0.00  4
74.797 0.00  4
75.040 0.00  4
75.760 0.00  1
76.000 0.00  1
76.480 0.00  2
76.720 0.00  2
77.197 0.00  4
77.675 0.00  8
77.915 0.00  8
78.392 0.00  4
78.642 0.00  4
78.890 0.00  4
79.637 0.00  1
79.885 0.00  1
80.382 0.00  2
80.622 0.00  2
81.100 0.00  4
81.580 0.00  8
81.817 0.00  8
82.297 0.00  4
82.540 0.00  4
82.780 0.00  4
83.507 0.00  1
83.750 0.00  1
84.235 0.00  2
84.475 0.00  2
84.957 0.00  4
85.437 0.00  8
85.677 2.00  8
88.082 0.00  1
88.320 0.00  1
88.557 0.00  1
88.795 0.00  8
89.032 0.00  8
89.270 0.00  8
89.507 0.00  8
89.745 0.00  8
89.982 0.00  1
90.220 0.00  1
90.455 0.00  1
90.692 0.00  8
90.927 0.00  8
91.165 0.00  4
91.400 0.00  4
91.637 0.00  4
91.875 0.00  1
92.120 0.00  1
92.367 0.00  1
92.615 0.00  8
92.860 0.00  8
93.107 0.00  8
93.352 0.00  8
93.600 0.00  8
93.845 0.00  1
94.085 0.00  1
94.322 0.00  1
94.560 0.00  2
94.800 0.00  2
95.037 0.00  2
95.277 0.00  2
95.515 0.00  2
95.755 0.00  1
95.995 0.00  1
96.237 0.00  1
96.480 0.00  8
96.722 0.00  8
96.965 0.00  8
97.207 0.00  8
97.450 0.00  8
97.692 0.00  1
97.927 0.00  1
98.160 0.00  1
98.395 0.00  8
98.627 0.00  8
98.862 0.00  4
99.095 0.00  4
99.330 0.00  4
99.562 0.00  1
99.802 0.00  1
100.040 0.00  1
100.280 0.00  8
100.520 0.00  8
100.760 0.00  8
100.997 0.00  8
101.237 0.00  8
101.477 0.00  1
101.712 0.00  1
101.950 0.00  1
102.185 0.00  2
102.422 0.00  2
102.657 0.00  2
102.895 0.00  2
103.130 0.00  2
103.367 0.00  1
104.075 0.50  8
105.255 0.50  1
105.975 0.00  8
106.452 0.50  4
107.170 0.00  1
107.870 1.00  8
109.037 0.50  1
109.745 0.50  2
110.920 0.00  1
111.620 0.50  8
112.782 0.50  1
113.505 0.00  8
113.985 0.50  4
114.707 0.00  1
115.410 1.00  8
116.582 0.50  1
117.292 0.50  2
118.475 1.00  8
119.742 0.00  8
120.087 0.00  8
120.500 0.00  8
120.777 0.00  8
121.237 0.00  4
121.480 0.00  4
121.720 0.00  4
122.442 0.00  1
122.682 0.00  1
123.165 0.00  2
123.405 0.00  2
123.890 0.00  4
124.375 0.00  8
124.615 0.00  8
125.100 0.00  4
125.342 0.00  4
125.585 0.00  4
126.312 0.00  1
126.555 0.00  1
127.040 0.00  2
127.277 0.00  2
127.755 0.00  4
128.230 0.00  8
128.470 0.00  8
128.945 0.00  4
129.190 0.00  4
129.435 0.00  4
130.172 0.00  1
130.417 0.00  1
130.910 0.00  2
131.147 0.00  2
131.625 0.00  4
132.102 0.00  8
132.340 0.00  8
132.817 0.00  4
133.060 0.00  4
133.300 0.00  4
134.020 0.00  1
134.262 0.00  1
134.742 0.00  2
134.982 0.00  2
135.460 0.00  4
135.935 0.00  8
136.175 0.00  8
136.650 0.00  4
136.892 0.00  4
137.132 0.00  4
137.615 0.50  4
138.582 0.00  2
138.822 0.00  2
139.305 0.00  4
139.785 0.00  8
140.027 0.00  8
140.510 0.00  4
140.747 0.00  4
140.985 0.00  4
141.460 0.50  4
142.412 0.00  2
142.650 0.00  2
143.125 0.00  4
143.600 0.00  8
143.835 0.00  8
144.310 0.00  4
144.555 0.00  4
144.800 0.00  4
145.292 0.50  4
146.272 0.00  2
146.510 0.00  2
146.980 0.00  4
147.450 0.00  8
147.685 0.00  8
148.155 0.00  4
148.395 0.00  4
148.635 0.00  4
149.117 0.50  4
150.082 0.00  2
150.317 0.00  2
150.790 0.00  4
151.260 0.00  8
151.732 0.50  4
152.790 0.50  8
153.615 2.00  2
155.730 0.00  2
155.970 0.00  4
156.212 0.00  2
156.455 0.00  4
156.695 0.00  2
156.937 0.00  4
157.177 0.00  2
157.420 0.00  4
157.660 0.50  2
158.857 0.00  1
159.095 0.00  2
159.335 0.00  4
159.575 0.00  2
159.817 0.00  4
160.057 0.00  2
160.300 0.00  4
160.542 0.00  8
161.025 0.00  2
161.265 0.00  4
161.507 0.00  8
161.985 0.00  4
162.345 0.00  4
162.705 0.00  4
163.062 0.00  1
163.420 0.00  4
163.785 0.00  1
164.147 0.00  4
164.510 0.00  1
164.872 0.00  4
165.235 0.00  1
165.600 0.00  1
165.967 0.00  2
166.332 0.00  4
166.820 0.00  8
167.307 0.00  1
167.547 0.00  2
167.790 0.00  2
168.030 0.00  4
168.270 0.00  1
168.510 0.00  2
168.752 0.00  2
168.992 0.00  4
169.235 0.00  4
169.465 0.00  4
169.697 0.00  2
169.930 0.00  4
170.162 0.00  4
170.395 0.00  8
170.627 0.00  4
170.860 0.00  4
171.092 0.50  4
171.765 1.00  4
172.767 0.50  4
173.710 0.00  1
174.177 0.00  2
174.880 0.00  2
175.362 0.00  4
175.605 0.50  8
176.815 0.00  1
177.295 0.00  4
177.657 0.00  8
177.897 0.00  1
178.257 0.00  2
178.497 0.00  4
178.737 0.00  8
179.212 0.00  8
179.687 0.00  8
179.925 0.00  8
180.400 0.00  4
180.637 0.00  8
181.117 0.00  4
181.597 0.00  2
182.075 0.00  2
182.315 0.00  4
182.555 0.00  2
183.035 0.00  2
183.510 0.00  1
183.990 0.00  1
184.227 0.00  2
184.465 0.00  4
184.705 0.00  8
184.945 0.00  4
185.182 0.00  1
185.540 0.00  2
185.840 0.00  2
186.137 0.00  4
186.377 1.50  8
202.735 0.00  6
203.197 0.00  6
203.430 0.00  1
204.140 0.50  8
205.325 0.50  1
206.037 0.00  8
206.510 0.50  4
207.222 0.00  1
207.935 1.00  8
209.120 0.50  1
209.832 0.50  2
211.020 0.00  1
211.722 0.50  8
212.892 0.50  1
213.605 0.00  8
214.082 0.50  4
214.795 0.00  1
215.502 1.00  8
216.682 0.50  1
217.385 3.00  10
221.337 0.00  4
221.580 0.00  4
221.820 0.00  4
222.300 0.50  4
223.265 0.00  2
223.505 0.00  2
223.987 0.00  4
224.470 0.00  8
224.710 0.00  8
225.192 0.00  4
225.430 0.00  4
225.670 0.00  4
226.147 0.50  4
227.100 0.00  2
227.337 0.00  2
227.810 0.00  4
228.282 0.00  8
228.520 0.00  8
228.992 0.00  4
229.230 0.00  4
229.470 0.00  4
229.950 0.50  4
230.905 0.00  2
231.142 0.00  2
231.617 0.00  4
232.092 0.00  8
232.330 0.00  8
232.805 0.00  4
233.045 0.00  4
233.285 0.00  4
233.765 0.50  4
234.727 0.00  2
235.072 0.00  2
235.532 0.00  4
235.877 0.00  8
236.107 0.00  8
236.565 0.00  8
236.935 0.00  8
237.305 0.00  8
237.675 0.00  8
238.045 0.00  8
238.290 0.00  8
238.537 0.00  8
238.777 0.00  8
239.017 0.00  8
239.255 0.00  8
239.615 0.00  8
239.975 0.00  8
240.215 0.00  8
240.452 0.00  8
240.695 0.00  8
240.935 0.00  8
241.175 0.00  8
241.535 0.00  8
241.895 0.00  8
242.375 0.00  4
242.612 0.00  8
242.850 0.00  4
243.087 0.00  8
243.325 0.00  4
243.562 0.00  8
243.800 0.00  4
244.515 0.00  2
244.752 0.00  4
245.230 0.00  4
245.710 0.00  4
246.185 1.00  8
247.397 0.00  1
247.640 0.00  2
247.882 0.00  4
248.002 0.00  1
248.245 0.00  2
248.485 0.00  4
248.725 0.00  1
248.965 0.00  2
249.205 0.00  4
249.442 0.00  2
249.682 0.00  4
249.922 0.00  8
250.507 0.00  4
251.087 0.00  8
251.435 0.00  2
251.667 0.00  1
251.900 0.00  12
252.130 0.00  12
252.365 0.50  12
253.060 0.00  12

999 0 0