3.965 0.00  16
4.212 0.00  16
4.460 0.00  16
5.205 0.00  3
5.452 0.00  3
5.950 0.00  6
6.200 0.00  6
6.697 0.00  12
7.197 0.00  16
7.447 0.00  16
7.945 0.00  16
8.195 0.00  16
8.442 0.00  16
9.187 0.00  3
9.435 0.00  3
9.930 0.00  6
10.180 0.00  6
10.675 0.00  12
11.170 0.00  16
11.417 0.00  16
11.912 0.00  8
12.040 0.00  8
12.167 0.00  8
12.295 0.00  8
12.422 0.00  8
12.677 0.00  8
12.805 0.00  8
13.062 0.00  8
13.190 0.00  8
13.445 0.00  8
13.572 0.00  8
13.700 0.00  8
13.827 0.00  8
13.955 0.00  8
14.077 0.00  8
14.197 0.00  8
14.320 0.00  8
14.440 0.00  8
14.682 0.00  8
14.802 0.00  8
15.045 0.00  8
15.167 0.00  8
15.410 0.00  8
15.530 0.00  8
15.650 0.00  8
15.772 0.00  8
19.075 0.00  8
19.317 0.00  4
19.560 0.00  2
19.800 0.00  4
20.207 0.00  8
20.532 1.50  4
22.970 0.00  4
23.212 0.00  2
23.455 0.00  1
23.700 0.00  4
24.190 0.00  8
24.435 1.00  4
25.905 0.00  8
26.392 0.00  4
26.512 0.00  2
26.635 0.50  4
29.317 0.00  8
29.682 0.00  8
29.805 0.00  4
29.925 0.00  2
30.047 0.00  8
30.167 0.00  4
30.290 0.00  2
30.410 0.00  1
30.532 0.00  8
30.652 0.00  4
30.775 0.00  2
30.895 0.00  1
31.015 0.00  8
31.500 0.00  4
31.745 0.00  8
31.865 0.00  4
32.110 0.00  8
32.232 0.00  4
32.355 0.00  8
32.475 0.00  4
32.597 0.00  8
32.720 0.00  4
32.840 0.00  8
32.962 0.00  4
33.085 0.00  8
33.205 0.00  4
33.327 0.00  8
33.570 0.00  8
33.692 0.00  4
33.812 0.00  8
33.935 0.00  4
34.055 0.00  2
34.177 0.00  4
34.297 0.00  2
34.420 0.00  1
34.662 0.00  6
34.905 1.50  6
37.342 0.00  3
37.582 0.00  3
37.825 0.00  3
38.065 0.00  16
38.307 0.00  16
38.547 0.00  16
38.790 0.00  16
39.030 0.00  16
39.272 0.00  3
39.512 0.00  3
39.755 0.00  3
39.995 0.00  16
40.235 0.00  16
40.477 0.00  12
40.717 0.00  12
40.960 0.00  12
41.200 0.00  3
41.442 0.00  3
41.685 0.00  3
41.925 0.00  16
42.167 0.00  16
42.410 0.00  16
42.650 0.00  16
42.892 0.00  16
43.135 0.00  3
43.372 0.00  3
43.610 0.00  3
43.845 0.00  6
44.082 0.00  6
44.320 0.00  1
44.557 0.00  4
44.795 0.00  8
45.030 1.00  2
46.982 0.00  3
47.217 0.00  3
47.455 0.00  3
47.690 0.00  16
47.925 0.00  16
48.162 0.00  12
48.397 0.00  12
48.635 0.00  12
48.870 0.00  3
49.110 0.00  3
49.350 0.00  3
49.590 0.00  16
49.830 0.00  16
50.067 0.00  16
50.307 0.00  16
50.547 0.00  16
50.787 0.00  3
51.025 0.00  3
51.260 0.00  3
51.497 0.00  6
51.732 0.00  6
51.970 0.00  6
52.205 0.00  6
52.442 0.00  6
52.680 0.00  3
52.917 0.00  3
53.157 0.00  3
53.397 0.00  16
53.635 0.00  16
53.875 0.00  16
54.115 0.00  16
54.355 0.00  16
54.592 0.00  3
54.830 0.00  3
55.067 0.00  3
55.305 0.00  16
55.545 0.00  16
55.780 0.00  12
56.020 0.00  12
56.255 0.00  12
56.495 0.00  3
56.730 0.00  3
56.965 0.00  3
57.202 0.00  16
57.437 0.00  16
57.675 0.00  16
57.910 0.00  16
58.147 0.00  16
58.382 0.00  3
58.617 0.00  3
58.852 0.00  3
59.087 0.00  6
59.322 0.00  6
59.557 0.00  6
59.792 0.00  6
60.027 0.00  6
60.262 0.00  3
60.500 0.00  3
60.737 0.00  3
60.975 0.00  16
61.210 0.00  16
61.447 0.00  16
61.685 0.00  16
61.922 0.00  16
62.160 0.00  3
62.400 0.00  3
62.637 0.00  3
62.877 0.00  16
63.117 0.00  16
63.355 0.00  12
63.595 0.00  12
63.835 0.00  12
64.075 0.00  3
64.310 0.00  3
64.547 0.00  3
64.782 0.00  16
65.020 0.00  16
65.255 0.00  16
65.492 0.00  16
65.727 0.00  16
65.965 0.00  3
66.205 0.00  3
66.445 0.00  3
66.687 3.50  6
70.660 0.00  16
70.902 0.00  16
71.145 0.00  16
71.870 0.00  3
72.112 0.00  3
72.595 0.00  6
72.840 0.00  6
73.332 0.00  12
73.822 0.00  16
74.067 0.00  16
74.557 0.00  16
74.797 0.00  16
75.040 0.00  16
75.760 0.00  3
76.000 0.00  3
76.480 0.00  6
76.720 0.00  6
77.197 0.00  12
77.675 0.00  16
77.915 0.00  16
78.392 0.00  16
78.642 0.00  16
78.890 0.00  16
79.637 0.00  3
79.885 0.00  3
80.382 0.00  6
80.622 0.00  6
81.100 0.00  12
81.580 0.00  16
81.817 0.00  16
82.297 0.00  16
82.540 0.00  16
82.780 0.00  16
83.507 0.00  3
83.750 0.00  3
84.235 0.00  6
84.475 0.00  6
84.957 0.00  6
85.437 0.00  12
85.677 2.00  12
88.082 0.00  3
88.320 0.00  3
88.557 0.00  3
88.795 0.00  16
89.032 0.00  16
89.270 0.00  16
89.507 0.00  16
89.745 0.00  16
89.982 0.00  3
90.220 0.00  3
90.455 0.00  3
90.692 0.00  16
90.927 0.00  16
91.165 0.00  12
91.400 0.00  12
91.637 0.00  12
91.875 0.00  3
92.120 0.00  3
92.367 0.00  3
92.615 0.00  16
92.860 0.00  16
93.107 0.00  16
93.352 0.00  16
93.600 0.00  16
93.845 0.00  3
94.085 0.00  3
94.322 0.00  3
94.560 0.00  6
94.800 0.00  6
95.037 0.00  6
95.277 0.00  6
95.515 0.00  6
95.755 0.00  3
95.995 0.00  3
96.237 0.00  3
96.480 0.00  16
96.722 0.00  16
96.965 0.00  16
97.207 0.00  16
97.450 0.00  16
97.692 0.00  3
97.927 0.00  3
98.160 0.00  3
98.395 0.00  16
98.627 0.00  16
98.862 0.00  12
99.095 0.00  12
99.330 0.00  12
99.562 0.00  3
99.802 0.00  3
100.040 0.00  3
100.280 0.00  16
100.520 0.00  16
100.760 0.00  16
100.997 0.00  16
101.237 0.00  16
101.477 0.00  3
101.712 0.00  3
101.950 0.00  3
102.185 0.00  6
102.422 0.00  6
102.657 0.00  6
102.895 0.00  6
103.130 0.00  6
103.367 0.00  1
104.075 0.50  8
105.255 0.50  1
105.975 0.00  8
106.452 0.50  4
107.170 0.00  1
107.870 1.00  8
109.037 0.50  1
109.745 0.50  2
110.920 0.00  1
111.620 0.50  8
112.782 0.50  1
113.505 0.00  8
113.985 0.50  4
114.707 0.00  1
115.410 1.00  8
116.582 0.50  1
117.292 0.50  2
118.475 1.00  8
119.742 0.00  8
120.087 0.00  8
120.500 0.00  8
120.777 0.00  8
121.237 0.00  16
121.480 0.00  16
121.720 0.00  16
122.442 0.00  3
122.682 0.00  3
123.165 0.00  6
123.405 0.00  6
123.890 0.00  12
124.375 0.00  16
124.615 0.00  16
125.100 0.00  16
125.342 0.00  16
125.585 0.00  16
126.312 0.00  3
126.555 0.00  3
127.040 0.00  6
127.277 0.00  6
127.755 0.00  12
128.230 0.00  16
128.470 0.00  16
128.945 0.00  16
129.190 0.00  16
129.435 0.00  16
130.172 0.00  3
130.417 0.00  3
130.910 0.00  6
131.147 0.00  6
131.625 0.00  12
132.102 0.00  16
132.340 0.00  16
132.817 0.00  16
133.060 0.00  16
133.300 0.00  16
134.020 0.00  3
134.262 0.00  3
134.742 0.00  6
134.982 0.00  6
135.460 0.00  12
135.935 0.00  16
136.175 0.00  16
136.650 0.00  16
136.892 0.00  16
0.016 138.50  16
138.612 0.00  6
138.852 0.00  6
139.335 0.00  12
139.815 0.00  16
140.057 0.00  16
140.540 0.00  16
140.777 0.00  16
142.412 0.00  6
142.650 0.00  6
143.125 0.00  12
143.600 0.00  16
143.835 0.00  16
144.310 0.00  16
144.555 0.00  16
0.016 146.00  16
146.302 0.00  6
146.540 0.00  6
147.010 0.00  12
147.480 0.00  16
147.715 0.00  16
148.185 0.00  16
148.425 0.00  16
150.082 0.00  6
150.317 0.00  6
150.790 0.00  12
151.260 0.00  16
151.732 0.50  4
153.615 2.00  2
155.730 0.00  2
155.970 0.00  4
156.212 0.00  2
156.455 0.00  4
156.695 0.00  2
156.937 0.00  4
157.177 0.00  2
157.420 0.00  4
157.660 0.50  2
158.857 0.00  1
158.977 0.00  1
159.095 0.00  2
159.215 0.00  2
159.335 0.00  4
159.455 0.00  4
159.575 0.00  2
159.695 0.00  2
159.817 0.00  4
159.937 0.00  4
160.057 0.00  2
160.180 0.00  2
160.300 0.00  4
160.420 0.00  4
160.542 0.00  8
160.782 0.00  4
161.025 0.00  2
161.265 0.00  4
161.985 0.00  4
162.822 0.00  8
163.062 0.00  8
163.182 0.00  4
163.302 0.00  2
163.420 0.00  16
163.785 0.00  4
163.905 0.00  2
164.147 0.00  16
164.510 0.00  4
164.630 0.00  2
164.872 0.00  16
165.235 0.00  4
165.357 0.00  2
165.600 0.00  1
165.925 0.00  2
166.210 0.00  4
166.575 0.00  8
167.307 0.00  1
167.547 0.00  2
167.670 0.00  1
167.790 0.00  2
168.030 0.00  4
168.150 0.00  2
168.270 0.00  4
168.510 0.00  8
168.632 0.00  4
168.752 0.00  8
169.112 0.00  8
169.235 0.00  1
169.465 0.00  2
169.582 0.00  1
169.697 0.00  2
169.930 0.00  4
170.047 0.00  2
170.162 0.00  4
170.395 0.00  8
170.512 0.00  4
170.627 0.00  8
170.977 0.00  8
171.092 0.00  8
171.765 1.00  8
172.767 0.50  8
173.710 0.00  1
173.825 0.00  2
173.942 0.00  4
174.060 0.00  8
174.177 0.00  1
174.295 0.00  2
174.410 0.00  4
174.527 0.00  8
174.645 0.00  1
174.762 0.00  2
174.880 0.00  4
175.362 0.00  8
176.815 0.00  1
176.935 0.00  2
177.175 0.00  1
177.295 0.00  4
177.537 0.00  1
177.657 0.00  8
177.897 0.00  1
178.017 0.00  2
178.137 0.00  4
178.257 0.00  1
178.377 0.00  2
178.497 0.00  4
178.617 0.00  8
180.400 0.00  8
180.757 0.00  8
180.877 0.00  4
180.997 0.00  2
181.117 0.00  4
181.237 0.00  2
181.357 0.00  1
181.477 0.00  2
181.597 0.00  4
181.717 0.00  8
181.837 0.00  4
181.955 0.00  2
182.315 0.00  4
182.435 0.00  2
182.555 0.00  4
182.675 0.00  2
182.795 0.00  1
183.035 0.00  4
183.152 0.00  2
183.272 0.00  4
183.392 0.00  2
183.510 0.00  1
183.750 0.00  4
183.870 0.00  2
183.990 0.00  1
184.227 0.00  2
184.347 0.00  4
184.465 0.00  8
184.585 0.00  8
184.825 0.00  8
184.945 0.00  4
185.062 0.00  1
185.302 0.00  2
185.540 0.00  4
185.840 0.00  2
186.137 0.00  4
186.377 1.50  8
202.735 0.00  6
203.197 0.00  6
203.430 0.00  1
204.140 0.50  8
205.325 0.50  1
206.037 0.00  8
206.510 0.50  4
207.222 0.00  1
207.935 1.00  8
209.120 0.50  1
209.832 0.50  2
211.020 0.00  1
211.722 0.50  8
212.892 0.50  1
213.605 0.00  8
214.082 0.50  4
214.795 0.00  1
215.502 1.00  8
216.682 0.50  1
217.385 3.00  10
221.337 0.00  16
221.580 0.00  16
0.016 223.00  16
223.295 0.00  6
223.535 0.00  6
224.017 0.00  12
224.500 0.00  16
224.740 0.00  16
225.222 0.00  16
225.460 0.00  16
227.100 0.00  6
227.337 0.00  6
227.810 0.00  12
228.282 0.00  16
228.520 0.00  16
228.992 0.00  16
229.230 0.00  16
0.016 230.50  16
230.935 0.00  6
231.172 0.00  6
231.647 0.00  12
232.122 0.00  16
232.360 0.00  16
232.835 0.00  16
233.075 0.00  16
234.727 0.00  2
235.072 0.00  4
235.532 0.00  4
235.877 0.00  8
236.565 0.00  8
236.690 0.00  8
236.935 0.00  8
237.060 0.00  8
237.305 0.00  8
237.430 0.00  8
237.675 0.00  8
237.797 0.00  8
238.045 0.00  8
238.167 0.00  8
238.290 0.00  8
238.415 0.00  8
238.537 0.00  8
238.657 0.00  8
238.777 0.00  8
238.897 0.00  8
239.017 0.00  8
239.255 0.00  8
239.375 0.00  8
239.615 0.00  8
239.735 0.00  8
239.975 0.00  8
240.095 0.00  8
240.215 0.00  8
240.335 0.00  8
240.452 0.00  8
240.575 0.00  8
240.695 0.00  8
240.815 0.00  8
240.935 0.00  8
241.175 0.00  8
241.295 0.00  8
241.535 0.00  8
241.655 0.00  8
241.895 0.00  8
242.015 0.00  8
242.375 0.00  8
242.612 0.00  8
242.732 0.00  4
242.970 0.00  8
243.087 0.00  4
243.325 0.00  8
243.445 0.00  4
243.682 0.00  8
243.920 0.00  2
244.037 0.00  1
244.515 0.00  2
244.752 0.00  4
244.872 0.00  8
244.992 0.00  4
245.110 0.00  8
245.350 0.00  8
245.470 0.00  4
245.590 0.00  8
245.827 0.00  8
246.185 1.00  8
247.397 0.00  1
247.520 0.00  1
247.640 0.00  2
247.760 0.00  2
247.882 0.00  4
248.002 0.00  4
248.245 0.00  2
248.485 0.00  4
248.725 0.00  2
248.965 0.00  4
249.205 0.00  8
249.442 0.00  4
249.682 0.00  8
250.507 0.00  8
250.970 0.00  8
251.202 0.00  8
251.320 0.00  4
251.435 0.00  8
251.550 0.00  4
251.667 0.00  2
251.900 0.00  16
252.130 0.00  16
252.365 0.50  16
253.060 0.00  24

999 0 0