3.965 0.00  12
3.995 0.00  12
4.212 0.00  12
4.242 0.00  12
4.460 0.00  12
4.955 0.00  12
5.205 0.00  5
5.452 0.00  5
5.950 0.00  10
6.200 0.00  10
6.697 0.00  12
7.197 0.00  16
7.447 0.00  16
7.945 0.00  12
7.975 0.00  12
8.195 0.00  12
8.225 0.00  12
8.442 0.00  12
8.939 0.00  12
9.187 0.00  5
9.435 0.00  5
9.930 0.00  10
10.180 0.00  10
10.675 0.00  12
11.170 0.00  16
11.417 0.00  16
11.912 0.00  4
12.040 0.00  4
12.167 0.00  4
12.295 0.00  4
12.422 0.00  4
12.677 0.00  4
12.805 0.00  4
13.062 0.00  4
13.190 0.00  4
13.445 0.00  4
13.572 0.00  4
13.700 0.00  4
13.827 0.00  4
13.955 0.00  4
14.077 0.00  4
14.197 0.00  4
14.320 0.00  4
14.440 0.00  4
14.682 0.00  4
14.802 0.00  4
15.045 0.00  4
15.167 0.00  4
15.410 0.00  4
15.530 0.00  4
15.650 0.00  4
15.772 0.00  4
15.892 0.00  16
16.017 0.00  16
16.140 0.00  16
16.262 0.00  16
16.385 0.00  16
16.632 0.00  16
16.755 0.00  16
17.002 0.00  16
17.125 0.00  16
17.372 0.00  16
17.495 0.00  16
17.620 0.00  16
17.742 0.00  16
17.865 0.00  16
17.985 0.00  16
18.107 0.00  16
18.227 0.00  16
18.350 0.00  16
18.590 0.00  16
18.712 0.00  16
18.832 0.00  8
18.955 0.00  8
19.075 0.00  4
19.195 0.00  2
19.317 0.00  1
19.437 0.00  4
19.560 0.00  2
19.680 0.00  1
19.800 0.00  4
20.207 0.00  8
20.532 1.50  4
22.970 0.00  8
23.090 0.00  8
23.212 0.00  4
23.455 0.00  2
23.700 0.00  4
24.190 0.00  8
24.435 1.00  4
25.905 0.00  8
26.392 0.00  4
26.512 0.00  2
26.635 0.50  4
27.607 0.00  8
28.095 0.00  8
28.585 0.00  8
28.830 0.00  8
29.195 0.00  8
29.317 0.00  4
29.682 0.00  8
29.805 0.00  4
29.925 0.00  2
30.047 0.00  8
30.167 0.00  4
30.290 0.00  2
30.410 0.00  1
30.532 0.00  8
30.652 0.00  8
30.775 0.00  4
30.895 0.00  2
31.380 0.00  8
31.500 0.00  4
31.745 0.00  8
31.865 0.00  4
32.110 0.00  8
32.232 0.00  4
32.355 0.00  8
32.475 0.00  4
32.597 0.00  8
32.720 0.00  4
32.840 0.00  8
32.962 0.00  4
33.085 0.00  8
33.205 0.00  4
33.327 0.00  8
33.530 0.00  8
33.610 0.00  4
33.692 0.00  2
33.772 0.00  1
33.855 0.00  8
33.935 0.00  4
34.015 0.00  2
34.095 0.00  1
34.177 0.00  8
34.257 0.00  4
34.340 0.00  2
34.420 0.00  1
34.662 0.00  6
34.905 1.50  6
37.342 0.00  5
37.582 0.00  5
37.825 0.00  5
38.065 0.00  16
38.307 0.00  16
38.547 0.00  16
38.790 0.00  16
39.030 0.00  16
39.272 0.00  5
39.512 0.00  5
39.755 0.00  5
39.995 0.00  16
40.235 0.00  16
40.477 0.00  10
40.717 0.00  10
40.960 0.00  10
41.200 0.00  5
41.442 0.00  5
41.685 0.00  5
41.925 0.00  16
42.167 0.00  16
42.410 0.00  16
42.650 0.00  16
42.892 0.00  16
43.135 0.00  5
43.372 0.00  5
43.610 0.00  5
43.845 0.00  10
44.082 0.00  10
44.320 0.00  1
44.557 0.00  4
44.795 0.00  8
45.030 1.00  2
46.982 0.00  5
47.217 0.00  5
47.455 0.00  5
47.690 0.00  16
47.925 0.00  16
48.162 0.00  10
48.397 0.00  10
48.635 0.00  10
48.870 0.00  5
49.110 0.00  5
49.350 0.00  5
49.590 0.00  16
49.830 0.00  16
50.067 0.00  16
50.307 0.00  16
50.547 0.00  16
50.787 0.00  5
51.025 0.00  5
51.260 0.00  5
51.497 0.00  10
51.732 0.00  10
51.970 0.00  10
52.205 0.00  10
52.442 0.00  10
52.680 0.00  5
52.917 0.00  5
53.157 0.00  5
53.397 0.00  16
53.635 0.00  16
53.875 0.00  16
54.115 0.00  16
54.355 0.00  16
54.592 0.00  5
54.830 0.00  5
55.067 0.00  5
55.305 0.00  16
55.545 0.00  16
55.780 0.00  10
56.020 0.00  10
56.255 0.00  10
56.495 0.00  5
56.730 0.00  5
56.965 0.00  5
57.202 0.00  16
57.437 0.00  16
57.675 0.00  16
57.910 0.00  16
58.147 0.00  16
58.382 0.00  5
58.617 0.00  5
58.852 0.00  5
59.087 0.00  10
59.322 0.00  10
59.557 0.00  10
59.792 0.00  10
60.027 0.00  10
60.262 0.00  5
60.500 0.00  5
60.737 0.00  5
60.975 0.00  16
61.210 0.00  16
61.447 0.00  16
61.685 0.00  16
61.922 0.00  16
62.160 0.00  5
62.400 0.00  5
62.637 0.00  5
62.877 0.00  16
63.117 0.00  16
63.355 0.00  10
63.595 0.00  10
63.835 0.00  10
64.075 0.00  5
64.310 0.00  5
64.547 0.00  5
64.782 0.00  16
65.020 0.00  16
65.255 0.00  16
65.492 0.00  16
65.727 0.00  16
65.965 0.00  5
66.205 0.00  5
66.445 0.00  5
66.687 0.00  6
70.429 0.00  6
70.660 0.00  12
70.690 0.00  12
70.902 0.00  12
70.932 0.00  12
71.145 0.00  12
71.627 0.00  12
71.870 0.00  5
72.112 0.00  5
72.595 0.00  10
72.840 0.00  10
73.332 0.00  12
73.822 0.00  16
74.067 0.00  16
74.557 0.00  12
74.587 0.00  12
74.797 0.00  12
74.827 0.00  12
75.040 0.00  12
75.520 0.00  12
75.760 0.00  5
76.000 0.00  5
76.480 0.00  10
76.720 0.00  10
77.197 0.00  12
77.675 0.00  16
77.915 0.00  16
78.392 0.00  12
78.422 0.00  12
78.642 0.00  12
78.672 0.00  12
78.890 0.00  12
79.387 0.00  12
79.637 0.00  5
79.885 0.00  5
80.382 0.00  10
80.622 0.00  10
81.100 0.00  12
81.580 0.00  16
81.817 0.00  16
82.297 0.00  12
82.327 0.00  12
82.540 0.00  12
82.570 0.00  12
82.780 0.00  12
83.265 0.00  12
83.507 0.00  5
83.750 0.00  5
84.235 0.00  10
84.475 0.00  10
84.957 0.00  12
85.437 0.00  12
85.467 0.00  12
85.677 0.00  12
87.842 0.00  12
88.082 0.00  5
88.320 0.00  5
88.557 0.00  5
88.795 0.00  16
89.032 0.00  16
89.270 0.00  16
89.507 0.00  16
89.745 0.00  16
89.982 0.00  5
90.220 0.00  5
90.455 0.00  5
90.692 0.00  16
90.927 0.00  16
91.165 0.00  10
91.400 0.00  10
91.637 0.00  10
91.875 0.00  5
92.120 0.00  5
92.367 0.00  5
92.615 0.00  16
92.860 0.00  16
93.107 0.00  16
93.352 0.00  16
93.600 0.00  16
93.845 0.00  5
94.085 0.00  5
94.322 0.00  5
94.560 0.00  10
94.800 0.00  10
95.037 0.00  10
95.277 0.00  10
95.515 0.00  10
95.755 0.00  5
95.995 0.00  5
96.237 0.00  5
96.480 0.00  16
96.722 0.00  16
96.965 0.00  16
97.207 0.00  16
97.450 0.00  16
97.692 0.00  5
97.927 0.00  5
98.160 0.00  5
98.395 0.00  16
98.627 0.00  16
98.862 0.00  10
99.095 0.00  10
99.330 0.00  10
99.562 0.00  5
99.802 0.00  5
100.040 0.00  5
100.280 0.00  16
100.520 0.00  16
100.760 0.00  16
100.997 0.00  16
101.237 0.00  16
101.477 0.00  5
101.712 0.00  5
101.950 0.00  5
102.185 0.00  10
102.422 0.00  10
102.657 0.00  10
102.895 0.00  10
103.130 0.00  1
103.250 0.00  2
103.367 0.00  4
104.075 0.50  12
105.020 0.00  1
105.137 0.00  2
105.255 0.50  4
105.975 0.00  16
106.452 0.00  6
106.932 0.00  1
107.052 0.00  2
107.170 0.00  4
107.870 0.50  12
108.805 0.00  1
108.922 0.00  2
109.037 0.50  4
109.745 0.50  6
110.685 0.00  1
110.802 0.00  2
110.920 0.00  4
111.620 0.50  12
112.550 0.00  1
112.667 0.00  2
112.782 0.50  4
113.505 0.00  16
113.985 0.00  6
114.467 0.00  1
114.587 0.00  2
114.707 0.00  4
115.410 0.50  12
116.350 0.00  1
116.465 0.00  2
116.582 0.50  4
117.292 0.00  6
118.239 0.00  6
118.475 1.00  8
119.742 0.00  8
120.087 0.00  8
120.500 0.00  8
120.777 0.00  8
121.237 0.00  12
121.267 0.00  12
121.480 0.00  12
121.510 0.00  12
121.720 0.00  12
122.200 0.00  12
122.442 0.00  5
122.682 0.00  5
123.165 0.00  10
123.405 0.00  10
123.890 0.00  12
124.375 0.00  16
124.615 0.00  16
125.100 0.00  12
125.130 0.00  12
125.342 0.00  12
125.372 0.00  12
125.585 0.00  12
126.070 0.00  12
126.312 0.00  5
126.555 0.00  5
127.040 0.00  10
127.277 0.00  10
127.755 0.00  12
128.230 0.00  16
128.470 0.00  16
128.945 0.00  12
128.975 0.00  12
129.190 0.00  12
129.220 0.00  12
129.435 0.00  12
129.927 0.00  12
130.172 0.00  5
130.417 0.00  5
130.910 0.00  10
131.147 0.00  10
131.625 0.00  12
132.102 0.00  16
132.340 0.00  16
132.817 0.00  12
132.847 0.00  12
133.060 0.00  12
133.090 0.00  12
133.300 0.00  12
133.780 0.00  12
134.020 0.00  5
134.262 0.00  5
134.742 0.00  10
134.982 0.00  10
135.460 0.00  12
135.935 0.00  16
136.175 0.00  16
136.650 0.00  12
136.680 0.00  12
136.892 0.00  12
136.922 0.00  12
137.132 0.00  16
137.615 0.50  16
138.582 0.00  10
138.822 0.00  10
139.305 0.00  12
139.785 0.00  16
140.027 0.00  16
140.510 0.00  12
140.540 0.00  12
140.747 0.00  12
140.777 0.00  12
140.985 0.00  16
141.460 0.50  16
142.412 0.00  10
142.650 0.00  10
143.125 0.00  12
143.600 0.00  16
143.835 0.00  16
144.310 0.00  12
144.340 0.00  12
144.555 0.00  12
144.585 0.00  12
144.800 0.00  16
145.292 0.50  16
146.272 0.00  10
146.510 0.00  10
146.980 0.00  12
147.450 0.00  16
147.685 0.00  16
148.155 0.00  12
148.185 0.00  12
148.395 0.00  12
148.425 0.00  12
148.635 0.00  16
149.117 0.50  16
150.082 0.00  10
150.317 0.00  10
150.790 0.00  12
151.260 0.00  16
151.732 0.50  12
152.790 0.00  8
153.495 0.00  8
153.615 2.00  2
155.730 0.00  2
155.810 0.00  4
155.890 0.00  2
155.970 0.00  4
156.052 0.00  2
156.132 0.00  4
156.212 0.00  2
156.455 0.00  2
156.575 0.00  4
156.815 0.00  2
157.117 0.00  4
157.237 0.00  2
157.360 0.00  4
157.480 1.00  1
158.857 0.00  1
158.977 0.00  1
159.095 0.00  2
159.215 0.00  2
159.335 0.00  4
159.455 0.00  4
159.575 0.00  2
159.695 0.00  2
159.817 0.00  4
159.937 0.00  4
160.057 0.00  8
160.180 0.00  8
160.300 0.00  1
160.420 0.00  1
160.542 0.00  2
160.662 0.00  2
160.782 0.00  4
160.905 0.00  4
161.025 0.00  2
161.145 0.00  2
161.265 0.00  4
161.387 0.00  8
161.985 0.00  4
162.785 0.00  8
162.862 0.00  4
162.942 0.00  8
163.062 0.00  4
163.182 0.00  2
163.302 0.00  1
163.420 0.00  16
163.662 0.00  4
163.785 0.00  2
163.905 0.00  1
164.147 0.00  16
164.390 0.00  4
164.510 0.00  2
164.630 0.00  1
164.872 0.00  16
165.115 0.00  4
165.235 0.00  2
165.357 0.00  2
165.600 0.00  1
165.925 0.00  2
166.210 0.00  4
166.575 0.00  8
167.307 0.00  1
167.487 0.00  1
167.547 0.00  2
167.670 0.00  1
167.790 0.00  2
167.970 0.00  2
168.030 0.00  4
168.150 0.00  2
168.270 0.00  4
168.450 0.00  4
168.510 0.00  8
168.632 0.00  4
168.752 0.00  8
168.932 0.00  8
169.112 0.00  8
169.235 0.00  1
169.407 0.00  1
169.465 0.00  2
169.582 0.00  1
169.697 0.00  2
169.872 0.00  2
169.930 0.00  4
170.047 0.00  2
170.162 0.00  4
170.337 0.00  4
170.395 0.00  8
170.512 0.00  4
170.627 0.00  8
170.802 0.00  8
170.977 0.00  8
171.092 0.00  8
171.765 1.00  8
172.767 0.50  8
173.710 0.00  1
173.825 0.00  2
173.942 0.00  4
174.060 0.00  8
174.177 0.00  1
174.295 0.00  2
174.410 0.00  4
174.527 0.00  8
174.645 0.00  1
174.762 0.00  2
174.880 0.00  4
175.362 0.00  8
176.815 0.00  1
176.935 0.00  2
177.175 0.00  1
177.295 0.00  4
177.537 0.00  1
177.657 0.00  8
177.897 0.00  1
178.017 0.00  2
178.137 0.00  4
178.257 0.00  1
178.377 0.00  2
178.497 0.00  4
178.617 0.00  8
180.400 0.00  8
180.757 0.00  8
180.877 0.00  4
180.997 0.00  2
181.117 0.00  4
181.237 0.00  2
181.357 0.00  1
181.537 0.00  8
181.597 0.00  8
181.717 0.00  8
181.837 0.00  4
181.955 0.00  2
182.315 0.00  8
182.435 0.00  4
182.555 0.00  8
182.675 0.00  4
182.795 0.00  2
182.915 0.00  1
183.035 0.00  8
183.152 0.00  4
183.272 0.00  8
183.392 0.00  4
183.510 0.00  2
183.630 0.00  1
183.750 0.00  8
183.870 0.00  4
183.990 0.00  2
184.107 0.00  1
184.287 0.00  2
184.465 0.00  4
184.625 0.00  4
184.745 0.00  8
184.825 0.00  4
184.905 0.00  2
185.025 0.00  1
185.182 0.00  2
185.302 0.00  4
185.540 0.00  8
185.840 0.00  2
186.137 0.00  4
186.377 1.50  16
202.735 0.00  6
202.765 0.00  6
203.197 0.00  6
203.227 0.00  6
203.430 0.00  4
204.140 0.50  12
205.090 0.00  1
205.207 0.00  2
205.325 0.50  4
206.037 0.00  16
206.510 0.00  6
206.985 0.00  1
207.102 0.00  2
207.222 0.00  4
207.935 0.50  12
208.885 0.00  1
209.002 0.00  2
209.120 0.50  4
209.832 0.50  6
210.782 0.00  1
210.900 0.00  2
211.020 0.00  4
211.722 0.50  12
212.660 0.00  1
212.775 0.00  2
212.892 0.50  4
213.605 0.00  16
214.082 0.00  6
214.557 0.00  1
214.675 0.00  2
214.795 0.00  4
215.502 0.50  12
216.445 0.00  1
216.565 0.00  2
216.682 0.50  4
217.385 0.00  6
220.875 0.00  6
221.337 0.00  12
221.367 0.00  12
221.580 0.00  12
221.610 0.00  12
221.820 0.00  16
222.300 0.50  16
223.265 0.00  10
223.505 0.00  10
223.987 0.00  12
224.470 0.00  16
224.710 0.00  16
225.192 0.00  12
225.222 0.00  12
225.430 0.00  12
225.460 0.00  12
225.670 0.00  16
226.147 0.50  16
227.100 0.00  10
227.337 0.00  10
227.810 0.00  12
228.282 0.00  16
228.520 0.00  16
228.992 0.00  12
229.022 0.00  12
229.230 0.00  12
229.260 0.00  12
229.470 0.00  16
229.950 0.50  16
230.905 0.00  10
231.142 0.00  10
231.617 0.00  12
232.092 0.00  16
232.330 0.00  16
232.805 0.00  12
232.835 0.00  12
233.045 0.00  12
233.075 0.00  12
233.285 0.00  16
233.765 0.50  16
234.727 0.00  2
234.842 0.00  2
235.072 0.00  2
235.187 0.00  4
235.417 0.00  4
235.532 0.00  8
235.877 0.00  8
236.565 0.00  8
236.690 0.00  8
236.935 0.00  8
237.060 0.00  8
237.305 0.00  8
237.430 0.00  8
237.675 0.00  8
237.797 0.00  8
238.045 0.00  8
238.167 0.00  8
238.290 0.00  8
238.415 0.00  8
238.537 0.00  8
238.657 0.00  8
238.777 0.00  8
238.897 0.00  8
239.017 0.00  8
239.255 0.00  8
239.375 0.00  8
239.615 0.00  8
239.735 0.00  8
239.975 0.00  8
240.095 0.00  8
240.215 0.00  8
240.335 0.00  8
240.452 0.00  8
240.575 0.00  8
240.695 0.00  8
240.815 0.00  8
240.935 0.00  8
241.175 0.00  8
241.295 0.00  8
241.535 0.00  8
241.655 0.00  8
241.895 0.00  8
242.015 0.00  8
242.335 0.00  4
242.415 0.00  8
242.575 0.00  8
242.652 0.00  4
242.772 0.00  8
242.930 0.00  8
243.010 0.00  4
243.087 0.00  8
243.245 0.00  8
243.325 0.00  4
243.445 0.00  8
243.642 0.00  8
243.760 0.00  4
243.960 0.00  2
244.037 0.00  1
244.455 0.00  1
244.752 0.00  2
244.832 0.00  4
244.912 0.00  2
244.992 0.00  4
245.072 0.00  2
245.150 0.00  4
245.230 0.00  2
245.410 0.00  4
245.470 0.00  2
245.530 0.00  4
245.590 0.00  2
245.650 0.00  4
245.887 0.00  4
245.947 0.00  2
246.007 0.00  4
246.067 0.00  2
246.185 1.00  1
247.397 0.00  2
247.520 0.00  2
247.640 0.00  4
247.760 0.00  4
247.882 0.00  8
248.002 0.00  8
248.125 0.00  2
248.245 0.00  2
248.365 0.00  4
248.485 0.00  4
248.605 0.00  8
248.725 0.00  8
248.845 0.00  2
248.965 0.00  2
249.085 0.00  4
249.205 0.00  4
249.322 0.00  8
249.442 0.00  8
249.562 0.00  4
249.682 0.00  4
249.802 0.00  8
249.922 0.00  8
250.507 0.00  8
250.970 0.00  8
251.202 0.00  8
251.280 0.00  4
251.357 0.00  2
251.435 0.00  8
251.550 0.00  4
251.667 0.00  2
251.782 0.00  1
251.900 0.00  10
251.930 0.00  10
252.130 0.00  10
252.160 0.00  10
252.365 0.00  10
253.060 0.00  10
253.060 0.00  24

999 0 0