2.414 0.00  1
2.715 0.00  2
3.017 0.00  1
3.319 0.00  2
3.621 0.00  4
3.922 0.00  4
4.224 0.00  2
4.526 0.00  2
4.828 0.00  1
5.130 0.00  2
5.431 0.00  1
5.733 0.00  2
6.035 0.00  4
6.337 0.00  4
6.638 0.00  2
6.940 0.00  2
7.242 0.00  1
7.542 0.00  2
7.841 0.00  1
8.141 0.00  2
8.441 0.00  4
8.741 0.00  4
9.041 0.00  2
9.340 0.00  2
9.640 0.00  1
9.939 0.00  2
10.237 0.00  1
10.536 0.00  2
10.834 0.00  4
11.133 0.00  4
11.431 0.00  2
11.730 0.00  2
12.028 0.00  1
12.330 0.00  2
12.633 0.00  1
12.935 0.00  2
13.237 0.00  4
13.540 0.00  4
13.842 0.00  2
14.144 0.00  2
14.446 0.00  1
14.744 0.00  2
15.041 0.00  1
15.339 0.00  2
15.636 0.00  4
15.934 0.00  4
16.231 0.00  2
16.529 0.00  2
16.826 0.00  1
17.128 0.00  2
17.431 0.00  1
17.733 0.00  2
18.036 0.00  4
18.338 0.00  4
18.641 0.00  2
18.943 0.00  2
19.245 0.00  1
19.544 0.00  2
19.842 0.00  1
20.141 0.00  2
20.439 0.00  2
20.738 0.00  1
21.037 0.00  4
21.335 0.00  2
21.634 0.00  1
22.084 0.00  1
22.534 0.00  1
22.834 0.00  1
23.283 0.00  1
23.733 0.00  1
24.033 0.00  4
24.483 0.00  4
24.932 0.00  4
25.231 0.00  4
25.680 0.00  4
26.129 0.00  4
26.428 0.00  2
26.881 0.00  2
27.334 0.00  2
27.635 0.00  2
28.088 0.00  2
28.541 0.00  2
28.842 0.00  1
29.296 0.00  1
29.750 0.00  1
30.052 0.00  1
30.355 0.00  2
30.657 0.00  2
30.808 0.00  4
31.262 0.00  1
31.707 0.00  1
32.151 0.00  1
32.447 0.00  1
32.892 0.00  1
33.336 0.00  1
33.633 0.00  4
34.085 0.00  4
34.538 0.00  4
34.840 0.00  4
35.292 0.00  4
35.745 0.00  4
36.047 0.00  2
36.494 0.00  2
36.941 0.00  2
37.239 0.00  2
37.687 0.00  2
38.134 0.00  2
38.432 0.00  1
38.881 0.00  2
39.329 0.00  1
39.628 1.00  4
40.823 0.00  1
43.224 0.00  2
45.624 0.00  4
48.025 0.00  2
48.326 0.00  2
48.626 0.00  2
48.776 0.00  2
49.076 0.00  2
49.226 0.00  4
49.526 0.00  4
49.827 0.00  1
50.127 0.00  4
50.277 0.00  1
50.427 0.00  4
51.026 0.00  4
51.326 0.00  4
51.625 0.00  4
52.224 0.00  4
52.374 0.00  4
52.673 0.00  2
52.823 0.00  1
53.424 0.00  1
53.724 0.00  1
54.025 0.00  1
54.625 0.00  1
55.226 0.00  2
55.677 0.00  1
55.828 0.00  2
56.128 0.00  1
56.429 0.00  2
56.580 0.00  2
56.880 0.00  1
57.031 0.00  2
57.332 0.00  1
57.632 0.00  4
57.932 0.00  2
58.231 0.00  4
58.531 0.00  2
58.830 0.00  2
58.980 0.00  4
59.429 0.00  4
59.729 0.00  2
60.028 0.00  1
60.329 0.00  2
60.629 0.00  2
60.930 0.00  4
61.231 0.00  4
61.531 0.00  2
61.832 0.00  1
62.132 0.00  4
62.433 0.00  1
62.732 0.00  2
63.032 0.00  4
63.331 0.00  2
63.630 0.00  1
63.930 0.00  2
64.229 0.00  4
64.529 0.00  2
64.828 0.00  1
65.277 0.00  1
65.427 0.00  2
65.727 0.00  4
66.026 0.00  1
66.363 0.00  1
66.625 0.00  2
66.925 0.00  4
67.224 0.00  2
67.524 0.00  2
67.825 0.00  2
68.125 0.00  2
68.425 0.00  2
68.575 0.00  4
68.875 0.00  4
69.176 0.00  2
69.476 0.00  1
69.626 0.00  4
70.077 0.00  2
70.377 0.00  1
70.828 0.00  4
71.278 0.00  2
71.579 0.00  1
71.729 0.00  2
72.029 0.00  2
72.329 0.00  2
72.629 0.00  2
72.928 0.00  2
73.228 0.00  2
73.528 0.00  2
73.828 0.00  2
74.127 0.00  2
74.427 0.00  4
74.877 0.00  2
75.326 0.00  1
75.626 0.00  4
76.076 0.00  2
76.375 0.00  1
76.525 0.00  2
76.825 0.00  4
77.126 0.00  4
77.427 0.00  4
77.728 0.00  4
78.029 0.00  2
78.330 0.00  1
78.631 0.00  2
78.932 0.00  4
79.233 1.00  4
80.427 0.50  2
81.323 0.00  2
81.621 1.00  1
82.824 0.00  1
83.125 0.00  2
83.426 0.00  4
83.727 0.00  4
84.027 0.00  2
84.478 0.00  2
84.928 0.00  2
85.078 0.00  4
85.228 0.00  2
85.678 0.00  2
86.129 0.00  2
86.279 0.00  4
86.429 0.00  1
86.729 0.00  1
87.028 0.00  1
87.328 0.00  1
87.628 0.00  1
87.927 0.00  1
88.227 0.00  1
88.527 0.00  1
88.827 0.50  4
89.727 0.00  2
90.028 1.00  1
91.229 0.00  4
91.527 0.00  2
91.826 0.00  2
92.125 0.00  4
92.424 0.00  2
92.722 0.00  2
93.021 0.00  4
93.320 0.00  2
93.619 0.00  4
93.920 0.00  4
94.221 0.00  4
94.522 0.00  4
94.823 0.00  4
95.124 0.00  4
95.426 0.00  4
95.727 0.00  4
96.028 0.00  2
96.327 0.00  2
96.627 0.00  2
96.926 0.00  2
97.225 0.00  1
97.524 0.00  2
97.824 0.00  1
98.123 0.00  2
98.422 2.00  1
100.819 2.00  4
103.229 0.00  2
103.527 0.00  2
103.825 0.00  2
104.123 0.00  2
104.422 0.00  2
104.720 0.00  2
105.018 0.00  2
105.316 0.00  2
105.614 1.00  1
106.809 0.00  1
107.108 0.00  2
107.407 0.00  2
107.706 0.00  4
108.004 2.00  1
110.420 2.00  4
112.836 0.00  2
113.135 0.00  2
113.434 0.00  2
113.733 0.00  2
114.032 0.00  2
115.228 0.00  2
115.823 0.00  2
116.121 0.00  1
116.418 0.00  2
117.013 0.00  2
117.311 0.00  4
117.609 0.00  2
118.059 0.00  1
118.359 0.00  4
118.659 0.00  2
118.997 0.00  4
119.259 0.50  4
120.010 0.00  4
120.463 0.00  1
120.765 0.00  2
121.068 0.00  2
121.219 0.00  4
121.521 0.00  2
121.672 0.00  4
121.974 0.00  4
122.428 0.00  4
122.881 0.00  4
123.183 0.00  2
123.485 0.00  1
123.637 0.00  2
124.241 0.00  2
124.543 0.00  1
124.845 0.00  2
125.293 0.00  1
125.442 0.00  2
125.740 0.00  1
126.038 0.00  4
126.485 0.00  2
126.933 0.00  4
127.231 0.00  4
127.530 0.00  2
127.830 0.00  4
128.280 0.00  2
128.430 0.00  1
128.729 0.00  2
128.879 0.00  4
129.629 0.00  4
130.078 0.00  2
130.340 0.00  2
130.678 0.00  1
130.828 0.00  4
131.277 0.00  1
131.577 0.00  2
132.026 0.00  4
132.326 0.00  4
132.626 0.00  4
132.926 0.00  4
133.226 0.00  2
133.639 0.00  4
133.826 0.00  4
134.026 0.00  2
134.226 0.00  1
134.426 0.00  4
136.812 0.00  1
137.117 0.00  2
137.423 0.00  4
137.729 0.00  2
138.035 0.00  1
138.341 0.00  2
138.647 0.00  4
138.953 0.00  2
139.259 0.00  1
139.555 0.00  2
139.851 0.00  4
140.147 0.00  2
140.443 0.00  1
140.739 0.00  2
141.035 0.00  4
141.331 0.00  2
141.627 0.00  1
141.928 0.00  2
142.228 0.00  4
142.528 0.00  2
142.829 0.00  1
143.129 0.00  2
143.429 0.00  4
143.730 0.00  2
144.030 0.00  4
144.629 0.00  4
145.228 1.00  4
146.427 0.00  4
146.731 0.00  4
147.036 0.00  4
147.340 0.00  2
147.644 0.00  2
147.949 0.00  4
148.253 0.00  2
148.710 0.00  2
148.862 0.00  1
149.160 0.00  1
149.458 0.00  1
149.756 0.00  1
150.054 0.00  1
150.352 0.00  1
150.650 0.00  1
150.948 0.00  1
151.246 0.00  2
151.693 0.00  1
151.841 0.00  2
152.139 0.00  1
152.437 0.00  2
152.585 0.00  2
152.883 0.00  1
153.032 0.00  2
153.329 0.00  1
153.627 0.00  4
153.927 0.00  2
154.227 0.00  4
154.528 0.00  2
154.828 0.00  4
154.978 0.00  4
155.279 0.00  2
155.429 0.00  1
155.729 0.00  4
156.029 0.00  4
156.477 0.00  2
156.924 0.00  1
157.223 0.00  4
157.670 0.00  2
158.118 0.00  1
158.416 0.00  2
158.717 0.00  1
159.018 0.00  2
159.319 0.00  4
159.620 0.00  2
159.921 0.00  1
160.222 0.00  2
160.523 0.00  1
160.824 0.00  4
161.275 0.00  2
161.727 0.00  1
162.027 0.00  4
162.479 0.00  2
162.930 0.00  1
163.231 0.00  4
163.531 0.00  4
163.830 0.00  4
164.130 0.00  4
164.430 0.00  4
164.730 0.00  2
165.030 0.00  4
165.330 0.00  2
165.630 1.00  4
166.826 0.50  2
167.722 0.00  2
168.021 1.00  1
169.224 0.00  1
169.525 0.00  2
169.826 0.00  4
170.127 0.00  4
170.428 0.00  2
170.878 0.00  2
171.328 0.00  2
171.629 0.00  1
172.079 0.00  1
172.529 0.00  2
172.829 0.00  1
173.130 0.00  1
173.430 0.00  1
173.730 0.00  1
174.030 0.00  1
174.330 0.00  1
174.630 0.00  1
174.930 0.00  1
175.230 0.50  4
176.131 0.00  2
176.431 1.00  1
177.632 0.00  4
177.781 0.00  2
178.080 0.00  4
178.230 0.00  2
178.529 0.00  1
178.679 0.00  2
178.828 0.00  2
179.128 0.00  2
179.427 0.00  4
179.726 0.00  2
180.025 0.00  2
180.326 0.00  2
180.627 0.00  2
180.927 0.00  2
181.228 0.00  2
181.529 0.00  2
181.829 0.00  2
182.130 0.00  2
182.431 0.00  1
182.731 0.00  1
183.032 0.00  1
183.333 0.00  1
183.633 0.00  2
183.934 0.00  4
184.235 0.00  2
184.536 0.00  4
184.836 2.00  1
187.229 2.00  4
189.629 0.00  2
189.929 0.00  2
190.229 0.00  2
190.529 0.00  2
190.829 0.00  2
191.129 0.00  2
191.429 0.00  2
191.729 0.00  2
192.028 1.00  1
193.228 0.00  1
193.528 0.00  2
193.828 0.00  2
194.128 0.00  4
194.428 2.00  1
196.815 2.00  4
198.921 0.00  4
199.222 0.00  2
199.522 0.00  2
199.823 0.00  2
200.124 0.00  2
200.425 0.00  2
201.628 0.00  2
202.228 0.00  2
202.528 0.00  1
202.828 0.00  2
203.428 0.00  2
203.728 0.00  4
204.028 0.00  2
204.478 0.00  1
204.778 0.00  4
205.079 0.00  2
205.417 0.00  4
205.680 0.50  4
206.431 0.00  4
206.881 0.00  1
207.181 0.00  2
207.482 0.00  2
207.632 0.00  4
207.932 0.00  2
208.083 0.00  4
208.383 0.00  4
208.834 0.00  4
209.284 0.00  4
209.584 0.00  2
209.885 0.00  1
210.035 0.00  2
210.436 0.50  2
211.385 0.00  2
211.683 0.00  1
211.832 0.00  2
212.129 0.00  1
212.427 0.00  4
212.873 0.00  2
213.319 0.00  4
213.617 0.00  4
213.918 0.00  2
214.219 0.00  4
214.671 0.00  2
214.822 0.00  1
215.123 0.00  2
215.274 0.00  4
216.027 0.00  4
216.476 0.00  2
216.738 0.00  2
217.076 0.00  1
217.225 0.00  4
217.675 0.00  1
217.974 0.00  2
218.424 0.00  4
218.723 0.00  4
219.023 0.00  4
219.323 0.00  4
219.622 0.00  2
219.922 0.00  4
220.222 0.00  2
220.409 0.00  2
220.596 0.00  1
220.821 0.50  4
222.935 0.00  1
223.237 0.00  2
225.479 0.00  1
225.628 0.00  2
227.722 0.00  1
228.021 0.00  2
230.405 1.50  1
232.814 0.00  1
233.115 0.00  2
233.416 0.00  4
233.717 0.00  2
234.018 0.00  1
234.319 0.00  2
234.620 0.00  4
234.921 0.00  2
235.222 0.00  1
235.523 0.00  2
235.824 0.00  4
236.125 0.00  2
236.425 0.00  1
236.726 0.00  2
237.027 0.00  4
237.328 0.00  2
237.629 0.00  1
237.929 0.00  2
238.229 0.00  4
238.529 0.00  2
238.829 0.00  1
239.129 0.00  2
239.429 0.00  4
239.729 0.00  2
240.029 1.00  4
241.230 0.00  1
241.830 0.00  1
242.130 0.00  2
242.730 0.00  2
243.331 0.00  4
243.631 0.00  1
244.336 0.00  2
245.041 0.00  4
245.393 0.00  2
245.746 0.00  4
246.098 0.00  2
246.451 0.00  1
247.156 0.00  2
247.862 0.00  4
248.214 0.00  2
248.567 0.00  4
248.920 0.00  2
249.272 0.00  1
249.978 0.00  2
250.683 0.00  4
251.036 0.00  2
251.389 0.00  4
251.742 0.00  2
252.094 0.00  1
252.800 0.00  2
253.505 0.00  4
253.858 0.00  2
254.211 0.00  4
254.564 0.00  2
254.916 0.00  2
255.445 0.00  4
255.974 0.00  1
256.327 0.00  2
256.856 0.00  4
257.385 0.00  2
257.738 0.00  1
258.091 0.00  2
258.444 0.00  4
258.796 0.00  2
259.149 0.00  4
259.502 0.00  1
259.855 0.00  2
260.384 0.00  4
260.560 0.00  2
261.273 0.00  4
261.808 0.00  1
261.986 0.00  4
262.338 0.00  2
262.690 0.00  4
263.042 0.00  1
263.395 0.00  2
263.747 0.00  4
264.100 0.00  2
264.541 0.00  4
264.805 0.00  2
265.158 0.00  4
265.511 0.00  2
265.864 0.00  2
266.216 0.00  1
266.922 0.00  2
267.628 0.00  4
267.981 0.00  2
268.333 0.00  4
268.686 0.00  2
269.039 0.00  1
269.744 0.00  2
270.450 0.00  4
270.803 0.00  2
271.155 0.00  4
271.508 0.00  2
271.861 0.00  1
272.566 0.00  2
273.272 0.00  4
273.624 0.00  2
273.977 0.00  4
274.330 0.00  2
274.683 0.00  1
275.388 0.00  2
276.094 0.00  4
276.446 0.00  2
276.799 0.00  4
277.152 0.00  2
277.505 0.00  1
277.857 0.00  4
278.210 0.00  2
278.563 0.00  1
278.739 0.00  2
278.916 0.00  1
279.386 0.00  2
279.621 0.50  4
280.326 0.00  1
280.679 0.00  2
281.032 0.00  4
281.385 0.00  2
281.737 0.00  2
282.090 0.00  4
282.443 0.00  1
282.796 0.00  4
283.148 0.00  2
283.501 0.00  4
283.854 0.00  1
284.207 0.00  4
284.559 0.00  1
284.912 0.00  4
285.529 0.00  2
285.970 0.00  4
286.323 0.00  1
286.676 0.00  4
287.028 0.00  2
287.381 0.00  1
287.734 0.00  1
288.087 0.00  2
288.439 0.00  2
288.792 0.00  4
289.133 0.00  4
289.398 0.00  2
289.701 0.00  1
290.003 0.00  4
290.306 0.00  4
290.609 0.00  1
290.912 0.00  2
291.215 0.00  4
291.518 0.00  4
291.820 0.00  2
292.123 0.00  1
292.426 0.00  4
292.758 0.00  2
293.016 0.00  4
293.311 0.00  4
293.607 0.00  4
293.944 0.00  4
294.207 0.00  2
294.507 0.00  1
294.807 0.00  2
295.107 0.00  2
295.407 0.00  1
295.707 0.00  2
296.007 0.00  4
296.307 0.00  4
296.607 0.00  2
296.907 0.00  1
297.208 0.00  2
297.545 0.00  1
297.808 0.00  1
298.108 0.00  2
298.408 0.00  4
298.708 0.00  4
299.008 0.00  4
299.308 0.00  2
299.608 0.00  1
299.905 0.00  4
300.203 0.00  1
300.500 0.00  4
300.797 0.00  4
301.098 0.00  2
301.399 0.00  1
301.701 0.00  2
302.002 0.00  1
302.303 0.00  2
302.604 0.00  4
302.905 0.00  4
303.206 0.00  4
303.506 0.00  1
303.806 0.00  2
304.106 0.00  4
304.406 0.00  4
304.781 0.00  2
305.006 0.00  4
305.606 0.00  4
305.906 0.00  2
306.206 0.00  1
306.506 0.00  1
306.806 0.00  4
307.106 0.00  4
307.406 0.00  2
307.706 0.00  4
308.007 0.00  1
308.307 0.00  2
308.607 0.00  4
308.907 0.00  2
309.207 0.00  4
309.507 0.00  2
309.807 0.00  2
310.107 0.00  4
310.407 0.00  2
310.857 0.00  4
311.307 0.00  2
311.607 0.00  4
311.907 0.00  2
312.207 0.00  1
312.507 0.00  4
312.807 0.00  2
313.108 0.00  2
313.558 0.00  2
313.708 0.00  1
314.008 0.00  2
314.308 0.00  2
314.758 0.00  2
314.908 0.00  1
315.208 0.00  1
315.508 0.00  2
315.808 0.00  4
316.108 0.00  1
316.408 0.00  2
316.858 0.00  4
317.308 0.00  4
317.608 0.00  2
317.908 0.00  1
318.209 0.00  2
318.509 0.00  1
318.809 0.00  2
319.109 0.00  1
319.409 0.00  2
319.709 0.00  4
320.009 0.00  1
320.309 0.00  2
320.609 0.00  2
320.909 0.00  4
321.209 0.00  4
321.659 0.00  4
321.959 0.00  2
322.409 0.00  4
322.709 0.00  4
323.010 0.00  2
323.310 0.00  2
323.610 0.00  4
324.210 0.00  2
324.510 0.00  1
324.810 0.00  2
325.110 0.00  2
325.410 0.00  2
325.710 0.00  4
326.010 0.00  4
326.460 0.00  2
326.610 0.00  4
327.098 0.00  2
327.510 0.00  2
327.810 0.00  4
328.448 0.00  1
328.710 0.00  2
329.010 0.50  4
329.609 0.50  2
330.806 0.00  4
331.106 0.00  2
331.256 0.50  1
332.004 0.00  4
332.304 0.00  2
332.603 0.00  1
332.790 0.00  2
333.052 0.00  4
333.503 0.00  4
333.804 0.50  4
334.708 0.00  1
335.009 0.00  2
335.310 0.00  4
335.611 0.00  4
335.910 0.00  2
336.310 0.00  4
336.609 0.00  2
336.809 0.00  4
337.108 0.00  2
337.407 0.00  1
337.707 0.00  4
337.856 0.00  2
338.306 0.00  2
338.606 0.00  4
338.907 0.00  2
339.207 0.00  4
339.507 0.00  2
339.807 0.00  1
339.995 0.00  4
340.407 0.00  1
340.858 0.00  2
341.008 0.00  4
341.308 0.00  2
341.609 0.00  4
341.909 0.00  2
342.209 0.00  2
342.510 0.00  1
342.810 0.00  2
343.261 0.00  2
343.562 0.00  2
344.014 0.00  2
344.352 0.00  1
344.615 0.00  2
344.916 0.00  1
345.366 0.00  2
345.515 0.00  4
345.850 0.00  4
346.111 0.00  2
346.409 0.00  2
346.707 0.00  4
346.856 0.00  2
347.302 0.00  2
347.638 0.00  1
347.901 0.00  4
348.201 0.00  2
348.652 0.00  2
348.802 0.00  4
349.403 0.00  4
349.554 0.50  2
350.155 0.00  4
350.756 0.00  4
351.056 0.00  2
351.207 0.00  4
351.357 0.00  2
351.620 0.00  4
351.808 0.00  4
352.108 0.00  2
352.409 0.00  2
352.709 0.00  4
352.860 0.50  4
353.611 0.00  2
353.911 0.00  1
354.212 0.00  2
354.512 0.00  4
354.813 0.00  1
354.963 0.00  4
355.264 0.00  4
355.564 0.00  2
355.715 0.00  4
356.015 0.00  1
356.316 0.00  2
356.616 0.00  2
356.917 0.00  4
357.217 0.00  1
357.518 0.00  2
357.818 0.00  1
358.119 0.00  4
358.419 0.00  1
358.719 0.00  2
359.018 0.00  4
359.317 0.00  2
359.617 0.00  2
359.916 0.00  2
360.215 0.00  2
360.515 0.00  2
360.814 0.00  1
361.113 0.00  4
361.413 0.00  2
361.712 0.00  1
362.011 0.00  4
362.311 0.00  2
362.610 0.00  1
362.909 0.00  4
363.209 0.00  2
363.508 0.00  4
363.957 0.00  2
364.256 0.00  1
364.406 0.00  4
364.855 0.00  2
365.005 0.00  1
365.304 0.00  2
365.603 0.00  1
365.903 0.00  2
366.202 0.00  2
366.501 0.00  4
366.801 0.00  4
367.100 0.00  4
367.400 0.00  4
367.699 0.00  4
367.998 2.00  4
370.393 2.00  1
372.788 2.00  2
375.182 2.00  6
377.577 2.00  4
379.972 2.00  1
382.397 2.00  2
384.795 0.00  2
385.096 0.00  2
385.398 0.00  2
385.737 0.00  2
386.001 0.00  4
386.603 0.00  2
387.206 2.00  1
389.609 2.00  4
392.006 0.00  2
392.306 0.00  2
392.606 0.00  2
392.905 0.00  2
393.205 0.00  2
393.505 0.00  2
393.804 0.00  2
394.104 0.00  2
394.404 0.00  1
394.741 0.00  2
395.003 0.00  4
395.303 0.00  1
395.602 0.00  1
395.902 0.00  2
396.202 0.00  2
396.501 0.00  4
396.801 0.50  4
397.700 0.00  4
398.000 0.00  4
398.449 0.00  2
398.899 0.00  1
399.199 0.00  2
399.498 0.00  2
399.798 0.00  2
400.098 0.00  2
400.397 0.00  4
400.847 0.00  1
400.997 0.00  1
401.296 0.00  2
401.596 0.50  4
402.495 0.00  2
402.795 0.00  4
403.994 0.00  1
404.446 0.00  1
404.898 0.00  1
405.200 0.00  1
405.652 0.00  1
406.105 0.00  1
406.407 0.00  4
406.857 0.00  4
407.307 0.00  4
407.607 0.00  4
408.057 0.00  4
408.507 0.00  4
408.807 0.00  2
409.259 0.00  2
409.712 0.00  2
410.014 0.00  2
410.466 0.00  2
410.919 0.00  2
411.220 0.00  1
411.668 0.00  1
412.115 0.00  1
412.413 0.00  1
412.711 0.00  2
413.010 0.00  2
413.159 0.00  4
413.606 0.00  1
414.057 0.00  1
414.507 0.00  1
414.808 0.00  1
415.259 0.00  1
415.709 0.00  1
416.010 0.00  4
416.461 0.00  4
416.911 0.00  4
417.212 0.00  4
417.663 0.00  4
418.113 0.00  4
418.414 0.00  2
418.865 0.00  2
419.315 0.00  2
419.616 0.00  2
420.067 0.00  2
420.517 0.00  2
420.818 0.00  1
421.118 0.00  2
421.269 0.00  4
421.719 0.00  1
422.020 0.00  1
422.320 0.00  4
422.621 0.00  4
422.921 0.00  4
423.222 0.00  4
423.673 0.00  4
424.123 0.00  4
424.574 0.00  4
424.875 0.00  4
425.175 0.00  2
425.476 0.00  1
425.626 0.00  2
426.077 0.00  2
426.527 0.00  2
426.978 0.00  2
427.279 0.00  4
427.429 0.00  4
427.729 0.00  2
428.030 0.00  1
428.330 0.00  2
428.481 0.00  4
428.781 0.00  4
429.082 0.00  2
429.420 0.00  4
429.683 0.00  1
429.983 0.00  4
430.133 0.00  4
430.434 0.00  2
431.035 0.00  2
431.636 0.00  2
432.237 0.00  2
432.838 0.00  2
433.439 0.00  2
434.040 0.00  2
434.641 0.00  2
435.242 0.00  4
435.542 0.00  2
435.843 0.00  2
436.181 0.00  1
436.444 0.50  4
437.045 0.00  4
437.345 0.00  1
437.646 0.00  2
437.833 0.00  2
438.134 0.00  4
438.247 0.00  1
438.434 0.00  2
438.848 1.00  4