2.414 0.00  1
2.715 0.00  4
3.017 0.00  2
3.168 0.00  4
3.319 0.00  8
3.621 0.00  8
3.922 0.00  4
4.224 0.00  2
4.526 0.00  2
4.677 0.00  1
4.828 0.00  1
5.130 0.00  4
5.431 0.00  2
5.582 0.00  4
5.733 0.00  8
6.035 0.00  8
6.337 0.00  4
6.638 0.00  2
6.940 0.00  2
7.091 0.00  1
7.242 0.00  1
7.542 0.00  4
7.841 0.00  2
7.991 0.00  4
8.141 0.00  8
8.441 0.00  8
8.741 0.00  4
9.041 0.00  2
9.340 0.00  2
9.490 0.00  1
9.640 0.00  1
9.939 0.00  4
10.237 0.00  2
10.386 0.00  4
10.536 0.00  8
10.834 0.00  8
11.133 0.00  4
11.431 0.00  2
11.730 0.00  2
11.879 0.00  1
12.028 0.00  1
12.330 0.00  4
12.633 0.00  2
12.784 0.00  4
12.935 0.00  8
13.237 0.00  8
13.540 0.00  4
13.842 0.00  2
14.144 0.00  2
14.295 0.00  1
14.446 0.00  1
14.744 0.00  4
15.041 0.00  2
15.190 0.00  4
15.339 0.00  8
15.636 0.00  8
15.934 0.00  4
16.231 0.00  2
16.529 0.00  2
16.677 0.00  1
16.826 0.00  1
17.128 0.00  4
17.431 0.00  2
17.582 0.00  4
17.733 0.00  8
18.036 0.00  8
18.338 0.00  4
18.641 0.00  2
18.943 0.00  2
19.094 0.00  1
19.245 0.00  1
19.544 0.00  4
19.842 0.00  2
19.992 0.00  4
20.141 0.00  8
20.439 0.00  8
20.589 0.00  4
20.738 0.00  2
20.887 0.00  4
21.037 0.00  8
21.186 0.00  4
21.335 0.00  4
21.484 0.00  1
21.634 0.00  2
21.784 0.00  2
21.934 0.00  1
22.084 0.00  2
22.234 0.00  2
22.384 0.00  1
22.534 0.00  2
22.684 0.00  1
22.834 0.00  2
22.983 0.00  2
23.133 0.00  1
23.283 0.00  2
23.433 0.00  2
23.583 0.00  1
23.733 0.00  2
23.883 0.00  1
24.033 0.00  8
24.183 0.00  8
24.333 0.00  1
24.483 0.00  8
24.632 0.00  8
24.782 0.00  1
24.932 0.00  8
25.081 0.00  1
25.231 0.00  8
25.381 0.00  8
25.530 0.00  1
25.680 0.00  8
25.830 0.00  8
25.979 0.00  1
26.129 0.00  8
26.279 0.00  1
26.428 0.00  4
26.579 0.00  4
26.730 0.00  1
26.881 0.00  4
27.032 0.00  4
27.183 0.00  1
27.334 0.00  4
27.485 0.00  1
27.635 0.00  4
27.786 0.00  4
27.937 0.00  1
28.088 0.00  4
28.239 0.00  4
28.390 0.00  1
28.541 0.00  4
28.692 0.00  1
28.842 0.00  2
28.994 0.00  2
29.145 0.00  1
29.296 0.00  2
29.447 0.00  2
29.599 0.00  1
29.750 0.00  2
29.901 0.00  1
30.052 0.00  1
30.204 0.00  2
30.355 0.00  4
30.506 0.00  2
30.657 0.00  4
30.808 0.00  8
31.262 0.00  2
31.410 0.00  2
31.558 0.00  1
31.707 0.00  2
31.855 0.00  2
32.003 0.00  1
32.151 0.00  2
32.299 0.00  1
32.447 0.00  2
32.596 0.00  2
32.744 0.00  1
32.892 0.00  2
33.040 0.00  2
33.188 0.00  1
33.336 0.00  2
33.484 0.00  1
33.633 0.00  8
33.783 0.00  8
33.934 0.00  1
34.085 0.00  8
34.236 0.00  8
34.387 0.00  1
34.538 0.00  8
34.689 0.00  1
34.840 0.00  8
34.990 0.00  8
35.141 0.00  1
35.292 0.00  8
35.443 0.00  8
35.594 0.00  1
35.745 0.00  8
35.896 0.00  1
36.047 0.00  4
36.196 0.00  4
36.345 0.00  1
36.494 0.00  4
36.643 0.00  4
36.792 0.00  1
36.941 0.00  4
37.090 0.00  1
37.239 0.00  4
37.389 0.00  4
37.538 0.00  1
37.687 0.00  4
37.836 0.00  4
37.985 0.00  1
38.134 0.00  4
38.283 0.00  1
38.432 0.00  2
38.582 0.00  2
38.731 0.00  1
38.881 0.00  2
39.030 0.00  2
39.179 0.00  1
39.329 0.00  2
39.478 0.00  1
39.628 1.00  8
40.823 0.00  12
43.224 0.00  3
45.624 0.00  6
48.025 0.00  6
48.326 0.00  6
48.626 0.00  6
48.776 0.00  6
49.076 0.00  6
49.226 0.00  12
49.526 0.00  8
49.677 0.00  4
49.827 0.00  2
49.977 0.00  4
50.127 0.00  8
50.277 0.00  2
50.427 0.00  8
50.727 0.00  8
51.026 0.00  8
51.326 0.00  8
51.625 0.00  8
51.925 0.00  8
52.224 0.00  8
52.374 0.00  12
52.673 0.00  4
52.823 0.00  3
53.124 0.00  1
53.424 0.00  1
53.724 0.00  1
54.025 0.00  1
54.325 0.00  1
54.625 0.00  1
54.926 0.00  1
55.226 0.00  2
55.376 0.00  6
55.677 0.00  2
55.828 0.00  6
56.128 0.00  2
56.429 0.00  2
56.580 0.00  6
56.880 0.00  2
57.031 0.00  6
57.332 0.00  2
57.482 0.00  2
57.632 0.00  4
57.782 0.00  4
57.932 0.00  12
58.231 0.00  4
58.381 0.00  4
58.531 0.00  12
58.830 0.00  4
58.980 0.00  8
59.429 0.00  8
59.729 0.00  2
59.879 0.00  1
60.028 0.00  1
60.329 0.00  2
60.629 0.00  2
60.780 0.00  1
60.930 0.00  4
61.231 0.00  8
61.381 0.00  4
61.531 0.00  2
61.832 0.00  2
61.982 0.00  4
62.132 0.00  8
62.433 0.00  1
62.732 0.00  2
62.882 0.00  1
63.032 0.00  4
63.181 0.00  1
63.331 0.00  2
63.481 0.00  1
63.630 0.00  1
63.930 0.00  2
64.079 0.00  1
64.229 0.00  4
64.379 0.00  1
64.529 0.00  2
64.678 0.00  1
64.828 0.00  2
64.978 0.00  2
65.277 0.00  2
65.427 0.00  4
65.727 0.00  4
65.876 0.00  8
66.026 0.00  2
66.176 0.00  2
66.326 0.00  2
66.475 0.00  2
66.625 0.00  4
66.700 0.00  2
66.925 0.00  8
67.224 0.00  12
67.374 0.00  4
67.524 0.00  4
67.675 0.00  4
67.825 0.00  4
67.975 0.00  4
68.125 0.00  4
68.275 0.00  4
68.425 0.00  4
68.575 0.00  12
68.875 0.00  12
69.176 0.00  4
69.476 0.00  2
69.626 0.00  2
69.926 0.00  1
70.077 0.00  8
70.377 0.00  1
70.527 0.00  4
70.828 0.00  2
71.128 0.00  1
71.278 0.00  8
71.579 0.00  1
71.729 0.00  4
72.029 0.00  4
72.179 0.00  4
72.329 0.00  4
72.479 0.00  4
72.629 0.00  4
72.778 0.00  4
72.928 0.00  4
73.078 0.00  4
73.228 0.00  4
73.378 0.00  4
73.528 0.00  4
73.678 0.00  4
73.828 0.00  4
73.977 0.00  4
74.127 0.00  4
74.277 0.00  4
74.427 0.00  8
74.727 0.00  1
74.877 0.00  4
75.176 0.00  1
75.326 0.00  2
75.626 0.00  8
75.926 0.00  1
76.076 0.00  4
76.375 0.00  1
76.525 0.00  2
76.825 0.00  8
76.975 0.00  2
77.126 0.00  8
77.276 0.00  2
77.427 0.00  8
77.577 0.00  2
77.728 0.00  8
77.878 0.00  2
78.029 0.00  2
78.104 0.00  4
78.330 0.00  1
78.405 0.00  2
78.631 0.00  2
78.706 0.00  4
78.932 0.00  4
79.007 0.00  8
79.233 1.00  12
80.427 0.50  10
81.323 0.00  12
81.472 0.00  6
81.621 1.00  3
82.824 0.00  1
82.975 0.00  1
83.125 0.00  2
83.426 0.00  4
83.727 0.00  8
84.027 0.00  4
84.178 0.00  2
84.478 0.00  4
84.628 0.00  2
84.928 0.00  4
85.078 0.00  8
85.228 0.00  2
85.378 0.00  1
85.678 0.00  2
85.829 0.00  1
86.129 0.00  4
86.279 0.00  8
86.429 0.00  3
86.579 0.00  1
86.729 0.00  1
86.878 0.00  1
87.028 0.00  1
87.178 0.00  1
87.328 0.00  1
87.478 0.00  1
87.628 0.00  1
87.778 0.00  1
87.927 0.00  1
88.077 0.00  1
88.227 0.00  1
88.377 0.00  1
88.527 0.00  1
88.677 0.00  1
88.827 0.50  12
89.727 0.00  4
89.877 0.00  2
90.028 1.00  3
91.229 0.00  4
91.378 0.00  1
91.677 0.00  2
91.826 0.00  1
92.125 0.00  4
92.274 0.00  2
92.424 0.00  2
92.573 0.00  1
92.722 0.00  2
92.872 0.00  4
93.021 0.00  8
93.170 0.00  4
93.320 0.00  2
93.469 0.00  1
93.619 0.00  2
93.920 0.00  4
94.070 0.00  2
94.221 0.00  8
94.371 0.00  2
94.522 0.00  8
94.823 0.00  2
95.124 0.00  4
95.275 0.00  2
95.426 0.00  8
95.576 0.00  2
95.727 0.00  8
96.028 0.00  1
96.327 0.00  2
96.477 0.00  1
96.627 0.00  4
96.776 0.00  1
96.926 0.00  4
97.225 0.00  1
97.300 0.00  2
97.524 0.00  2
97.599 0.00  4
97.824 0.00  1
97.899 0.00  2
98.123 0.00  2
98.198 0.00  4
98.422 2.00  3
100.819 2.00  12
103.229 0.00  6
103.378 0.00  2
103.527 0.00  2
103.676 0.00  2
103.825 0.00  2
103.974 0.00  2
104.123 0.00  2
104.272 0.00  2
104.422 0.00  2
104.571 0.00  2
104.720 0.00  2
104.869 0.00  2
105.018 0.00  2
105.167 0.00  2
105.316 0.00  2
105.465 0.00  2
105.614 1.00  3
106.809 0.00  2
107.108 0.00  4
107.407 0.00  4
107.556 0.00  2
107.706 0.00  8
107.855 0.00  4
108.004 2.00  3
110.420 2.00  12
112.836 0.00  6
112.986 0.00  2
113.135 0.00  2
113.285 0.00  2
113.434 0.00  2
113.584 0.00  2
113.733 0.00  2
113.883 0.00  2
114.032 0.00  6
115.228 0.00  4
115.675 0.00  2
115.823 0.00  4
116.121 0.00  1
116.418 0.00  2
116.567 0.00  2
116.865 0.00  1
117.013 0.00  2
117.311 0.00  8
117.609 0.00  4
117.759 0.00  4
118.059 0.00  2
118.359 0.00  8
118.659 0.00  4
118.884 0.00  1
118.997 0.00  4
119.259 0.50  8
120.010 0.00  4
120.237 0.00  2
120.463 0.00  1
120.765 0.00  2
121.068 0.00  4
121.219 0.00  8
121.521 0.00  2
121.672 0.00  4
121.974 0.00  8
122.125 0.00  4
122.428 0.00  8
122.730 0.00  4
122.881 0.00  8
123.183 0.00  4
123.485 0.00  2
123.637 0.00  4
123.939 0.00  2
124.241 0.00  4
124.543 0.00  1
124.694 0.00  2
124.845 0.00  4
124.995 0.00  4
125.293 0.00  2
125.442 0.00  4
125.740 0.00  1
125.889 0.00  1
126.038 0.00  4
126.187 0.00  4
126.485 0.00  2
126.784 0.00  4
126.933 0.00  8
127.231 0.00  8
127.530 0.00  4
127.830 0.00  8
127.980 0.00  4
128.130 0.00  2
128.280 0.00  2
128.430 0.00  2
128.729 0.00  4
128.879 0.00  8
129.629 0.00  8
129.778 0.00  8
130.078 0.00  4
130.228 0.00  4
130.378 0.00  4
130.528 0.00  2
130.678 0.00  1
130.828 0.00  8
130.977 0.00  8
131.277 0.00  2
131.427 0.00  2
131.577 0.00  8
131.727 0.00  8
132.026 0.00  8
132.176 0.00  4
132.326 0.00  8
132.476 0.00  4
132.626 0.00  8
132.776 0.00  4
132.926 0.00  8
133.076 0.00  8
133.226 0.00  4
133.376 0.00  4
133.626 0.00  8
133.826 0.00  4
134.026 0.00  2
134.226 0.00  1
134.426 0.00  8
136.812 0.00  2
137.117 0.00  8
137.423 0.00  4
137.576 0.00  2
137.729 0.00  1
138.035 0.00  2
138.341 0.00  8
138.647 0.00  4
138.800 0.00  2
138.953 0.00  1
139.259 0.00  2
139.555 0.00  8
139.851 0.00  4
139.999 0.00  2
140.147 0.00  1
140.443 0.00  2
140.739 0.00  8
141.035 0.00  4
141.183 0.00  2
141.331 0.00  1
141.627 0.00  2
141.928 0.00  8
142.228 0.00  4
142.378 0.00  2
142.528 0.00  1
142.829 0.00  2
143.129 0.00  8
143.429 0.00  4
143.579 0.00  2
143.730 0.00  1
144.030 0.00  8
144.329 0.00  4
144.629 0.00  8
144.929 0.00  4
145.228 1.00  12
146.427 0.00  8
146.731 0.00  8
147.036 0.00  8
147.340 0.00  4
147.644 0.00  4
147.949 0.00  8
148.253 0.00  4
148.405 0.00  12
148.710 0.00  4
148.862 0.00  3
149.160 0.00  1
149.458 0.00  1
149.756 0.00  1
150.054 0.00  1
150.352 0.00  1
150.650 0.00  1
150.948 0.00  1
151.246 0.00  2
151.395 0.00  6
151.693 0.00  2
151.841 0.00  6
152.139 0.00  2
152.437 0.00  2
152.585 0.00  6
152.883 0.00  2
153.032 0.00  6
153.329 0.00  2
153.478 0.00  2
153.627 0.00  4
153.777 0.00  4
153.927 0.00  12
154.227 0.00  4
154.378 0.00  4
154.528 0.00  12
154.828 0.00  4
154.978 0.00  2
155.279 0.00  4
155.429 0.00  8
155.729 0.00  8
156.029 0.00  8
156.179 0.00  1
156.477 0.00  4
156.626 0.00  1
156.924 0.00  2
157.223 0.00  8
157.372 0.00  1
157.670 0.00  4
157.819 0.00  1
158.118 0.00  2
158.416 0.00  4
158.717 0.00  2
159.018 0.00  4
159.319 0.00  8
159.620 0.00  4
159.846 0.00  8
160.147 0.00  4
160.373 0.00  4
160.598 0.00  2
160.824 0.00  8
160.974 0.00  1
161.275 0.00  4
161.426 0.00  1
161.727 0.00  2
162.027 0.00  8
162.178 0.00  1
162.479 0.00  4
162.629 0.00  1
162.930 0.00  2
163.231 0.00  8
163.381 0.00  2
163.531 0.00  8
163.680 0.00  2
163.830 0.00  8
163.980 0.00  2
164.130 0.00  8
164.280 0.00  2
164.430 0.00  8
164.505 0.00  4
164.730 0.00  4
164.805 0.00  2
165.030 0.00  8
165.105 0.00  4
165.330 0.00  4
165.405 0.00  2
165.630 1.00  12
166.826 0.50  10
167.722 0.00  12
167.872 0.00  6
168.021 1.00  3
169.224 0.00  1
169.375 0.00  1
169.525 0.00  2
169.826 0.00  4
170.127 0.00  8
170.428 0.00  4
170.578 0.00  2
170.878 0.00  4
171.028 0.00  2
171.328 0.00  4
171.478 0.00  8
171.629 0.00  2
171.779 0.00  1
172.079 0.00  2
172.229 0.00  1
172.529 0.00  4
172.679 0.00  8
172.829 0.00  3
172.980 0.00  1
173.130 0.00  1
173.280 0.00  1
173.430 0.00  1
173.580 0.00  1
173.730 0.00  1
173.880 0.00  1
174.030 0.00  1
174.180 0.00  1
174.330 0.00  1
174.480 0.00  1
174.630 0.00  1
174.780 0.00  1
174.930 0.00  1
175.080 0.00  1
175.230 0.50  12
176.131 0.00  4
176.281 0.00  2
176.431 1.00  3
177.632 0.00  4
177.781 0.00  1
178.080 0.00  2
178.230 0.00  1
178.529 0.00  4
178.679 0.00  2
178.828 0.00  2
178.978 0.00  1
179.128 0.00  2
179.277 0.00  4
179.427 0.00  8
179.576 0.00  4
179.726 0.00  2
179.876 0.00  1
180.025 0.00  2
180.326 0.00  4
180.476 0.00  2
180.627 0.00  8
180.777 0.00  2
180.927 0.00  8
181.228 0.00  2
181.529 0.00  4
181.679 0.00  2
181.829 0.00  8
181.980 0.00  2
182.130 0.00  8
182.431 0.00  1
182.731 0.00  2
182.882 0.00  1
183.032 0.00  4
183.182 0.00  1
183.333 0.00  4
183.633 0.00  1
183.709 0.00  2
183.934 0.00  2
184.009 0.00  4
184.235 0.00  2
184.310 0.00  4
184.536 0.00  4
184.611 0.00  8
184.836 2.00  3
187.229 2.00  12
189.629 0.00  6
189.779 0.00  2
189.929 0.00  2
190.079 0.00  2
190.229 0.00  2
190.379 0.00  2
190.529 0.00  2
190.679 0.00  2
190.829 0.00  2
190.979 0.00  2
191.129 0.00  2
191.279 0.00  2
191.429 0.00  2
191.579 0.00  2
191.729 0.00  2
191.879 0.00  2
192.028 1.00  3
193.228 0.00  2
193.528 0.00  4
193.828 0.00  4
193.978 0.00  2
194.128 0.00  8
194.278 0.00  4
194.428 2.00  3
196.815 2.00  12
198.921 0.00  4
199.222 0.00  6
199.372 0.00  2
199.522 0.00  2
199.673 0.00  2
199.823 0.00  2
199.974 0.00  2
200.124 0.00  2
200.274 0.00  2
200.425 0.00  6
201.628 0.00  4
202.078 0.00  2
202.228 0.00  4
202.378 0.00  2
202.528 0.00  1
202.828 0.00  2
202.978 0.00  2
203.278 0.00  1
203.428 0.00  2
203.728 0.00  8
204.028 0.00  4
204.253 0.00  4
204.478 0.00  2
204.778 0.00  8
205.079 0.00  4
205.304 0.00  1
205.417 0.00  4
205.680 0.50  4
206.431 0.00  4
206.656 0.00  2
206.881 0.00  1
207.181 0.00  2
207.482 0.00  4
207.632 0.00  8
207.932 0.00  2
208.083 0.00  4
208.383 0.00  8
208.533 0.00  4
208.834 0.00  8
209.134 0.00  4
209.284 0.00  8
209.584 0.00  4
209.885 0.00  2
210.035 0.00  4
210.436 0.00  2
210.636 0.50  4
211.385 0.00  4
211.683 0.00  2
211.832 0.00  4
212.129 0.00  1
212.278 0.00  1
212.427 0.00  4
212.575 0.00  4
212.873 0.00  2
213.171 0.00  4
213.319 0.00  8
213.617 0.00  8
213.918 0.00  4
214.219 0.00  8
214.370 0.00  4
214.521 0.00  2
214.671 0.00  4
214.822 0.00  2
215.123 0.00  4
215.274 0.00  8
216.027 0.00  8
216.177 0.00  8
216.476 0.00  4
216.626 0.00  4
216.776 0.00  4
216.926 0.00  2
217.076 0.00  1
217.225 0.00  8
217.375 0.00  8
217.675 0.00  2
217.825 0.00  2
217.974 0.00  8
218.124 0.00  8
218.424 0.00  8
218.574 0.00  4
218.723 0.00  8
218.873 0.00  4
219.023 0.00  8
219.173 0.00  4
219.323 0.00  8
219.473 0.00  8
219.622 0.00  4
219.822 0.00  4
220.022 0.00  8
220.222 0.00  4
220.409 0.00  2
220.596 0.00  1
220.821 0.50  8
222.935 0.00  6
223.237 0.00  12
225.479 0.00  6
225.628 0.00  12
227.722 0.00  6
228.021 0.00  12
230.405 1.50  3
232.814 0.00  4
233.115 0.00  1
233.265 0.00  2
233.416 0.00  4
233.566 0.00  2
233.717 0.00  1
234.018 0.00  1
234.319 0.00  1
234.469 0.00  2
234.620 0.00  4
234.770 0.00  2
234.921 0.00  1
235.222 0.00  1
235.523 0.00  1
235.673 0.00  2
235.824 0.00  4
235.974 0.00  2
236.125 0.00  1
236.425 0.00  1
236.726 0.00  1
236.877 0.00  2
237.027 0.00  4
237.177 0.00  2
237.328 0.00  1
237.629 0.00  1
237.929 0.00  1
238.079 0.00  2
238.229 0.00  4
238.379 0.00  2
238.529 0.00  1
238.829 0.00  1
239.129 0.00  1
239.279 0.00  2
239.429 0.00  4
239.579 0.00  2
239.729 0.00  1
240.029 1.00  8
241.230 0.00  1
241.530 0.00  1
241.830 0.00  1
242.130 0.00  1
242.205 0.00  2
242.505 0.00  2
242.730 0.00  4
243.031 0.00  4
243.331 0.00  4
243.406 0.00  8
243.631 0.00  1
243.807 0.00  2
244.159 0.00  1
244.336 0.00  4
244.512 0.00  2
245.041 0.00  8
245.217 0.00  8
245.393 0.00  4
245.569 0.00  2
245.746 0.00  4
245.922 0.00  4
246.010 0.00  2
246.186 0.00  2
246.274 0.00  1
246.451 0.00  1
246.627 0.00  2
246.980 0.00  1
247.156 0.00  4
247.332 0.00  2
247.862 0.00  8
248.038 0.00  8
248.214 0.00  4
248.391 0.00  2
248.567 0.00  4
248.743 0.00  4
248.832 0.00  2
249.008 0.00  2
249.096 0.00  1
249.272 0.00  1
249.449 0.00  2
249.802 0.00  1
249.978 0.00  4
250.154 0.00  2
250.683 0.00  8
250.860 0.00  8
251.036 0.00  4
251.213 0.00  2
251.389 0.00  4
251.565 0.00  4
251.653 0.00  2
251.830 0.00  2
251.918 0.00  1
252.094 0.00  1
252.271 0.00  2
252.623 0.00  1
252.800 0.00  4
252.976 0.00  2
253.505 0.00  8
253.682 0.00  8
253.858 0.00  4
254.034 0.00  2
254.211 0.00  4
254.387 0.00  4
254.475 0.00  2
254.652 0.00  2
254.740 0.00  1
254.916 0.00  4
255.093 0.00  4
255.445 0.00  8
255.622 0.00  4
255.798 0.00  2
255.974 0.00  1
256.327 0.00  2
256.856 0.00  8
257.209 0.00  2
257.385 0.00  4
257.738 0.00  1
257.826 0.00  2
258.091 0.00  2
258.179 0.00  4
258.444 0.00  4
258.532 0.00  8
258.796 0.00  2
258.884 0.00  4
259.149 0.00  4
259.325 0.00  2
259.502 0.00  1
259.678 0.00  2
259.855 0.00  2
260.031 0.00  4
260.384 0.00  8
260.560 0.00  4
260.738 0.00  4
261.273 0.00  8
261.541 0.00  4
261.808 0.00  2
261.986 0.00  4
262.338 0.00  2
262.514 0.00  1
262.690 0.00  4
262.866 0.00  2
263.042 0.00  1
263.395 0.00  2
263.571 0.00  2
263.835 0.00  4
264.100 0.00  2
264.276 0.00  2
264.541 0.00  4
264.805 0.00  2
264.982 0.00  4
265.158 0.00  8
265.335 0.00  2
265.511 0.00  1
265.687 0.00  1
265.864 0.00  1
266.040 0.00  1
266.216 0.00  1
266.393 0.00  2
266.746 0.00  1
266.922 0.00  4
267.098 0.00  2
267.628 0.00  8
267.804 0.00  8
267.981 0.00  4
268.157 0.00  2
268.333 0.00  4
268.510 0.00  4
268.598 0.00  2
268.774 0.00  2
268.863 0.00  1
269.039 0.00  1
269.215 0.00  2
269.568 0.00  1
269.744 0.00  4
269.921 0.00  2
270.450 0.00  1
270.626 0.00  2
270.979 0.00  1
271.155 0.00  4
271.332 0.00  2
271.861 0.00  8
272.037 0.00  8
272.214 0.00  4
272.390 0.00  2
272.566 0.00  4
272.743 0.00  4
272.831 0.00  2
273.007 0.00  2
273.095 0.00  1
273.272 0.00  1
273.448 0.00  2
273.801 0.00  1
273.977 0.00  4
274.154 0.00  2
274.683 0.00  1
274.859 0.00  2
275.212 0.00  1
275.388 0.00  4
275.565 0.00  2
276.094 0.00  8
276.270 0.00  8
276.446 0.00  4
276.623 0.00  2
276.799 0.00  4
276.975 0.00  4
277.064 0.00  2
277.240 0.00  2
277.328 0.00  1
277.505 0.00  1
277.857 0.00  8
278.034 0.00  1
278.210 0.00  4
278.563 0.00  1
278.739 0.00  4
278.916 0.00  1
279.151 0.00  2
279.386 0.00  4
279.621 0.50  8
280.326 0.00  1
280.503 0.00  4
280.679 0.00  2
280.856 0.00  4
281.032 0.00  8
281.208 0.00  4
281.385 0.00  2
281.561 0.00  1
281.737 0.00  2
281.914 0.00  4
282.090 0.00  8
282.266 0.00  4
282.443 0.00  1
282.619 0.00  4
282.796 0.00  8
283.148 0.00  2
283.501 0.00  4
283.677 0.00  2
283.854 0.00  1
284.207 0.00  8
284.383 0.00  2
284.559 0.00  1
284.736 0.00  2
284.912 0.00  8
285.265 0.00  4
285.353 0.00  2
285.529 0.00  4
285.970 0.00  8
286.147 0.00  4
286.323 0.00  2
286.499 0.00  4
286.676 0.00  8
286.852 0.00  4
287.028 0.00  8
287.205 0.00  2
287.381 0.00  1
287.557 0.00  2
287.734 0.00  1
287.910 0.00  4
288.087 0.00  8
288.263 0.00  4
288.528 0.00  2
288.616 0.00  4
288.792 0.00  8
289.095 0.00  8
289.398 0.00  2
289.549 0.00  1
289.701 0.00  2
289.852 0.00  4
290.003 0.00  8
290.306 0.00  8
290.458 0.00  2
290.609 0.00  1
290.760 0.00  8
290.912 0.00  4
291.215 0.00  8
291.518 0.00  8
291.820 0.00  2
291.972 0.00  1
292.123 0.00  2
292.275 0.00  4
292.426 0.00  4
292.500 0.00  8
292.721 0.00  1
292.869 0.00  2
293.016 0.00  4
293.164 0.00  2
293.311 0.00  8
293.607 0.00  8
293.907 0.00  8
294.207 0.00  2
294.357 0.00  1
294.507 0.00  2
294.657 0.00  4
294.807 0.00  8
295.107 0.00  8
295.407 0.00  2
295.557 0.00  8
295.707 0.00  4
296.007 0.00  8
296.307 0.00  8
296.607 0.00  2
296.757 0.00  1
296.907 0.00  2
297.057 0.00  4
297.208 0.00  4
297.283 0.00  8
297.508 0.00  1
297.658 0.00  4
297.808 0.00  1
297.958 0.00  2
298.108 0.00  4
298.258 0.00  8
298.408 0.00  8
298.558 0.00  4
298.708 0.00  8
298.858 0.00  4
299.008 0.00  8
299.158 0.00  4
299.308 0.00  2
299.458 0.00  1
299.608 0.00  2
299.682 0.00  4
299.905 0.00  4
299.980 0.00  8
300.203 0.00  2
300.277 0.00  4
300.500 0.00  4
300.574 0.00  8
300.797 0.00  8
300.948 0.00  4
301.098 0.00  2
301.249 0.00  1
301.399 0.00  2
301.550 0.00  4
301.701 0.00  4
301.851 0.00  8
302.002 0.00  1
302.152 0.00  2
302.303 0.00  4
302.453 0.00  8
302.604 0.00  4
302.755 0.00  8
302.905 0.00  4
302.981 0.00  8
303.206 0.00  8
303.281 0.00  4
303.506 0.00  1
303.656 0.00  2
303.806 0.00  4
303.956 0.00  8
304.106 0.00  8
304.256 0.00  4
304.406 0.00  8
304.631 0.00  4
304.781 0.00  1
305.006 0.00  8
305.456 0.00  4
305.606 0.00  8
305.756 0.00  4
305.906 0.00  2
306.056 0.00  4
306.206 0.00  1
306.356 0.00  2
306.506 0.00  1
306.656 0.00  4
306.806 0.00  8
306.956 0.00  4
307.106 0.00  8
307.256 0.00  4
307.406 0.00  2
307.556 0.00  4
307.706 0.00  4
308.007 0.00  1
308.157 0.00  4
308.307 0.00  2
308.457 0.00  8
308.607 0.00  4
308.757 0.00  8
308.907 0.00  4
309.057 0.00  2
309.207 0.00  8
309.357 0.00  2
309.507 0.00  4
309.657 0.00  2
309.807 0.00  4
309.957 0.00  2
310.107 0.00  8
310.407 0.00  4
310.707 0.00  2
310.857 0.00  8
311.307 0.00  2
311.607 0.00  4
311.907 0.00  2
312.057 0.00  1
312.207 0.00  2
312.357 0.00  4
312.507 0.00  8
312.807 0.00  4
313.108 0.00  4
313.258 0.00  8
313.558 0.00  2
313.708 0.00  1
314.008 0.00  4
314.308 0.00  4
314.458 0.00  8
314.758 0.00  2
314.908 0.00  1
315.208 0.00  1
315.358 0.00  4
315.508 0.00  4
315.658 0.00  8
315.808 0.00  2
315.958 0.00  8
316.108 0.00  1
316.258 0.00  2
316.408 0.00  4
316.608 0.00  1
316.783 0.00  4
316.858 0.00  8
317.058 0.00  8
317.158 0.00  4
317.308 0.00  8
317.608 0.00  4
317.758 0.00  1
317.908 0.00  4
318.059 0.00  1
318.209 0.00  4
318.359 0.00  1
318.509 0.00  4
318.659 0.00  1
318.809 0.00  4
318.959 0.00  1
319.109 0.00  4
319.259 0.00  1
319.409 0.00  4
319.709 0.00  8
320.009 0.00  1
320.159 0.00  2
320.309 0.00  4
320.459 0.00  8
320.609 0.00  1
320.759 0.00  4
320.909 0.00  2
321.059 0.00  8
321.209 0.00  4
321.659 0.00  8
321.809 0.00  4
321.959 0.00  2
322.109 0.00  1
322.409 0.00  8
322.559 0.00  4
322.709 0.00  8
323.010 0.00  2
323.160 0.00  4
323.310 0.00  2
323.610 0.00  8
323.760 0.00  8
323.910 0.00  4
324.210 0.00  4
324.510 0.00  1
324.810 0.00  2
324.960 0.00  1
325.110 0.00  2
325.260 0.00  1
325.410 0.00  2
325.710 0.00  8
325.860 0.00  2
326.010 0.00  8
326.160 0.00  2
326.460 0.00  2
326.610 0.00  8
326.760 0.00  4
327.060 0.00  2
327.210 0.00  1
327.510 0.00  2
327.660 0.00  1
327.810 0.00  8
327.961 0.00  4
328.411 0.00  1
328.485 0.00  2
328.710 0.00  4
328.785 0.00  8
329.010 0.50  8
329.609 0.00  4
330.058 0.00  4
330.806 0.00  8
330.956 0.00  4
331.106 0.00  2
331.256 0.50  1
331.855 0.00  1
332.004 0.00  8
332.154 0.00  4
332.304 0.00  2
332.454 0.00  1
332.603 0.00  1
332.753 0.00  2
333.052 0.00  8
333.202 0.00  2
333.503 0.00  8
333.654 0.00  2
333.804 0.50  8
334.708 0.00  1
335.009 0.00  2
335.310 0.00  4
335.611 0.00  8
335.910 0.00  4
336.060 0.00  4
336.310 0.00  8
336.609 0.00  4
336.809 0.00  8
337.108 0.00  4
337.258 0.00  2
337.407 0.00  1
337.557 0.00  2
337.707 0.00  8
337.856 0.00  4
338.306 0.00  4
338.606 0.00  8
338.907 0.00  2
339.207 0.00  4
339.507 0.00  2
339.657 0.00  1
339.807 0.00  1
339.957 0.00  8
340.257 0.00  1
340.407 0.00  1
340.558 0.00  4
340.858 0.00  4
341.008 0.00  8
341.208 0.00  2
341.308 0.00  4
341.609 0.00  8
341.909 0.00  4
342.209 0.00  2
342.510 0.00  1
342.810 0.00  4
342.961 0.00  4
343.261 0.00  8
343.562 0.00  8
344.014 0.00  8
344.314 0.00  2
344.465 0.00  8
344.615 0.00  4
344.766 0.00  8
344.916 0.00  2
345.066 0.00  8
345.366 0.00  2
345.515 0.00  8
345.664 0.00  4
345.813 0.00  8
345.962 0.00  2
346.111 0.00  4
346.260 0.00  1
346.409 0.00  4
346.707 0.00  8
346.856 0.00  4
347.153 0.00  4
347.302 0.00  2
347.451 0.00  1
347.600 0.00  1
347.751 0.00  2
347.901 0.00  4
348.051 0.00  8
348.201 0.00  4
348.352 0.00  2
348.652 0.00  2
348.802 0.00  8
349.253 0.00  8
349.403 0.00  8
349.554 0.00  2
349.854 0.00  2
350.155 0.00  4
350.455 0.00  8
350.756 0.00  8
351.056 0.00  4
351.207 0.00  8
351.357 0.00  2
351.582 0.00  4
351.733 0.00  1
351.808 0.00  4
351.958 0.00  8
352.108 0.00  4
352.258 0.00  4
352.409 0.00  2
352.559 0.00  1
352.709 0.00  4
352.860 0.50  8
353.611 0.00  4
353.761 0.00  4
353.911 0.00  2
354.062 0.00  4
354.212 0.00  2
354.512 0.00  4
354.663 0.00  2
354.813 0.00  4
354.963 0.00  8
355.264 0.00  8
355.564 0.00  4
355.715 0.00  8
356.015 0.00  1
356.165 0.00  4
356.316 0.00  2
356.466 0.00  1
356.616 0.00  2
356.766 0.00  4
356.917 0.00  4
357.067 0.00  2
357.217 0.00  1
357.367 0.00  2
357.518 0.00  2
357.668 0.00  4
357.818 0.00  1
357.968 0.00  4
358.119 0.00  8
358.419 0.00  2
358.719 0.00  4
359.018 0.00  8
359.168 0.00  1
359.317 0.00  4
359.467 0.00  1
359.617 0.00  4
359.916 0.00  4
360.215 0.00  4
360.515 0.00  4
360.814 0.00  2
360.964 0.00  4
361.113 0.00  8
361.263 0.00  2
361.488 0.00  4
361.712 0.00  2
362.011 0.00  8
362.161 0.00  4
362.311 0.00  4
362.610 0.00  1
362.810 0.00  4
362.909 0.00  8
363.209 0.00  8
363.358 0.00  4
363.508 0.00  8
363.957 0.00  2
364.107 0.00  2
364.256 0.00  1
364.406 0.00  8
364.593 0.00  8
364.855 0.00  4
365.005 0.00  2
365.154 0.00  1
365.304 0.00  4
365.454 0.00  4
365.603 0.00  1
365.753 0.00  2
365.903 0.00  2
366.052 0.00  8
366.202 0.00  8
366.352 0.00  4
366.501 0.00  8
366.651 0.00  4
366.801 0.00  8
366.950 0.00  4
367.025 0.00  8
367.175 0.00  4
367.250 0.00  8
367.400 0.00  4
367.474 0.00  8
367.624 0.00  4
367.699 0.00  8
367.849 0.00  4
367.998 2.00  12
370.393 2.00  3
372.788 2.00  6
375.182 2.00  8
377.577 2.00  12
379.972 2.00  3
382.397 2.00  6
384.795 0.00  4
384.946 0.00  2
385.096 0.00  4
385.247 0.00  2
385.398 0.00  4
385.548 0.00  2
385.699 0.00  4
385.925 0.00  2
386.001 0.00  8
386.151 0.00  4
386.603 0.00  4
386.754 0.00  1
387.206 2.00  3
389.609 2.00  12
392.006 0.00  6
392.156 0.00  2
392.306 0.00  2
392.456 0.00  2
392.606 0.00  2
392.755 0.00  2
392.905 0.00  2
393.055 0.00  2
393.205 0.00  2
393.355 0.00  2
393.505 0.00  2
393.654 0.00  2
393.804 0.00  2
393.954 0.00  2
394.104 0.00  2
394.254 0.00  2
394.404 0.00  2
394.554 0.00  4
394.703 0.00  8
394.853 0.00  1
395.003 0.00  2
395.153 0.00  4
395.303 0.00  4
395.453 0.00  8
395.602 0.00  2
395.752 0.00  1
395.902 0.00  4
396.202 0.00  4
396.501 0.00  8
396.651 0.00  1
396.801 0.50  4
397.700 0.00  4
397.850 0.00  2
398.000 0.00  4
398.449 0.00  2
398.899 0.00  1
399.199 0.00  8
399.349 0.00  4
399.498 0.00  2
399.648 0.00  4
399.798 0.00  8
399.948 0.00  2
400.098 0.00  4
400.248 0.00  4
400.397 0.00  2
400.547 0.00  4
400.735 0.00  2
400.847 0.00  1
400.997 0.00  1
401.296 0.00  2
401.596 0.00  4
402.046 0.00  4
402.495 0.00  2
402.795 0.00  4
403.994 0.00  2
404.144 0.00  2
404.295 0.00  1
404.446 0.00  2
404.597 0.00  2
404.748 0.00  1
404.898 0.00  2
405.049 0.00  1
405.200 0.00  2
405.351 0.00  2
405.502 0.00  1
405.652 0.00  2
405.803 0.00  2
405.954 0.00  1
406.105 0.00  2
406.256 0.00  1
406.407 0.00  8
406.557 0.00  8
406.707 0.00  1
406.857 0.00  8
407.007 0.00  8
407.157 0.00  1
407.307 0.00  8
407.457 0.00  1
407.607 0.00  8
407.757 0.00  8
407.907 0.00  1
408.057 0.00  8
408.207 0.00  8
408.357 0.00  1
408.507 0.00  8
408.657 0.00  1
408.807 0.00  4
408.958 0.00  4
409.109 0.00  1
409.259 0.00  4
409.410 0.00  4
409.561 0.00  1
409.712 0.00  4
409.863 0.00  1
410.014 0.00  4
410.164 0.00  4
410.315 0.00  1
410.466 0.00  4
410.617 0.00  4
410.768 0.00  1
410.919 0.00  4
411.069 0.00  1
411.220 0.00  2
411.369 0.00  2
411.518 0.00  1
411.668 0.00  2
411.817 0.00  2
411.966 0.00  1
412.115 0.00  2
412.264 0.00  1
412.413 0.00  1
412.562 0.00  2
412.711 0.00  4
412.860 0.00  2
413.010 0.00  4
413.159 0.00  1
413.308 0.00  2
413.606 0.00  2
413.756 0.00  2
413.906 0.00  1
414.057 0.00  2
414.207 0.00  2
414.357 0.00  1
414.507 0.00  2
414.658 0.00  1
414.808 0.00  2
414.958 0.00  2
415.108 0.00  1
415.259 0.00  2
415.409 0.00  2
415.559 0.00  1
415.709 0.00  2
415.860 0.00  1
416.010 0.00  8
416.160 0.00  8
416.310 0.00  1
416.461 0.00  8
416.611 0.00  8
416.761 0.00  1
416.911 0.00  8
417.062 0.00  1
417.212 0.00  8
417.362 0.00  8
417.512 0.00  1
417.663 0.00  8
417.813 0.00  8
417.963 0.00  1
418.113 0.00  8
418.264 0.00  1
418.414 0.00  4
418.564 0.00  4
418.714 0.00  1
418.865 0.00  4
419.015 0.00  4
419.165 0.00  1
419.315 0.00  4
419.466 0.00  1
419.616 0.00  4
419.766 0.00  4
419.916 0.00  1
420.067 0.00  4
420.217 0.00  4
420.367 0.00  1
420.517 0.00  4
420.668 0.00  1
420.818 0.00  1
420.968 0.00  2
421.118 0.00  4
421.269 0.00  8
421.419 0.00  4
421.569 0.00  2
421.719 0.00  1
421.870 0.00  2
422.020 0.00  1
422.120 0.00  4
422.320 0.00  8
422.471 0.00  4
422.621 0.00  8
422.771 0.00  4
422.921 0.00  8
423.072 0.00  4
423.222 0.00  4
423.372 0.00  8
423.673 0.00  4
423.823 0.00  8
424.123 0.00  4
424.274 0.00  8
424.574 0.00  4
424.875 0.00  8
425.175 0.00  4
425.325 0.00  2
425.476 0.00  1
425.626 0.00  2
425.776 0.00  4
426.077 0.00  2
426.227 0.00  4
426.527 0.00  2
426.678 0.00  4
426.978 0.00  2
427.279 0.00  4
427.429 0.00  8
427.579 0.00  4
427.729 0.00  2
427.880 0.00  1
428.030 0.00  1
428.180 0.00  4
428.330 0.00  1
428.481 0.00  8
428.781 0.00  8
429.082 0.00  2
429.382 0.00  4
429.683 0.00  2
429.833 0.00  4
429.983 0.00  8
430.133 0.00  8
430.434 0.00  4
430.734 0.00  4
431.035 0.00  4
431.335 0.00  4
431.636 0.00  4
431.936 0.00  4
432.237 0.00  4
432.537 0.00  4
432.838 0.00  4
433.138 0.00  4
433.439 0.00  4
433.739 0.00  4
434.040 0.00  4
434.340 0.00  4
434.641 0.00  4
434.941 0.00  4
435.242 0.00  8
435.392 0.00  4
435.542 0.00  2
435.843 0.00  4
435.993 0.00  2
436.143 0.00  1
436.444 0.50  8
437.045 0.00  8
437.195 0.00  2
437.345 0.00  1
437.495 0.00  2
437.646 0.00  4
437.846 0.00  2
438.146 0.00  4
438.247 0.00  1
438.447 0.00  4
438.647 0.00  8
438.848 1.00  8
2.414 0.00  1
2.715 0.00  4
3.017 0.00  2
3.168 0.00  4
3.319 0.00  8
3.621 0.00  8
3.922 0.00  4
4.224 0.00  2
4.526 0.00  2
4.677 0.00  1
4.828 0.00  1
5.130 0.00  4
5.431 0.00  2
5.582 0.00  4
5.733 0.00  8
6.035 0.00  8
6.337 0.00  4
6.638 0.00  2
6.940 0.00  2
7.091 0.00  1
7.242 0.00  1
7.542 0.00  4
7.841 0.00  2
7.991 0.00  4
8.141 0.00  8
8.441 0.00  8
8.741 0.00  4
9.041 0.00  2
9.340 0.00  2
9.490 0.00  1
9.640 0.00  1
9.939 0.00  4
10.237 0.00  2
10.386 0.00  4
10.536 0.00  8
10.834 0.00  8
11.133 0.00  4
11.431 0.00  2
11.730 0.00  2
11.879 0.00  1
12.028 0.00  1
12.330 0.00  4
12.633 0.00  2
12.784 0.00  4
12.935 0.00  8
13.237 0.00  8
13.540 0.00  4
13.842 0.00  2
14.144 0.00  2
14.295 0.00  1
14.446 0.00  1
14.744 0.00  4
15.041 0.00  2
15.190 0.00  4
15.339 0.00  8
15.636 0.00  8
15.934 0.00  4
16.231 0.00  2
16.529 0.00  2
16.677 0.00  1
16.826 0.00  1
17.128 0.00  4
17.431 0.00  2
17.582 0.00  4
17.733 0.00  8
18.036 0.00  8
18.338 0.00  4
18.641 0.00  2
18.943 0.00  2
19.094 0.00  1
19.245 0.00  1
19.544 0.00  4
19.842 0.00  2
19.992 0.00  4
20.141 0.00  8
20.439 0.00  8
20.589 0.00  4
20.738 0.00  2
20.887 0.00  4
21.037 0.00  8
21.186 0.00  4
21.335 0.00  4
21.484 0.00  1
21.634 0.00  2
21.784 0.00  2
21.934 0.00  1
22.084 0.00  2
22.234 0.00  2
22.384 0.00  1
22.534 0.00  2
22.684 0.00  1
22.834 0.00  2
22.983 0.00  2
23.133 0.00  1
23.283 0.00  2
23.433 0.00  2
23.583 0.00  1
23.733 0.00  2
23.883 0.00  1
24.033 0.00  8
24.183 0.00  8
24.333 0.00  1
24.483 0.00  8
24.632 0.00  8
24.782 0.00  1
24.932 0.00  8
25.081 0.00  1
25.231 0.00  8
25.381 0.00  8
25.530 0.00  1
25.680 0.00  8
25.830 0.00  8
25.979 0.00  1
26.129 0.00  8
26.279 0.00  1
26.428 0.00  4
26.579 0.00  4
26.730 0.00  1
26.881 0.00  4
27.032 0.00  4
27.183 0.00  1
27.334 0.00  4
27.485 0.00  1
27.635 0.00  4
27.786 0.00  4
27.937 0.00  1
28.088 0.00  4
28.239 0.00  4
28.390 0.00  1
28.541 0.00  4
28.692 0.00  1
28.842 0.00  2
28.994 0.00  2
29.145 0.00  1
29.296 0.00  2
29.447 0.00  2
29.599 0.00  1
29.750 0.00  2
29.901 0.00  1
30.052 0.00  1
30.204 0.00  2
30.355 0.00  4
30.506 0.00  2
30.657 0.00  4
30.808 0.00  8
31.262 0.00  2
31.410 0.00  2
31.558 0.00  1
31.707 0.00  2
31.855 0.00  2
32.003 0.00  1
32.151 0.00  2
32.299 0.00  1
32.447 0.00  2
32.596 0.00  2
32.744 0.00  1
32.892 0.00  2
33.040 0.00  2
33.188 0.00  1
33.336 0.00  2
33.484 0.00  1
33.633 0.00  8
33.783 0.00  8
33.934 0.00  1
34.085 0.00  8
34.236 0.00  8
34.387 0.00  1
34.538 0.00  8
34.689 0.00  1
34.840 0.00  8
34.990 0.00  8
35.141 0.00  1
35.292 0.00  8
35.443 0.00  8
35.594 0.00  1
35.745 0.00  8
35.896 0.00  1
36.047 0.00  4
36.196 0.00  4
36.345 0.00  1
36.494 0.00  4
36.643 0.00  4
36.792 0.00  1
36.941 0.00  4
37.090 0.00  1
37.239 0.00  4
37.389 0.00  4
37.538 0.00  1
37.687 0.00  4
37.836 0.00  4
37.985 0.00  1
38.134 0.00  4
38.283 0.00  1
38.432 0.00  2
38.582 0.00  2
38.731 0.00  1
38.881 0.00  2
39.030 0.00  2
39.179 0.00  1
39.329 0.00  2
39.478 0.00  1
39.628 1.00  8
40.823 0.00  12
43.224 0.00  3
45.624 0.00  6
48.025 0.00  6
48.326 0.00  6
48.626 0.00  6
48.776 0.00  6
49.076 0.00  6
49.226 0.00  12
49.526 0.00  8
49.677 0.00  4
49.827 0.00  2
49.977 0.00  4
50.127 0.00  8
50.277 0.00  2
50.427 0.00  8
50.727 0.00  8
51.026 0.00  8
51.326 0.00  8
51.625 0.00  8
51.925 0.00  8
52.224 0.00  8
52.374 0.00  12
52.673 0.00  4
52.823 0.00  3
53.124 0.00  1
53.424 0.00  1
53.724 0.00  1
54.025 0.00  1
54.325 0.00  1
54.625 0.00  1
54.926 0.00  1
55.226 0.00  2
55.376 0.00  6
55.677 0.00  2
55.828 0.00  6
56.128 0.00  2
56.429 0.00  2
56.580 0.00  6
56.880 0.00  2
57.031 0.00  6
57.332 0.00  2
57.482 0.00  2
57.632 0.00  4
57.782 0.00  4
57.932 0.00  12
58.231 0.00  4
58.381 0.00  4
58.531 0.00  12
58.830 0.00  4
58.980 0.00  8
59.429 0.00  8
59.729 0.00  2
59.879 0.00  1
60.028 0.00  1
60.329 0.00  2
60.629 0.00  2
60.780 0.00  1
60.930 0.00  4
61.231 0.00  8
61.381 0.00  4
61.531 0.00  2
61.832 0.00  2
61.982 0.00  4
62.132 0.00  8
62.433 0.00  1
62.732 0.00  2
62.882 0.00  1
63.032 0.00  4
63.181 0.00  1
63.331 0.00  2
63.481 0.00  1
63.630 0.00  1
63.930 0.00  2
64.079 0.00  1
64.229 0.00  4
64.379 0.00  1
64.529 0.00  2
64.678 0.00  1
64.828 0.00  2
64.978 0.00  2
65.277 0.00  2
65.427 0.00  4
65.727 0.00  4
65.876 0.00  8
66.026 0.00  2
66.176 0.00  2
66.326 0.00  2
66.475 0.00  2
66.625 0.00  4
66.775 0.00  2
66.925 0.00  8
67.224 0.00  12
67.374 0.00  4
67.524 0.00  4
67.675 0.00  4
67.825 0.00  4
67.975 0.00  4
68.125 0.00  4
68.275 0.00  4
68.425 0.00  4
68.575 0.00  12
68.875 0.00  12
69.176 0.00  4
69.476 0.00  2
69.626 0.00  2
69.926 0.00  1
70.077 0.00  8
70.377 0.00  1
70.527 0.00  4
70.828 0.00  2
71.128 0.00  1
71.278 0.00  8
71.579 0.00  1
71.729 0.00  4
72.029 0.00  4
72.179 0.00  4
72.329 0.00  4
72.479 0.00  4
72.629 0.00  4
72.778 0.00  4
72.928 0.00  4
73.078 0.00  4
73.228 0.00  4
73.378 0.00  4
73.528 0.00  4
73.678 0.00  4
73.828 0.00  4
73.977 0.00  4
74.127 0.00  4
74.277 0.00  4
74.427 0.00  8
74.727 0.00  1
74.877 0.00  4
75.176 0.00  1
75.326 0.00  2
75.626 0.00  8
75.926 0.00  1
76.076 0.00  4
76.375 0.00  1
76.525 0.00  2
76.825 0.00  8
76.975 0.00  2
77.126 0.00  8
77.276 0.00  2
77.427 0.00  8
77.577 0.00  2
77.728 0.00  8
77.878 0.00  2
78.029 0.00  2
78.104 0.00  4
78.330 0.00  1
78.405 0.00  2
78.631 0.00  2
78.706 0.00  4
78.932 0.00  4
79.007 0.00  8
79.233 1.00  12
80.427 0.50  10
81.323 0.00  12
81.472 0.00  6
81.621 1.00  3
82.824 0.00  1
82.975 0.00  1
83.125 0.00  2
83.426 0.00  4
83.727 0.00  8
84.027 0.00  4
84.178 0.00  2
84.478 0.00  4
84.628 0.00  2
84.928 0.00  4
85.078 0.00  8
85.228 0.00  2
85.378 0.00  1
85.678 0.00  2
85.829 0.00  1
86.129 0.00  4
86.279 0.00  8
86.429 0.00  3
86.579 0.00  1
86.729 0.00  1
86.878 0.00  1
87.028 0.00  1
87.178 0.00  1
87.328 0.00  1
87.478 0.00  1
87.628 0.00  1
87.778 0.00  1
87.927 0.00  1
88.077 0.00  1
88.227 0.00  1
88.377 0.00  1
88.527 0.00  1
88.677 0.00  1
88.827 0.50  12
89.727 0.00  4
89.877 0.00  2
90.028 1.00  3
91.229 0.00  4
91.378 0.00  1
91.677 0.00  2
91.826 0.00  1
92.125 0.00  4
92.274 0.00  2
92.424 0.00  2
92.573 0.00  1
92.722 0.00  2
92.872 0.00  4
93.021 0.00  8
93.170 0.00  4
93.320 0.00  2
93.469 0.00  1
93.619 0.00  2
93.920 0.00  4
94.070 0.00  2
94.221 0.00  8
94.371 0.00  2
94.522 0.00  8
94.823 0.00  2
95.124 0.00  4
95.275 0.00  2
95.426 0.00  8
95.576 0.00  2
95.727 0.00  8
96.028 0.00  1
96.327 0.00  2
96.477 0.00  1
96.627 0.00  4
96.776 0.00  1
96.926 0.00  4
97.225 0.00  1
97.300 0.00  2
97.524 0.00  2
97.599 0.00  4
97.824 0.00  1
97.899 0.00  2
98.123 0.00  2
98.198 0.00  4
98.422 2.00  3
100.819 2.00  12
103.229 0.00  6
103.378 0.00  2
103.527 0.00  2
103.676 0.00  2
103.825 0.00  2
103.974 0.00  2
104.123 0.00  2
104.272 0.00  2
104.422 0.00  2
104.571 0.00  2
104.720 0.00  2
104.869 0.00  2
105.018 0.00  2
105.167 0.00  2
105.316 0.00  2
105.465 0.00  2
105.614 1.00  3
106.809 0.00  2
107.108 0.00  4
107.407 0.00  4
107.556 0.00  2
107.706 0.00  8
107.855 0.00  4
108.004 2.00  3
110.420 2.00  12
112.836 0.00  6
112.986 0.00  2
113.135 0.00  2
113.285 0.00  2
113.434 0.00  2
113.584 0.00  2
113.733 0.00  2
113.883 0.00  2
114.032 0.00  6
115.228 0.00  4
115.675 0.00  2
115.823 0.00  4
116.121 0.00  1
116.418 0.00  2
116.567 0.00  2
116.865 0.00  1
117.013 0.00  2
117.311 0.00  8
117.609 0.00  4
117.759 0.00  4
118.059 0.00  2
118.359 0.00  8
118.659 0.00  4
118.884 0.00  1
118.997 0.00  4
119.259 0.50  8
120.010 0.00  4
120.237 0.00  2
120.463 0.00  1
120.765 0.00  2
121.068 0.00  4
121.219 0.00  8
121.521 0.00  2
121.672 0.00  4
121.974 0.00  8
122.125 0.00  4
122.428 0.00  8
122.730 0.00  4
122.881 0.00  8
123.183 0.00  4
123.485 0.00  2
123.637 0.00  4
123.939 0.00  2
124.241 0.00  4
124.543 0.00  1
124.694 0.00  2
124.845 0.00  4
124.995 0.00  4
125.293 0.00  2
125.442 0.00  4
125.740 0.00  1
125.889 0.00  1
126.038 0.00  4
126.187 0.00  4
126.485 0.00  2
126.784 0.00  4
126.933 0.00  8
127.231 0.00  8
127.530 0.00  4
127.830 0.00  8
127.980 0.00  4
128.130 0.00  2
128.280 0.00  4
128.430 0.00  2
128.729 0.00  4
128.879 0.00  8
129.629 0.00  8
129.778 0.00  8
130.078 0.00  4
130.228 0.00  4
130.378 0.00  4
130.528 0.00  2
130.678 0.00  1
130.828 0.00  8
130.977 0.00  8
131.277 0.00  2
131.427 0.00  2
131.577 0.00  8
131.727 0.00  8
132.026 0.00  8
132.176 0.00  4
132.326 0.00  8
132.476 0.00  4
132.626 0.00  8
132.776 0.00  4
132.926 0.00  8
133.076 0.00  8
133.226 0.00  4
133.376 0.00  4
133.626 0.00  8
133.826 0.00  4
134.026 0.00  2
134.226 0.00  1
134.426 0.00  8
136.812 0.00  12
137.117 0.00  4
137.270 0.00  4
137.423 0.00  4
137.576 0.00  4
137.729 0.00  4
137.882 0.00  4
138.035 0.00  4
138.188 0.00  4
138.341 0.00  4
138.494 0.00  4
138.647 0.00  4
138.800 0.00  4
138.953 0.00  4
139.106 0.00  4
139.259 0.00  3
139.407 0.00  1
139.555 0.00  1
139.703 0.00  1
139.851 0.00  1
139.999 0.00  1
140.147 0.00  1
140.295 0.00  1
140.443 0.00  1
140.591 0.00  1
140.739 0.00  1
140.887 0.00  1
141.035 0.00  1
141.183 0.00  1
141.331 0.00  1
141.479 0.00  1
141.627 0.00  6
141.778 0.00  2
141.928 0.00  2
142.078 0.00  2
142.228 0.00  2
142.378 0.00  2
142.528 0.00  2
142.678 0.00  2
142.829 0.00  2
142.979 0.00  2
143.129 0.00  2
143.279 0.00  2
143.429 0.00  2
143.579 0.00  2
143.730 0.00  2
143.880 0.00  2
144.030 0.00  8
144.329 0.00  4
144.629 0.00  8
144.929 0.00  4
145.228 1.00  12
146.427 0.00  8
146.731 0.00  8
147.036 0.00  8
147.340 0.00  4
147.644 0.00  4
147.949 0.00  8
148.253 0.00  4
148.405 0.00  12
148.710 0.00  4
148.862 0.00  3
149.160 0.00  1
149.458 0.00  1
149.756 0.00  1
150.054 0.00  1
150.352 0.00  1
150.650 0.00  1
150.948 0.00  1
151.246 0.00  2
151.395 0.00  6
151.693 0.00  2
151.841 0.00  6
152.139 0.00  2
152.437 0.00  2
152.585 0.00  6
152.883 0.00  2
153.032 0.00  6
153.329 0.00  2
153.478 0.00  2
153.627 0.00  4
153.777 0.00  4
153.927 0.00  12
154.227 0.00  4
154.378 0.00  4
154.528 0.00  12
154.828 0.00  4
154.978 0.00  2
155.279 0.00  4
155.429 0.00  8
155.729 0.00  8
156.029 0.00  8
156.179 0.00  1
156.477 0.00  4
156.626 0.00  1
156.924 0.00  2
157.223 0.00  8
157.372 0.00  1
157.670 0.00  4
157.819 0.00  1
158.118 0.00  2
158.416 0.00  4
158.717 0.00  2
159.018 0.00  4
159.319 0.00  8
159.620 0.00  4
159.846 0.00  8
160.147 0.00  4
160.373 0.00  4
160.598 0.00  2
160.824 0.00  8
160.974 0.00  1
161.275 0.00  4
161.426 0.00  1
161.727 0.00  2
162.027 0.00  8
162.178 0.00  1
162.479 0.00  4
162.629 0.00  1
162.930 0.00  2
163.231 0.00  8
163.381 0.00  2
163.531 0.00  8
163.680 0.00  2
163.830 0.00  8
163.980 0.00  2
164.130 0.00  8
164.280 0.00  2
164.430 0.00  8
164.505 0.00  4
164.730 0.00  4
164.805 0.00  2
165.030 0.00  8
165.105 0.00  4
165.330 0.00  4
165.405 0.00  2
165.630 1.00  12
166.826 0.50  10
167.722 0.00  12
167.872 0.00  6
168.021 1.00  3
169.224 0.00  1
169.375 0.00  1
169.525 0.00  2
169.826 0.00  4
170.127 0.00  8
170.428 0.00  4
170.578 0.00  2
170.878 0.00  4
171.028 0.00  2
171.328 0.00  4
171.478 0.00  8
171.629 0.00  2
171.779 0.00  1
172.079 0.00  2
172.229 0.00  1
172.529 0.00  4
172.679 0.00  8
172.829 0.00  3
172.980 0.00  1
173.130 0.00  1
173.280 0.00  1
173.430 0.00  1
173.580 0.00  1
173.730 0.00  1
173.880 0.00  1
174.030 0.00  1
174.180 0.00  1
174.330 0.00  1
174.480 0.00  1
174.630 0.00  1
174.780 0.00  1
174.930 0.00  1
175.080 0.00  1
175.230 0.50  12
176.131 0.00  4
176.281 0.00  2
176.431 1.00  3
177.632 0.00  4
177.781 0.00  1
178.080 0.00  2
178.230 0.00  1
178.529 0.00  4
178.679 0.00  2
178.828 0.00  2
178.978 0.00  1
179.128 0.00  2
179.277 0.00  4
179.427 0.00  8
179.576 0.00  4
179.726 0.00  2
179.876 0.00  1
180.025 0.00  2
180.326 0.00  4
180.476 0.00  2
180.627 0.00  8
180.777 0.00  2
180.927 0.00  8
181.228 0.00  2
181.529 0.00  4
181.679 0.00  2
181.829 0.00  8
181.980 0.00  2
182.130 0.00  8
182.431 0.00  1
182.731 0.00  2
182.882 0.00  1
183.032 0.00  4
183.182 0.00  1
183.333 0.00  4
183.633 0.00  1
183.709 0.00  2
183.934 0.00  2
184.009 0.00  4
184.235 0.00  1
184.310 0.00  2
184.536 0.00  2
184.611 0.00  4
184.836 2.00  3
187.229 2.00  12
189.629 0.00  6
189.779 0.00  2
189.929 0.00  2
190.079 0.00  2
190.229 0.00  2
190.379 0.00  2
190.529 0.00  2
190.679 0.00  2
190.829 0.00  2
190.979 0.00  2
191.129 0.00  2
191.279 0.00  2
191.429 0.00  2
191.579 0.00  2
191.729 0.00  2
191.879 0.00  2
192.028 1.00  3
193.228 0.00  2
193.528 0.00  4
193.828 0.00  4
193.978 0.00  2
194.128 0.00  8
194.278 0.00  4
194.428 2.00  3
196.815 2.00  12
198.921 0.00  8
199.222 0.00  4
199.522 0.00  2
199.673 0.00  2
199.823 0.00  2
199.974 0.00  2
200.124 0.00  2
200.274 0.00  2
200.425 0.00  6
201.628 0.00  4
202.078 0.00  2
202.228 0.00  4
202.378 0.00  2
202.528 0.00  1
202.828 0.00  2
202.978 0.00  2
203.278 0.00  1
203.428 0.00  2
203.728 0.00  8
204.028 0.00  4
204.178 0.00  4
204.478 0.00  2
204.778 0.00  8
205.079 0.00  4
205.304 0.00  1
205.417 0.00  4
205.680 0.50  4
206.431 0.00  4
206.656 0.00  2
206.881 0.00  1
207.181 0.00  2
207.482 0.00  4
207.632 0.00  8
207.932 0.00  2
208.083 0.00  4
208.383 0.00  8
208.533 0.00  4
208.834 0.00  8
209.134 0.00  4
209.284 0.00  8
209.584 0.00  4
209.885 0.00  2
210.035 0.00  4
210.335 0.00  2
210.486 0.50  4
211.385 0.00  4
211.683 0.00  2
211.832 0.00  4
212.129 0.00  1
212.278 0.00  1
212.427 0.00  4
212.575 0.00  4
212.873 0.00  2
213.171 0.00  4
213.319 0.00  8
213.617 0.00  8
213.918 0.00  4
214.219 0.00  8
214.370 0.00  4
214.521 0.00  2
214.671 0.00  4
214.822 0.00  2
215.123 0.00  4
215.274 0.00  8
216.027 0.00  8
216.177 0.00  8
216.476 0.00  4
216.626 0.00  4
216.776 0.00  4
216.926 0.00  2
217.076 0.00  1
217.225 0.00  8
217.375 0.00  8
217.675 0.00  2
217.825 0.00  2
217.974 0.00  8
218.124 0.00  8
218.424 0.00  8
218.574 0.00  4
218.723 0.00  8
218.873 0.00  4
219.023 0.00  8
219.173 0.00  4
219.323 0.00  8
219.473 0.00  8
219.622 0.00  4
219.822 0.00  4
220.022 0.00  8
220.222 0.00  4
220.409 0.00  2
220.596 0.00  1
220.821 0.50  8
222.935 0.00  6
223.237 0.00  12
225.479 0.00  6
225.628 0.00  12
227.722 0.00  6
228.021 0.00  12
230.405 1.50  3
232.513 0.00  3
232.814 0.00  12
234.921 0.00  6
235.222 0.00  12
237.478 0.00  6
237.629 0.00  12
240.029 1.00  8
241.230 0.00  1
241.530 0.00  1
241.830 0.00  1
242.130 0.00  1
242.205 0.00  2
242.505 0.00  2
242.730 0.00  4
243.031 0.00  4
243.331 0.00  4
243.406 0.00  8
243.631 0.00  1
243.807 0.00  2
244.159 0.00  1
244.336 0.00  4
244.512 0.00  2
245.041 0.00  8
245.217 0.00  8
245.393 0.00  4
245.569 0.00  2
245.746 0.00  4
245.922 0.00  4
246.010 0.00  2
246.186 0.00  2
246.274 0.00  1
246.451 0.00  1
246.627 0.00  2
246.980 0.00  1
247.156 0.00  4
247.332 0.00  2
247.862 0.00  8
248.038 0.00  8
248.214 0.00  4
248.391 0.00  2
248.567 0.00  4
248.743 0.00  4
248.832 0.00  2
249.008 0.00  2
249.096 0.00  1
249.272 0.00  1
249.449 0.00  2
249.802 0.00  1
249.978 0.00  4
250.154 0.00  2
250.683 0.00  8
250.860 0.00  8
251.036 0.00  4
251.213 0.00  2
251.389 0.00  4
251.565 0.00  4
251.653 0.00  2
251.830 0.00  2
251.918 0.00  1
252.094 0.00  1
252.271 0.00  2
252.623 0.00  1
252.800 0.00  4
252.976 0.00  2
253.505 0.00  8
253.682 0.00  8
253.858 0.00  4
254.034 0.00  2
254.211 0.00  4
254.387 0.00  4
254.475 0.00  2
254.652 0.00  2
254.740 0.00  1
254.916 0.00  4
255.093 0.00  4
255.445 0.00  8
255.622 0.00  4
255.798 0.00  2
255.974 0.00  1
256.327 0.00  2
256.856 0.00  8
257.209 0.00  2
257.385 0.00  4
257.738 0.00  1
257.826 0.00  2
258.091 0.00  2
258.179 0.00  4
258.444 0.00  4
258.532 0.00  8
258.796 0.00  2
258.884 0.00  4
259.149 0.00  4
259.325 0.00  2
259.502 0.00  1
259.678 0.00  2
259.855 0.00  2
260.031 0.00  4
260.384 0.00  8
260.560 0.00  4
260.738 0.00  4
261.273 0.00  8
261.541 0.00  4
261.808 0.00  2
261.986 0.00  4
262.338 0.00  2
262.514 0.00  1
262.690 0.00  4
262.866 0.00  2
263.042 0.00  1
263.395 0.00  2
263.571 0.00  2
263.835 0.00  4
264.100 0.00  2
264.276 0.00  2
264.541 0.00  4
264.805 0.00  2
264.982 0.00  4
265.158 0.00  8
265.335 0.00  2
265.511 0.00  1
265.687 0.00  1
265.864 0.00  1
266.040 0.00  1
266.216 0.00  1
266.393 0.00  2
266.746 0.00  1
266.922 0.00  4
267.098 0.00  2
267.628 0.00  8
267.804 0.00  8
267.981 0.00  4
268.157 0.00  2
268.333 0.00  4
268.510 0.00  4
268.598 0.00  2
268.774 0.00  2
268.863 0.00  1
269.039 0.00  1
269.215 0.00  2
269.568 0.00  1
269.744 0.00  4
269.921 0.00  2
270.450 0.00  1
270.626 0.00  2
270.979 0.00  1
271.155 0.00  4
271.332 0.00  2
271.861 0.00  8
272.037 0.00  8
272.214 0.00  4
272.390 0.00  2
272.566 0.00  4
272.743 0.00  4
272.831 0.00  2
273.007 0.00  2
273.095 0.00  1
273.272 0.00  1
273.448 0.00  2
273.801 0.00  1
273.977 0.00  4
274.154 0.00  2
274.683 0.00  1
274.859 0.00  2
275.212 0.00  1
275.388 0.00  4
275.565 0.00  2
276.094 0.00  8
276.270 0.00  8
276.446 0.00  4
276.623 0.00  2
276.799 0.00  4
276.975 0.00  4
277.064 0.00  2
277.240 0.00  2
277.328 0.00  1
277.505 0.00  1
277.857 0.00  8
278.034 0.00  1
278.210 0.00  4
278.563 0.00  1
278.739 0.00  4
278.916 0.00  1
279.180 0.00  2
279.445 0.00  4
279.621 0.50  8
280.326 0.00  1
280.503 0.00  1
280.679 0.00  1
280.856 0.00  1
281.032 0.00  1
281.208 0.00  1
281.385 0.00  1
281.561 0.00  1
281.737 0.00  2
281.914 0.00  2
282.090 0.00  2
282.266 0.00  2
282.443 0.00  2
282.619 0.00  2
282.796 0.00  2
282.972 0.00  2
283.148 0.00  2
283.501 0.00  4
283.677 0.00  2
283.854 0.00  1
284.207 0.00  8
284.383 0.00  2
284.559 0.00  1
284.736 0.00  2
284.912 0.00  8
285.265 0.00  4
285.353 0.00  2
285.529 0.00  4
285.970 0.00  1
286.147 0.00  1
286.323 0.00  1
286.499 0.00  1
286.676 0.00  1
286.852 0.00  1
287.028 0.00  1
287.205 0.00  1
287.381 0.00  2
287.557 0.00  2
287.734 0.00  2
287.910 0.00  2
288.087 0.00  4
288.263 0.00  4
288.439 0.00  4
288.616 0.00  4
288.792 0.00  8
289.095 0.00  8
289.398 0.00  2
289.549 0.00  1
289.701 0.00  2
289.852 0.00  4
290.003 0.00  8
290.306 0.00  8
290.458 0.00  2
290.609 0.00  1
290.760 0.00  8
290.912 0.00  4
291.215 0.00  8
291.518 0.00  8
291.820 0.00  2
291.972 0.00  1
292.123 0.00  2
292.275 0.00  4
292.426 0.00  4
292.500 0.00  8
292.721 0.00  1
292.869 0.00  2
293.016 0.00  4
293.164 0.00  2
293.311 0.00  8
293.607 0.00  8
293.907 0.00  8
294.207 0.00  2
294.357 0.00  1
294.507 0.00  2
294.657 0.00  4
294.807 0.00  8
295.107 0.00  8
295.407 0.00  2
295.557 0.00  8
295.707 0.00  4
296.007 0.00  8
296.307 0.00  8
296.607 0.00  2
296.757 0.00  1
296.907 0.00  2
297.057 0.00  4
297.208 0.00  4
297.283 0.00  8
297.508 0.00  1
297.658 0.00  4
297.808 0.00  1
297.958 0.00  2
298.108 0.00  4
298.258 0.00  8
298.408 0.00  4
298.558 0.00  8
298.708 0.00  4
298.858 0.00  8
299.008 0.00  8
299.158 0.00  4
299.308 0.00  2
299.458 0.00  1
299.608 0.00  2
299.682 0.00  4
300.203 0.00  2
300.277 0.00  4
300.797 0.00  8
300.948 0.00  4
301.098 0.00  2
301.249 0.00  1
301.399 0.00  2
301.550 0.00  4
301.701 0.00  4
301.851 0.00  8
302.002 0.00  1
302.152 0.00  2
302.303 0.00  4
302.453 0.00  8
302.604 0.00  4
302.755 0.00  8
302.905 0.00  4
302.981 0.00  8
303.206 0.00  8
303.281 0.00  4
303.506 0.00  1
303.656 0.00  2
303.806 0.00  4
303.956 0.00  8
304.106 0.00  8
304.256 0.00  4
304.406 0.00  8
304.556 0.00  4
304.706 0.00  2
304.856 0.00  1
305.006 0.00  8
305.456 0.00  4
305.606 0.00  8
305.756 0.00  4
305.906 0.00  2
306.056 0.00  4
306.206 0.00  1
306.356 0.00  2
306.506 0.00  1
306.656 0.00  4
306.806 0.00  8
306.956 0.00  4
307.106 0.00  8
307.256 0.00  4
307.406 0.00  2
307.556 0.00  4
307.706 0.00  4
308.007 0.00  1
308.157 0.00  4
308.307 0.00  2
308.457 0.00  8
308.607 0.00  4
308.757 0.00  8
308.907 0.00  4
309.057 0.00  2
309.207 0.00  8
309.357 0.00  2
309.507 0.00  4
309.657 0.00  2
309.807 0.00  4
309.957 0.00  2
310.107 0.00  8
310.407 0.00  4
310.707 0.00  2
310.857 0.00  8
311.307 0.00  2
311.607 0.00  4
311.907 0.00  2
312.057 0.00  1
312.207 0.00  2
312.357 0.00  4
312.507 0.00  8
312.807 0.00  4
313.108 0.00  4
313.258 0.00  8
313.558 0.00  2
313.708 0.00  1
314.008 0.00  4
314.308 0.00  4
314.458 0.00  8
314.758 0.00  2
314.908 0.00  1
315.208 0.00  1
315.358 0.00  4
315.508 0.00  4
315.658 0.00  8
315.808 0.00  2
315.958 0.00  8
316.108 0.00  1
316.258 0.00  2
316.408 0.00  4
316.608 0.00  1
316.783 0.00  4
316.858 0.00  8
317.058 0.00  8
317.158 0.00  4
317.233 0.00  8
317.608 0.00  4
317.758 0.00  1
317.908 0.00  4
318.059 0.00  1
318.209 0.00  4
318.359 0.00  1
318.509 0.00  4
318.659 0.00  1
318.809 0.00  4
318.959 0.00  1
319.109 0.00  4
319.259 0.00  1
319.409 0.00  4
319.709 0.00  8
320.009 0.00  1
320.159 0.00  2
320.309 0.00  4
320.459 0.00  8
320.609 0.00  1
320.759 0.00  4
320.909 0.00  2
321.059 0.00  8
321.209 0.00  4
321.659 0.00  8
321.809 0.00  4
321.959 0.00  2
322.109 0.00  1
322.409 0.00  8
322.559 0.00  4
322.709 0.00  8
323.010 0.00  2
323.160 0.00  4
323.310 0.00  2
323.610 0.00  8
323.760 0.00  8
323.910 0.00  4
324.210 0.00  8
324.510 0.00  1
324.810 0.00  2
324.960 0.00  1
325.110 0.00  2
325.260 0.00  1
325.410 0.00  2
325.710 0.00  8
325.860 0.00  2
326.010 0.00  8
326.160 0.00  2
326.460 0.00  2
326.610 0.00  8
326.760 0.00  4
327.060 0.00  2
327.210 0.00  1
327.510 0.00  2
327.660 0.00  1
327.810 0.00  8
327.961 0.00  4
328.411 0.00  1
328.485 0.00  2
328.710 0.00  4
328.785 0.00  8
329.010 0.50  8
329.609 0.00  4
330.058 0.00  4
330.806 0.00  8
330.956 0.00  4
331.106 0.00  2
331.256 0.50  1
331.855 0.00  1
332.004 1.00  6
333.202 0.00  1
333.353 0.00  1
333.503 0.00  2
333.654 0.00  1
333.804 0.00  4
333.955 0.00  1
334.106 0.00  8
334.407 0.00  3
334.708 0.00  1
335.009 0.00  2
335.310 0.00  4
335.611 0.00  8
335.910 0.00  4
336.060 0.00  4
336.360 0.00  8
336.659 0.00  4
336.809 0.00  8
337.108 0.00  4
337.258 0.00  2
337.407 0.00  1
337.557 0.00  2
337.707 0.00  8
337.856 0.00  4
338.306 0.00  4
338.606 0.00  8
338.907 0.00  2
339.207 0.00  4
339.507 0.00  2
339.657 0.00  1
339.807 0.00  1
339.957 0.00  8
340.257 0.00  1
340.407 0.00  1
340.558 0.00  4
340.858 0.00  4
341.008 0.00  8
341.208 0.00  2
341.308 0.00  4
341.609 0.00  8
341.909 0.00  4
342.209 0.00  2
342.510 0.00  1
342.810 0.00  4
342.961 0.00  4
343.261 0.00  8
343.562 0.00  8
344.014 0.00  12
344.164 0.00  4
344.314 0.00  4
344.465 0.00  12
344.615 0.00  4
344.766 0.00  4
344.916 0.00  4
345.066 0.00  4
345.217 0.00  12
345.366 0.00  4
345.515 0.00  4
345.664 0.00  12
345.813 0.00  4
345.962 0.00  4
346.111 0.00  4
346.260 0.00  4
346.409 0.00  6
346.558 0.00  2
346.707 0.00  2
346.856 0.00  6
347.004 0.00  2
347.153 0.00  2
347.302 0.00  2
347.451 0.00  2
347.600 0.00  3
347.751 0.00  1
347.901 0.00  1
348.051 0.00  3
348.201 0.00  1
348.352 0.00  1
348.502 0.00  1
348.652 0.00  1
348.802 0.00  8
349.253 0.00  8
349.554 0.00  2
350.155 0.00  4
350.455 0.50  8
351.207 0.00  8
351.357 0.00  2
351.582 0.00  4
351.733 0.00  1
351.808 0.00  4
351.958 0.00  8
352.108 0.00  4
352.258 0.00  4
352.409 0.00  2
352.559 0.00  1
352.709 0.00  4
352.860 0.50  8
353.611 0.00  4
353.761 0.00  4
353.911 0.00  2
354.062 0.00  4
354.212 0.00  2
354.512 0.00  4
354.663 0.00  2
354.813 0.00  4
354.963 0.00  8
355.264 0.00  8
355.564 0.00  4
355.715 0.00  8
356.015 0.00  1
356.165 0.00  4
356.316 0.00  2
356.466 0.00  1
356.616 0.00  2
356.766 0.00  4
356.917 0.00  4
357.067 0.00  2
357.217 0.00  1
357.367 0.00  2
357.518 0.00  2
357.668 0.00  4
357.818 0.00  1
357.968 0.00  4
358.119 0.00  8
358.419 0.00  2
358.719 0.00  4
359.018 0.00  8
359.168 0.00  1
359.317 0.00  4
359.467 0.00  1
359.617 0.00  4
359.916 0.00  4
360.215 0.00  4
360.515 0.00  4
360.814 0.00  2
360.964 0.00  4
361.113 0.00  8
361.263 0.00  2
361.488 0.00  4
361.712 0.00  2
362.011 0.00  8
362.161 0.00  4
362.311 0.00  4
362.610 0.00  1
362.810 0.00  4
362.909 0.00  8
363.209 0.00  8
363.358 0.00  4
363.508 0.00  8
363.957 0.00  2
364.107 0.00  2
364.256 0.00  1
364.406 0.00  8
364.593 0.00  8
364.855 0.00  4
365.005 0.00  2
365.154 0.00  1
365.304 0.00  4
365.454 0.00  4
365.603 0.00  1
365.753 0.00  2
365.903 0.00  2
366.052 0.00  8
366.202 0.00  8
366.352 0.00  4
366.501 0.00  8
366.651 0.00  4
366.801 0.00  8
366.950 0.00  4
367.025 0.00  8
367.175 0.00  4
367.250 0.00  8
367.400 0.00  4
367.474 0.00  8
367.624 0.00  4
367.699 0.00  8
367.849 0.00  4
367.998 3.50  8
372.788 2.00  6
375.182 2.00  8
377.577 2.00  12
379.972 2.00  3
382.397 2.00  6
384.795 0.00  4
384.946 0.00  2
385.096 0.00  4
385.247 0.00  2
385.398 0.00  4
385.548 0.00  2
385.699 0.00  4
385.925 0.00  2
386.603 0.00  4
386.754 0.00  1
387.206 2.00  3
389.609 2.00  12
392.006 0.00  6
392.156 0.00  2
392.306 0.00  2
392.456 0.00  2
392.606 0.00  2
392.755 0.00  2
392.905 0.00  2
393.055 0.00  2
393.205 0.00  2
393.355 0.00  2
393.505 0.00  2
393.654 0.00  2
393.804 0.00  2
393.954 0.00  2
394.104 0.00  2
394.254 0.00  2
394.404 0.00  2
394.554 0.00  4
394.703 0.00  8
394.853 0.00  1
395.003 0.00  2
395.153 0.00  4
395.303 0.00  4
395.453 0.00  8
395.602 0.00  2
395.752 0.00  1
395.902 0.00  4
396.202 0.00  4
396.501 0.00  8
396.651 0.00  1
396.801 0.50  4
397.700 0.00  4
397.850 0.00  2
398.000 0.00  4
398.449 0.00  2
398.899 0.00  1
399.199 0.00  8
399.349 0.00  4
399.498 0.00  2
399.648 0.00  4
399.798 0.00  8
399.948 0.00  2
400.098 0.00  4
400.248 0.00  4
400.397 0.00  2
400.547 0.00  4
400.735 0.00  2
400.847 0.00  1
400.997 0.00  1
401.296 0.00  2
401.596 0.00  4
402.046 0.00  4
402.495 0.00  2
402.795 0.00  4
403.994 0.00  2
404.144 0.00  2
404.295 0.00  1
404.446 0.00  2
404.597 0.00  2
404.748 0.00  1
404.898 0.00  2
405.049 0.00  1
405.200 0.00  2
405.351 0.00  2
405.502 0.00  1
405.652 0.00  2
405.803 0.00  2
405.954 0.00  1
406.105 0.00  2
406.256 0.00  1
406.407 0.00  8
406.557 0.00  8
406.707 0.00  1
406.857 0.00  8
407.007 0.00  8
407.157 0.00  1
407.307 0.00  8
407.457 0.00  1
407.607 0.00  8
407.757 0.00  8
407.907 0.00  1
408.057 0.00  8
408.207 0.00  8
408.357 0.00  1
408.507 0.00  8
408.657 0.00  1
408.807 0.00  4
408.958 0.00  4
409.109 0.00  1
409.259 0.00  4
409.410 0.00  4
409.561 0.00  1
409.712 0.00  4
409.863 0.00  1
410.014 0.00  4
410.164 0.00  4
410.315 0.00  1
410.466 0.00  4
410.617 0.00  4
410.768 0.00  1
410.919 0.00  4
411.069 0.00  1
411.220 0.00  2
411.369 0.00  2
411.518 0.00  1
411.668 0.00  2
411.817 0.00  2
411.966 0.00  1
412.115 0.00  2
412.264 0.00  1
412.413 0.00  1
412.562 0.00  2
412.711 0.00  4
412.860 0.00  2
413.010 0.00  4
413.159 0.00  1
413.308 0.00  2
413.606 0.00  2
413.756 0.00  2
413.906 0.00  1
414.057 0.00  2
414.207 0.00  2
414.357 0.00  1
414.507 0.00  2
414.658 0.00  1
414.808 0.00  2
414.958 0.00  2
415.108 0.00  1
415.259 0.00  2
415.409 0.00  2
415.559 0.00  1
415.709 0.00  2
415.860 0.00  1
416.010 0.00  8
416.160 0.00  8
416.310 0.00  1
416.461 0.00  8
416.611 0.00  8
416.761 0.00  1
416.911 0.00  8
417.062 0.00  1
417.212 0.00  8
417.362 0.00  8
417.512 0.00  1
417.663 0.00  8
417.813 0.00  8
417.963 0.00  1
418.113 0.00  8
418.264 0.00  1
418.414 0.00  4
418.564 0.00  4
418.714 0.00  1
418.865 0.00  4
419.015 0.00  4
419.165 0.00  1
419.315 0.00  4
419.466 0.00  1
419.616 0.00  4
419.766 0.00  4
419.916 0.00  1
420.067 0.00  4
420.217 0.00  4
420.367 0.00  1
420.517 0.00  4
420.668 0.00  1
420.818 0.00  1
420.968 0.00  2
421.118 0.00  4
421.269 0.00  8
421.419 0.00  4
421.569 0.00  2
421.719 0.00  1
421.870 0.00  2
422.020 0.00  1
422.120 0.00  4
422.320 0.00  8
422.471 0.00  4
422.621 0.00  8
422.771 0.00  4
422.921 0.00  8
423.072 0.00  4
423.222 0.00  4
423.372 0.00  8
423.673 0.00  4
423.823 0.00  8
424.123 0.00  4
424.274 0.00  8
424.574 0.00  4
424.875 0.00  8
425.175 0.00  4
425.325 0.00  2
425.476 0.00  1
425.626 0.00  2
425.776 0.00  4
426.077 0.00  2
426.227 0.00  4
426.527 0.00  2
426.678 0.00  4
426.978 0.00  2
427.279 0.00  4
427.429 0.00  8
427.579 0.00  4
427.729 0.00  2
427.880 0.00  1
428.030 0.00  1
428.180 0.00  4
428.330 0.00  1
428.481 0.00  8
428.781 0.00  8
429.082 0.00  2
429.382 0.00  4
429.683 0.00  2
429.833 0.00  4
429.983 0.00  8
430.133 0.00  8
430.434 0.00  4
430.734 0.00  4
431.035 0.00  4
431.335 0.00  4
431.636 0.00  4
431.936 0.00  4
432.237 0.00  4
432.537 0.00  4
432.838 0.00  4
433.138 0.00  4
433.439 0.00  4
433.739 0.00  4
434.040 0.00  4
434.340 0.00  4
434.641 0.00  4
434.941 0.00  4
435.242 0.00  8
435.392 0.00  4
435.542 0.00  2
435.843 0.00  4
435.993 0.00  2
436.143 0.00  1
436.444 0.50  8
437.045 0.00  8
437.195 0.00  2
437.345 0.00  1
437.495 0.00  2
437.646 0.00  4
437.846 0.00  2
438.146 0.00  4
438.247 0.00  1
438.447 0.00  4
438.647 0.00  8
438.848 1.00  8
2.414 0.00  12
4.828 0.00  12
7.242 2.00  6
9.640 0.00  3
10.834 1.00  1
12.028 0.00  12
14.446 0.00  12
16.826 2.00  6
19.245 0.00  3
20.439 0.00  3
20.738 0.00  3
21.037 0.00  3
21.634 0.00  2
21.784 0.00  2
21.934 0.00  1
22.084 0.00  2
22.234 0.00  2
22.384 0.00  1
22.534 0.00  2
22.684 0.00  1
22.834 0.00  2
22.983 0.00  2
23.133 0.00  1
23.283 0.00  2
23.433 0.00  2
23.583 0.00  1
23.733 0.00  2
23.883 0.00  1
24.033 0.00  8
24.183 0.00  8
24.333 0.00  1
24.483 0.00  8
24.632 0.00  8
24.782 0.00  1
24.932 0.00  8
25.081 0.00  1
25.231 0.00  8
25.381 0.00  8
25.530 0.00  1
25.680 0.00  8
25.830 0.00  8
25.979 0.00  1
26.129 0.00  8
26.279 0.00  1
26.428 0.00  4
26.579 0.00  4
26.730 0.00  1
26.881 0.00  4
27.032 0.00  4
27.183 0.00  1
27.334 0.00  4
27.485 0.00  1
27.635 0.00  4
27.786 0.00  4
27.937 0.00  1
28.088 0.00  4
28.239 0.00  4
28.390 0.00  1
28.541 0.00  4
28.692 0.00  1
28.842 0.00  2
28.994 0.00  2
29.145 0.00  1
29.296 0.00  2
29.447 0.00  2
29.599 0.00  1
29.750 0.00  2
29.901 0.00  1
30.052 0.00  1
30.204 0.00  2
30.355 0.00  4
30.506 0.00  2
30.657 0.00  4
30.808 0.00  8
31.262 0.00  2
31.410 0.00  2
31.558 0.00  1
31.707 0.00  2
31.855 0.00  2
32.003 0.00  1
32.151 0.00  2
32.299 0.00  1
32.447 0.00  2
32.596 0.00  2
32.744 0.00  1
32.892 0.00  2
33.040 0.00  2
33.188 0.00  1
33.336 0.00  2
33.484 0.00  1
33.633 0.00  8
33.783 0.00  8
33.934 0.00  1
34.085 0.00  8
34.236 0.00  8
34.387 0.00  1
34.538 0.00  8
34.689 0.00  1
34.840 0.00  8
34.990 0.00  8
35.141 0.00  1
35.292 0.00  8
35.443 0.00  8
35.594 0.00  1
35.745 0.00  8
35.896 0.00  1
36.047 0.00  4
36.196 0.00  4
36.345 0.00  1
36.494 0.00  4
36.643 0.00  4
36.792 0.00  1
36.941 0.00  4
37.090 0.00  1
37.239 0.00  4
37.389 0.00  4
37.538 0.00  1
37.687 0.00  4
37.836 0.00  4
37.985 0.00  1
38.134 0.00  4
38.283 0.00  1
38.432 0.00  2
38.582 0.00  2
38.731 0.00  1
38.881 0.00  2
39.030 0.00  2
39.179 0.00  1
39.329 0.00  2
39.478 0.00  1
39.628 1.00  8
40.823 0.00  12
43.224 0.00  3
45.624 0.00  6
48.025 0.00  6
48.326 0.00  6
48.626 0.00  6
48.776 0.00  6
49.076 0.00  6
49.226 0.00  12
49.526 0.00  8
49.677 0.00  4
49.827 0.00  2
49.977 0.00  4
50.127 0.00  8
50.277 0.00  2
50.427 0.00  8
50.727 0.00  8
51.026 0.00  8
51.326 0.00  8
51.625 0.00  8
51.925 0.00  8
52.224 0.00  8
52.374 0.00  12
52.673 0.00  4
52.823 0.00  3
53.124 0.00  1
53.424 0.00  1
53.724 0.00  1
54.025 0.00  1
54.325 0.00  1
54.625 0.00  1
54.926 0.00  1
55.226 0.00  2
55.376 0.00  6
55.677 0.00  2
55.828 0.00  6
56.128 0.00  2
56.429 0.00  2
56.580 0.00  6
56.880 0.00  2
57.031 0.00  6
57.332 0.00  2
57.482 0.00  2
57.632 0.00  4
57.782 0.00  4
57.932 0.00  12
58.231 0.00  4
58.381 0.00  4
58.531 0.00  12
58.830 0.00  4
58.980 0.00  8
59.429 0.00  8
59.729 0.00  2
59.879 0.00  1
60.028 0.00  1
60.329 0.00  2
60.629 0.00  2
60.780 0.00  1
60.930 0.00  4
61.231 0.00  8
61.381 0.00  4
61.531 0.00  2
61.832 0.00  2
61.982 0.00  4
62.132 0.00  8
62.433 0.00  1
62.732 0.00  2
62.882 0.00  1
63.032 0.00  4
63.181 0.00  1
63.331 0.00  2
63.481 0.00  1
63.630 0.00  1
63.930 0.00  2
64.079 0.00  1
64.229 0.00  4
64.379 0.00  1
64.529 0.00  2
64.678 0.00  1
64.828 0.00  2
64.978 0.00  2
65.277 0.00  2
65.427 0.00  4
65.727 0.00  4
65.876 0.00  8
66.026 0.00  2
66.176 0.00  2
66.326 0.00  2
66.475 0.00  2
66.625 0.00  4
66.700 0.00  2
66.925 0.00  8
67.224 0.00  12
67.374 0.00  4
67.524 0.00  4
67.675 0.00  4
67.825 0.00  4
67.975 0.00  4
68.125 0.00  4
68.275 0.00  4
68.425 0.00  4
68.575 0.00  12
68.875 0.00  12
69.176 0.00  4
69.476 0.00  2
69.626 0.00  2
69.926 0.00  1
70.077 0.00  8
70.377 0.00  1
70.527 0.00  4
70.828 0.00  2
71.128 0.00  1
71.278 0.00  8
71.579 0.00  1
71.729 0.00  4
72.029 0.00  4
72.179 0.00  4
72.329 0.00  4
72.479 0.00  4
72.629 0.00  4
72.778 0.00  4
72.928 0.00  4
73.078 0.00  4
73.228 0.00  4
73.378 0.00  4
73.528 0.00  4
73.678 0.00  4
73.828 0.00  4
73.977 0.00  4
74.127 0.00  4
74.277 0.00  4
74.427 0.00  8
74.727 0.00  1
74.877 0.00  4
75.176 0.00  1
75.326 0.00  2
75.626 0.00  8
75.926 0.00  1
76.076 0.00  4
76.375 0.00  1
76.525 0.00  2
76.825 0.00  8
76.975 0.00  2
77.126 0.00  8
77.276 0.00  2
77.427 0.00  8
77.577 0.00  2
77.728 0.00  8
77.878 0.00  2
78.029 0.00  2
78.104 0.00  4
78.330 0.00  1
78.405 0.00  2
78.631 0.00  2
78.706 0.00  4
78.932 0.00  4
79.007 0.00  8
79.233 1.00  12
80.427 0.50  10
81.323 0.00  12
81.472 0.00  6
81.621 1.00  3
82.824 0.00  1
82.975 0.00  1
83.125 0.00  2
83.426 0.00  4
83.727 0.00  8
84.027 0.00  4
84.178 0.00  2
84.478 0.00  4
84.628 0.00  2
84.928 0.00  4
85.078 0.00  8
85.228 0.00  2
85.378 0.00  1
85.678 0.00  2
85.829 0.00  1
86.129 0.00  4
86.279 0.00  8
86.429 0.00  3
86.579 0.00  1
86.729 0.00  1
86.878 0.00  1
87.028 0.00  1
87.178 0.00  1
87.328 0.00  1
87.478 0.00  1
87.628 0.00  1
87.778 0.00  1
87.927 0.00  1
88.077 0.00  1
88.227 0.00  1
88.377 0.00  1
88.527 0.00  1
88.677 0.00  1
88.827 0.50  12
89.727 0.00  4
89.877 0.00  2
90.028 1.00  3
91.229 0.00  4
91.378 0.00  1
91.677 0.00  2
91.826 0.00  1
92.125 0.00  4
92.274 0.00  2
92.424 0.00  2
92.573 0.00  1
92.722 0.00  2
92.872 0.00  4
93.021 0.00  8
93.170 0.00  4
93.320 0.00  2
93.469 0.00  1
93.619 0.00  2
93.920 0.00  4
94.070 0.00  2
94.221 0.00  8
94.371 0.00  2
94.522 0.00  8
94.823 0.00  2
95.124 0.00  4
95.275 0.00  2
95.426 0.00  8
95.576 0.00  2
95.727 0.00  8
96.028 0.00  1
96.327 0.00  2
96.477 0.00  1
96.627 0.00  4
96.776 0.00  1
96.926 0.00  4
97.225 0.00  1
97.300 0.00  2
97.524 0.00  2
97.599 0.00  4
97.824 0.00  1
97.899 0.00  2
98.123 0.00  2
98.198 0.00  4
98.422 2.00  3
100.819 2.00  12
103.229 0.00  6
103.378 0.00  2
103.527 0.00  2
103.676 0.00  2
103.825 0.00  2
103.974 0.00  2
104.123 0.00  2
104.272 0.00  2
104.422 0.00  2
104.571 0.00  2
104.720 0.00  2
104.869 0.00  2
105.018 0.00  2
105.167 0.00  2
105.316 0.00  2
105.465 0.00  2
105.614 1.00  3
106.809 0.00  2
107.108 0.00  4
107.407 0.00  4
107.556 0.00  2
107.706 0.00  8
107.855 0.00  4
108.004 2.00  3
110.420 2.00  12
112.836 0.00  6
112.986 0.00  2
113.135 0.00  2
113.285 0.00  2
113.434 0.00  2
113.584 0.00  2
113.733 0.00  2
113.883 0.00  2
114.032 0.00  6
115.228 0.00  4
115.675 0.00  2
115.823 0.00  4
116.121 0.00  1
116.418 0.00  2
116.567 0.00  2
116.865 0.00  1
117.013 0.00  2
117.311 0.00  8
117.609 0.00  4
117.759 0.00  4
118.059 0.00  2
118.359 0.00  8
118.659 0.00  4
118.884 0.00  1
118.997 0.00  4
119.259 0.50  8
120.010 0.00  4
120.237 0.00  2
120.463 0.00  1
120.765 0.00  2
121.068 0.00  4
121.219 0.00  8
121.521 0.00  2
121.672 0.00  4
121.974 0.00  8
122.125 0.00  4
122.428 0.00  8
122.730 0.00  4
122.881 0.00  8
123.183 0.00  4
123.485 0.00  2
123.637 0.00  4
123.939 0.00  2
124.241 0.00  4
124.543 0.00  1
124.694 0.00  2
124.845 0.00  4
124.995 0.00  4
125.293 0.00  2
125.442 0.00  4
125.740 0.00  1
125.889 0.00  1
126.038 0.00  4
126.187 0.00  4
126.485 0.00  2
126.784 0.00  4
126.933 0.00  8
127.231 0.00  8
127.530 0.00  4
127.830 0.00  8
127.980 0.00  4
128.130 0.00  2
128.280 0.00  4
128.430 0.00  2
128.729 0.00  4
128.879 0.00  8
129.629 0.00  8
129.778 0.00  8
130.078 0.00  4
130.228 0.00  4
130.378 0.00  4
130.528 0.00  2
130.678 0.00  1
130.828 0.00  8
130.977 0.00  8
131.277 0.00  2
131.427 0.00  2
131.577 0.00  8
131.727 0.00  8
132.026 0.00  8
132.176 0.00  4
132.326 0.00  8
132.476 0.00  4
132.626 0.00  8
132.776 0.00  4
132.926 0.00  8
133.076 0.00  8
133.226 0.00  4
133.376 0.00  4
133.626 0.00  8
133.826 0.00  4
134.026 0.00  2
134.226 0.00  1
134.426 0.00  8
136.812 0.00  2
137.117 0.00  8
137.423 0.00  4
137.576 0.00  2
137.729 0.00  1
138.035 0.00  2
138.341 0.00  8
138.647 0.00  4
138.800 0.00  2
138.953 0.00  1
139.259 0.00  2
139.555 0.00  8
139.851 0.00  4
139.999 0.00  2
140.147 0.00  1
140.443 0.00  2
140.739 0.00  8
141.035 0.00  4
141.183 0.00  2
141.331 0.00  1
141.627 0.00  2
141.928 0.00  8
142.228 0.00  4
142.378 0.00  2
142.528 0.00  1
142.829 0.00  2
143.129 0.00  8
143.429 0.00  4
143.579 0.00  2
143.730 0.00  1
144.030 0.00  8
144.329 0.00  4
144.629 0.00  8
144.929 0.00  4
145.228 1.00  12
146.427 0.00  8
146.731 0.00  8
147.036 0.00  8
147.340 0.00  4
147.644 0.00  4
147.949 0.00  8
148.253 0.00  4
148.405 0.00  12
148.710 0.00  4
148.862 0.00  3
149.160 0.00  1
149.458 0.00  1
149.756 0.00  1
150.054 0.00  1
150.352 0.00  1
150.650 0.00  1
150.948 0.00  1
151.246 0.00  2
151.395 0.00  6
151.693 0.00  2
151.841 0.00  6
152.139 0.00  2
152.437 0.00  2
152.585 0.00  6
152.883 0.00  2
153.032 0.00  6
153.329 0.00  2
153.478 0.00  2
153.627 0.00  4
153.777 0.00  4
153.927 0.00  12
154.227 0.00  4
154.378 0.00  4
154.528 0.00  12
154.828 0.00  4
154.978 0.00  2
155.279 0.00  4
155.429 0.00  8
155.729 0.00  8
156.029 0.00  8
156.179 0.00  1
156.477 0.00  4
156.626 0.00  1
156.924 0.00  2
157.223 0.00  8
157.372 0.00  1
157.670 0.00  4
157.819 0.00  1
158.118 0.00  2
158.416 0.00  4
158.717 0.00  2
159.018 0.00  4
159.319 0.00  8
159.620 0.00  4
159.846 0.00  8
160.147 0.00  4
160.373 0.00  4
160.598 0.00  2
160.824 0.00  8
160.974 0.00  1
161.275 0.00  4
161.426 0.00  1
161.727 0.00  2
162.027 0.00  8
162.178 0.00  1
162.479 0.00  4
162.629 0.00  1
162.930 0.00  2
163.231 0.00  8
163.381 0.00  2
163.531 0.00  8
163.680 0.00  2
163.830 0.00  8
163.980 0.00  2
164.130 0.00  8
164.280 0.00  2
164.430 0.00  8
164.505 0.00  4
164.730 0.00  4
164.805 0.00  2
165.030 0.00  8
165.105 0.00  4
165.330 0.00  4
165.405 0.00  2
165.630 1.00  12
166.826 0.50  10
167.722 0.00  12
167.872 0.00  6
168.021 1.00  3
169.224 0.00  1
169.375 0.00  1
169.525 0.00  2
169.826 0.00  4
170.127 0.00  8
170.428 0.00  4
170.578 0.00  2
170.878 0.00  4
171.028 0.00  2
171.328 0.00  4
171.478 0.00  8
171.629 0.00  2
171.779 0.00  1
172.079 0.00  2
172.229 0.00  1
172.529 0.00  4
172.679 0.00  8
172.829 0.00  3
172.980 0.00  1
173.130 0.00  1
173.280 0.00  1
173.430 0.00  1
173.580 0.00  1
173.730 0.00  1
173.880 0.00  1
174.030 0.00  1
174.180 0.00  1
174.330 0.00  1
174.480 0.00  1
174.630 0.00  1
174.780 0.00  1
174.930 0.00  1
175.080 0.00  1
175.230 0.50  12
176.131 0.00  4
176.281 0.00  2
176.431 1.00  3
177.632 0.00  4
177.781 0.00  1
178.080 0.00  2
178.230 0.00  1
178.529 0.00  4
178.679 0.00  2
178.828 0.00  2
178.978 0.00  1
179.128 0.00  2
179.277 0.00  4
179.427 0.00  8
179.576 0.00  4
179.726 0.00  2
179.876 0.00  1
180.025 0.00  2
180.326 0.00  4
180.476 0.00  2
180.627 0.00  8
180.777 0.00  2
180.927 0.00  8
181.228 0.00  2
181.529 0.00  4
181.679 0.00  2
181.829 0.00  8
181.980 0.00  2
182.130 0.00  8
182.431 0.00  1
182.731 0.00  2
182.882 0.00  1
183.032 0.00  4
183.182 0.00  1
183.333 0.00  4
183.633 0.00  1
183.709 0.00  2
183.934 0.00  2
184.009 0.00  4
184.235 0.00  1
184.310 0.00  2
184.536 0.00  2
184.611 0.00  4
184.836 2.00  3
187.229 2.00  12
189.629 0.00  6
189.779 0.00  2
189.929 0.00  2
190.079 0.00  2
190.229 0.00  2
190.379 0.00  2
190.529 0.00  2
190.679 0.00  2
190.829 0.00  2
190.979 0.00  2
191.129 0.00  2
191.279 0.00  2
191.429 0.00  2
191.579 0.00  2
191.729 0.00  2
191.879 0.00  2
192.028 1.00  3
193.228 0.00  2
193.528 0.00  4
193.828 0.00  4
193.978 0.00  2
194.128 0.00  8
194.278 0.00  4
194.428 2.00  3
196.815 2.00  12
199.222 0.00  6
199.372 0.00  2
199.522 0.00  2
199.673 0.00  2
199.823 0.00  2
199.974 0.00  2
200.124 0.00  2
200.274 0.00  2
200.425 0.00  6
201.628 0.00  4
202.078 0.00  2
202.228 0.00  4
202.378 0.00  2
202.528 0.00  1
202.828 0.00  2
202.978 0.00  2
203.278 0.00  1
203.428 0.00  2
203.728 0.00  8
204.028 0.00  4
204.178 0.00  4
204.478 0.00  2
204.778 0.00  8
205.079 0.00  4
205.304 0.00  1
205.417 0.00  4
205.680 0.50  4
206.431 0.00  4
206.656 0.00  2
206.881 0.00  1
207.181 0.00  2
207.482 0.00  4
207.632 0.00  8
207.932 0.00  2
208.083 0.00  4
208.383 0.00  8
208.533 0.00  4
208.834 0.00  8
209.134 0.00  4
209.284 0.00  8
209.584 0.00  4
209.885 0.00  2
210.035 0.00  4
210.335 0.00  2
210.486 0.50  4
211.385 0.00  4
211.683 0.00  2
211.832 0.00  4
212.129 0.00  1
212.278 0.00  1
212.427 0.00  4
212.575 0.00  4
212.873 0.00  2
213.171 0.00  4
213.319 0.00  8
213.617 0.00  8
213.918 0.00  4
214.219 0.00  8
214.370 0.00  4
214.521 0.00  2
214.671 0.00  4
214.822 0.00  2
215.123 0.00  4
215.274 0.00  8
216.027 0.00  8
216.177 0.00  8
216.476 0.00  4
216.626 0.00  4
216.776 0.00  4
216.926 0.00  2
217.076 0.00  1
217.225 0.00  8
217.375 0.00  8
217.675 0.00  2
217.825 0.00  2
217.974 0.00  8
218.124 0.00  8
218.424 0.00  8
218.574 0.00  4
218.723 0.00  8
218.873 0.00  4
219.023 0.00  8
219.173 0.00  4
219.323 0.00  8
219.473 0.00  8
219.622 0.00  4
219.822 0.00  4
220.022 0.00  8
220.222 0.00  4
220.409 0.00  2
220.596 0.00  1
220.821 0.50  8
222.935 0.00  6
223.237 0.00  12
225.479 0.00  6
225.628 0.00  12
227.722 0.00  6
228.021 0.00  12
230.405 2.00  3
232.513 0.00  3
232.814 0.00  12
234.921 0.00  6
235.222 0.00  12
237.478 0.00  6
237.629 0.00  12
240.029 3.00  3
243.631 0.00  1
243.807 0.00  2
244.159 0.00  1
244.336 0.00  4
244.512 0.00  2
245.041 0.00  8
245.217 0.00  8
245.393 0.00  4
245.569 0.00  2
245.746 0.00  4
245.922 0.00  4
246.010 0.00  2
246.186 0.00  2
246.274 0.00  1
246.451 0.00  1
246.627 0.00  2
246.980 0.00  1
247.156 0.00  4
247.332 0.00  2
247.862 0.00  8
248.038 0.00  8
248.214 0.00  4
248.391 0.00  2
248.567 0.00  4
248.743 0.00  4
248.832 0.00  2
249.008 0.00  2
249.096 0.00  1
249.272 0.00  1
249.449 0.00  2
249.802 0.00  1
249.978 0.00  4
250.154 0.00  2
250.683 0.00  8
250.860 0.00  8
251.036 0.00  4
251.213 0.00  2
251.389 0.00  4
251.565 0.00  4
251.653 0.00  2
251.830 0.00  2
251.918 0.00  1
252.094 0.00  1
252.271 0.00  2
252.623 0.00  1
252.800 0.00  4
252.976 0.00  2
253.505 0.00  8
253.682 0.00  8
253.858 0.00  4
254.034 0.00  2
254.211 0.00  4
254.387 0.00  4
254.475 0.00  2
254.652 0.00  2
254.740 0.00  1
254.916 0.50  1
255.666 0.50  4
256.327 0.50  2
257.033 0.50  4
257.738 0.00  1
257.826 0.00  2
258.091 0.00  2
258.179 0.00  4
258.444 0.00  4
258.532 0.00  8
258.796 0.00  2
258.884 0.00  4
259.149 0.00  2
259.325 0.00  2
259.502 0.00  2
259.678 0.00  2
259.855 0.00  2
260.031 0.00  2
260.207 0.00  2
260.384 0.00  2
260.560 0.00  4
260.738 0.00  4
261.273 0.00  8
261.541 0.00  4
261.808 0.00  2
261.986 0.00  4
262.338 0.00  2
262.514 0.00  1
262.690 0.00  4
262.866 0.00  2
263.042 0.00  1
263.395 0.00  1
263.571 0.00  1
263.747 0.00  1
263.924 0.00  1
264.100 0.00  1
264.276 0.00  1
264.453 0.00  1
264.629 0.00  1
264.805 0.00  2
264.982 0.00  2
265.158 0.00  2
265.335 0.00  2
265.511 0.00  4
265.687 0.00  4
265.864 0.00  4
266.040 0.00  4
266.216 0.00  1
266.393 0.00  2
266.746 0.00  1
266.922 0.00  4
267.098 0.00  2
267.628 0.00  8
267.804 0.00  8
267.981 0.00  4
268.157 0.00  2
268.333 0.00  4
268.510 0.00  4
268.598 0.00  2
268.774 0.00  2
268.863 0.00  1
269.039 0.00  1
269.215 0.00  2
269.568 0.00  1
269.744 0.00  4
269.921 0.00  2
270.450 0.00  1
270.626 0.00  2
270.979 0.00  1
271.155 0.00  4
271.332 0.00  2
271.861 0.00  8
272.037 0.00  8
272.214 0.00  4
272.390 0.00  2
272.566 0.00  4
272.743 0.00  4
272.831 0.00  2
273.007 0.00  2
273.095 0.00  1
273.272 0.00  1
273.448 0.00  2
273.801 0.00  1
273.977 0.00  4
274.154 0.00  2
274.683 0.00  1
274.859 0.00  2
275.212 0.00  1
275.388 0.00  4
275.565 0.00  2
276.094 0.00  8
276.270 0.00  8
276.446 0.00  4
276.623 0.00  2
276.799 0.00  4
276.975 0.00  4
277.064 0.00  2
277.240 0.00  2
277.328 0.00  1
277.505 0.00  1
277.857 0.00  8
278.034 0.00  1
278.210 0.00  4
278.563 0.00  1
278.739 0.00  4
278.916 0.00  1
279.180 0.00  2
279.445 0.00  4
279.621 0.50  8
280.326 0.00  1
280.503 0.00  4
280.679 0.00  2
280.856 0.00  4
281.032 0.00  8
281.208 0.00  4
281.385 0.00  2
281.561 0.00  1
281.737 0.00  2
281.914 0.00  4
282.090 0.00  8
282.266 0.00  4
282.443 0.00  1
282.619 0.00  4
282.796 0.00  8
283.148 0.00  2
283.501 0.00  4
283.677 0.00  2
283.854 0.00  1
284.207 0.00  8
284.383 0.00  2
284.559 0.00  1
284.736 0.00  2
284.912 0.00  8
285.265 0.00  4
285.353 0.00  2
285.529 0.00  4
285.970 0.00  8
286.147 0.00  4
286.323 0.00  1
286.499 0.00  4
286.676 0.00  8
286.852 0.00  4
287.028 0.00  8
287.205 0.00  2
287.381 0.00  1
287.557 0.00  2
287.734 0.00  1
287.910 0.00  4
288.087 0.00  8
288.263 0.00  4
288.528 0.00  2
288.616 0.00  4
288.792 0.00  8
290.003 0.00  6
291.215 0.00  6
292.426 1.00  3
293.607 0.00  8
293.907 0.00  8
294.207 0.00  2
294.357 0.00  1
294.507 0.00  2
294.657 0.00  4
294.807 0.00  8
295.107 0.00  8
295.407 0.00  2
295.557 0.00  8
295.707 0.00  4
296.007 0.00  8
296.307 0.00  8
296.607 0.00  2
296.757 0.00  1
296.907 0.00  2
297.057 0.00  4
297.208 0.00  4
297.283 0.00  8
297.508 0.00  1
297.658 0.00  4
297.808 0.00  1
297.958 0.00  2
298.108 0.00  4
298.258 0.00  8
298.408 0.00  4
298.558 0.00  8
298.708 0.00  4
298.858 0.00  8
299.008 0.00  8
299.158 0.00  4
299.308 0.00  2
299.458 0.00  1
299.905 0.00  4
299.980 0.00  8
300.500 0.00  4
300.574 0.00  8
300.798 0.00  8
301.099 0.00  8
301.400 0.00  8
301.701 0.00  8
302.002 0.00  8
302.303 0.00  8
302.605 0.00  8
302.755 0.00  12
303.056 0.00  4
303.207 0.00  3
303.507 0.00  1
303.807 0.00  1
304.107 0.00  1
304.407 0.00  1
304.707 0.00  1
305.007 0.00  1
305.307 0.00  1
305.607 0.00  2
305.757 0.00  6
306.057 0.00  2
306.207 0.00  6
306.507 0.00  2
306.807 0.00  2
306.957 0.00  6
307.257 0.00  2
307.407 0.00  6
307.707 0.00  2
307.857 0.00  2
308.007 0.00  4
308.157 0.00  4
308.307 0.00  12
308.607 0.00  4
308.757 0.00  4
308.907 0.00  12
309.207 0.00  4
309.357 0.00  8
309.808 0.00  8
310.108 0.00  2
310.258 0.00  1
310.407 0.00  4
310.707 0.00  2
310.857 0.00  8
311.307 0.00  2
311.607 0.00  4
311.907 0.00  2
312.057 0.00  1
312.207 0.00  2
312.357 0.00  8
312.807 0.00  4
313.108 0.00  2
313.258 0.00  8
313.558 0.00  2
313.708 0.00  1
314.008 0.00  4
314.308 0.00  2
314.458 0.00  4
314.758 0.00  8
314.908 0.00  4
315.208 0.00  4
315.358 0.00  4
315.508 0.00  4
315.658 0.00  4
315.808 0.00  4
315.958 0.00  4
316.108 0.00  4
316.258 0.00  4
316.408 0.00  4
316.558 0.00  4
316.708 0.00  4
316.858 0.00  4
317.008 0.00  4
317.158 0.00  4
317.308 0.00  4
317.458 0.00  4
317.608 0.00  4
317.758 0.00  1
317.908 0.00  4
318.059 0.00  1
318.209 0.00  4
318.359 0.00  1
318.509 0.00  4
318.659 0.00  1
318.809 0.00  4
318.959 0.00  1
319.109 0.00  4
319.259 0.00  1
319.409 0.00  4
319.709 0.00  8
320.009 0.00  1
320.159 0.00  2
320.309 0.00  4
320.459 0.00  8
320.609 0.00  1
320.759 0.00  4
320.909 0.00  2
321.059 0.00  8
321.209 0.00  4
321.659 0.00  8
321.809 0.00  4
321.959 0.00  2
322.109 0.00  1
322.409 0.00  8
322.559 0.00  4
322.709 0.00  8
323.010 0.00  2
323.160 0.00  4
323.310 0.00  2
323.610 0.00  8
323.760 0.00  8
323.910 0.00  4
324.210 0.00  8
324.510 0.00  1
324.810 0.00  2
324.960 0.00  1
325.110 0.00  2
325.260 0.00  1
325.410 0.00  2
325.710 0.00  8
325.860 0.00  2
326.010 0.00  8
326.160 0.00  2
326.460 0.00  2
326.610 0.00  8
326.760 0.00  4
327.060 0.00  2
327.210 0.00  1
327.510 0.00  2
327.660 0.00  1
327.810 0.00  8
327.961 0.00  4
328.411 0.00  1
328.485 0.00  2
328.710 0.00  4
328.785 0.00  8
329.010 0.50  8
329.609 0.00  4
330.058 0.00  4
330.806 0.00  8
330.956 0.00  4
331.106 0.00  2
331.256 0.50  1
331.855 0.00  1
332.004 0.00  8
332.154 0.00  4
332.304 0.00  2
332.454 0.00  1
332.603 0.00  1
332.753 0.00  2
333.052 0.00  8
333.202 0.00  2
333.503 0.00  8
333.654 0.00  2
333.804 0.50  8
334.708 0.00  1
335.009 0.00  2
335.310 0.00  4
335.611 0.00  8
335.910 0.00  4
336.060 0.00  4
336.360 0.00  8
336.659 0.00  4
336.809 0.00  8
337.108 0.00  4
337.258 0.00  2
337.407 0.00  1
337.557 0.00  2
337.707 0.00  8
337.856 0.00  4
338.306 0.00  4
338.606 0.00  8
338.907 0.00  2
339.207 0.00  4
339.507 0.00  2
339.657 0.00  1
339.807 0.00  1
339.957 0.00  8
340.257 0.00  1
340.407 0.00  1
340.558 0.00  4
340.858 0.00  4
341.008 0.00  8
341.208 0.00  2
341.308 0.00  4
341.609 0.00  8
341.909 0.00  4
342.209 0.00  2
342.510 0.00  1
342.810 0.00  4
342.961 0.00  4
343.261 0.00  8
343.562 0.00  8
344.014 0.00  8
344.314 0.00  2
344.465 0.00  8
344.615 0.00  4
344.766 0.00  8
344.916 0.00  2
345.066 0.00  8
345.366 0.00  2
345.515 0.00  8
345.664 0.00  4
345.813 0.00  8
345.962 0.00  2
346.111 0.00  4
346.260 0.00  1
346.409 0.00  4
346.707 0.00  8
346.856 0.00  4
347.153 0.00  4
347.302 0.00  2
347.451 0.00  1
347.600 0.00  1
347.751 0.00  2
347.901 0.00  4
348.051 0.00  8
348.201 0.00  4
348.352 0.00  2
348.652 0.00  2
348.802 0.00  8
349.253 0.00  8
349.554 0.00  2
350.155 0.00  4
350.455 0.00  8
350.756 0.00  8
351.056 0.00  4
351.207 0.00  8
351.357 0.00  2
351.582 0.00  4
351.733 0.00  1
351.808 0.00  4
351.958 0.00  8
352.108 0.00  4
352.258 0.00  4
352.409 0.00  2
352.559 0.00  1
352.709 0.00  4
352.860 0.50  8
353.611 0.00  4
353.761 0.00  4
353.911 0.00  2
354.062 0.00  4
354.212 0.00  2
354.512 0.00  4
354.663 0.00  2
354.813 0.00  4
354.963 0.00  8
355.264 0.00  8
355.564 0.00  4
355.715 0.00  8
356.015 0.00  1
356.165 0.00  4
356.316 0.00  2
356.466 0.00  1
356.616 0.00  2
356.766 0.00  4
356.917 0.00  4
357.067 0.00  2
357.217 0.00  1
357.367 0.00  2
357.518 0.00  2
357.668 0.00  4
357.818 0.00  1
357.968 0.00  4
358.119 0.00  8
358.419 0.00  2
358.719 0.00  4
359.018 0.00  8
359.168 0.00  1
359.317 0.00  4
359.467 0.00  1
359.617 0.00  4
359.916 0.00  4
360.215 0.00  4
360.515 0.00  4
360.814 0.00  2
360.964 0.00  4
361.113 0.00  8
361.263 0.00  2
361.488 0.00  4
361.712 0.00  2
362.011 0.00  8
362.161 0.00  4
362.311 0.00  4
362.610 0.00  1
362.810 0.00  4
362.909 0.00  8
363.209 0.00  8
363.358 0.00  4
363.508 0.00  8
363.957 0.00  2
364.107 0.00  2
364.256 0.00  1
364.406 0.00  8
364.593 0.00  8
364.855 0.00  4
365.005 0.00  2
365.154 0.00  1
365.304 0.00  4
365.454 0.00  4
365.603 0.00  1
365.753 0.00  2
365.903 0.00  2
366.052 0.00  8
366.202 0.00  8
366.352 0.00  4
366.501 0.00  8
366.651 0.00  4
366.801 0.00  8
366.950 0.00  4
367.025 0.00  8
367.175 0.00  4
367.250 0.00  8
367.400 0.00  4
367.474 0.00  8
367.624 0.00  4
367.699 0.00  8
367.849 0.00  4
367.998 2.00  12
370.393 2.00  3
372.788 2.00  6
375.182 2.00  8
377.577 2.00  12
379.972 2.00  3
382.397 2.00  6
384.795 0.00  4
384.946 0.00  2
385.096 0.00  4
385.247 0.00  2
385.398 0.00  4
385.548 0.00  2
385.699 0.00  4
385.925 0.00  2
386.001 0.00  8
386.151 0.00  4
386.603 0.00  4
386.754 0.00  1
387.206 2.00  3
389.609 2.00  12
392.006 0.00  6
392.156 0.00  2
392.306 0.00  2
392.456 0.00  2
392.606 0.00  2
392.755 0.00  2
392.905 0.00  2
393.055 0.00  2
393.205 0.00  2
393.355 0.00  2
393.505 0.00  2
393.654 0.00  2
393.804 0.00  2
393.954 0.00  2
394.104 0.00  2
394.254 0.00  2
395.602 0.00  2
395.752 0.00  1
395.902 0.00  4
396.202 0.00  4
396.501 0.00  8
396.651 0.00  1
396.801 2.00  3
399.199 0.00  12
399.349 0.00  4
399.498 0.00  4
399.648 0.00  4
399.798 0.00  4
399.948 0.00  4
400.098 0.00  4
400.248 0.00  4
400.397 0.00  4
400.547 0.00  4
400.697 0.00  4
400.847 0.00  4
400.997 0.00  4
401.147 0.00  4
401.296 0.00  4
401.446 0.00  4
401.596 0.00  6
401.746 0.00  2
401.896 0.00  2
402.046 0.00  2
402.196 0.00  2
402.345 0.00  2
402.495 0.00  2
402.645 0.00  2
402.795 0.00  6
403.994 0.00  2
404.144 0.00  2
404.295 0.00  1
404.446 0.00  2
404.597 0.00  2
404.748 0.00  1
404.898 0.00  2
405.049 0.00  1
405.200 0.00  2
405.351 0.00  2
405.502 0.00  1
405.652 0.00  2
405.803 0.00  2
405.954 0.00  1
406.105 0.00  2
406.256 0.00  1
406.407 0.00  8
406.557 0.00  8
406.707 0.00  1
406.857 0.00  8
407.007 0.00  8
407.157 0.00  1
407.307 0.00  8
407.457 0.00  1
407.607 0.00  8
407.757 0.00  8
407.907 0.00  1
408.057 0.00  8
408.207 0.00  8
408.357 0.00  1
408.507 0.00  8
408.657 0.00  1
408.807 0.00  4
408.958 0.00  4
409.109 0.00  1
409.259 0.00  4
409.410 0.00  4
409.561 0.00  1
409.712 0.00  4
409.863 0.00  1
410.014 0.00  4
410.164 0.00  4
410.315 0.00  1
410.466 0.00  4
410.617 0.00  4
410.768 0.00  1
410.919 0.00  4
411.069 0.00  1
411.220 0.00  2
411.369 0.00  2
411.518 0.00  1
411.668 0.00  2
411.817 0.00  2
411.966 0.00  1
412.115 0.00  2
412.264 0.00  1
412.413 0.00  1
412.562 0.00  2
412.711 0.00  4
412.860 0.00  2
413.010 0.00  4
413.159 0.00  1
413.308 0.00  2
413.606 0.00  2
413.756 0.00  2
413.906 0.00  1
414.057 0.00  2
414.207 0.00  2
414.357 0.00  1
414.507 0.00  2
414.658 0.00  1
414.808 0.00  2
414.958 0.00  2
415.108 0.00  1
415.259 0.00  2
415.409 0.00  2
415.559 0.00  1
415.709 0.00  2
415.860 0.00  1
416.010 0.00  8
416.160 0.00  8
416.310 0.00  1
416.461 0.00  8
416.611 0.00  8
416.761 0.00  1
416.911 0.00  8
417.062 0.00  1
417.212 0.00  8
417.362 0.00  8
417.512 0.00  1
417.663 0.00  8
417.813 0.00  8
417.963 0.00  1
418.113 0.00  8
418.264 0.00  1
418.414 0.00  4
418.564 0.00  4
418.714 0.00  1
418.865 0.00  4
419.015 0.00  4
419.165 0.00  1
419.315 0.00  4
419.466 0.00  1
419.616 0.00  4
419.766 0.00  4
419.916 0.00  1
420.067 0.00  4
420.217 0.00  4
420.367 0.00  1
420.517 0.00  4
420.668 0.00  1
423.222 0.00  2
423.372 0.00  4
423.673 0.00  2
423.823 0.00  4
424.123 0.00  2
424.274 0.00  4
424.574 0.00  2
424.875 0.00  4
425.175 0.00  2
425.325 0.00  1
425.476 0.00  1
425.626 0.00  1
425.776 0.00  2
426.077 0.00  1
426.227 0.00  2
426.527 0.00  1
426.678 0.00  2
426.978 0.00  1
427.279 0.00  2
427.429 0.00  4
427.579 0.00  2
427.729 0.00  1
427.880 0.00  1
428.030 0.00  1
428.180 0.00  4
428.330 0.00  1
428.481 0.00  8
428.781 0.00  8
429.082 0.00  2
429.382 0.00  4
429.683 0.00  2
429.833 0.00  4
429.983 0.00  8
430.133 0.00  8
430.434 0.00  4
430.734 0.00  4
431.035 0.00  4
431.335 0.00  4
431.636 0.00  4
431.936 0.00  4
432.237 0.00  4
432.537 0.00  4
432.838 0.00  4
433.138 0.00  4
433.439 0.00  4
433.739 0.00  4
434.040 0.00  4
434.340 0.00  4
434.641 0.00  4
434.941 0.00  4
435.242 0.00  8
435.392 0.00  4
435.542 0.00  2
435.843 0.00  4
435.993 0.00  2
436.143 0.00  1
436.444 0.50  8
437.646 0.00  8
437.721 0.00  4
437.796 0.00  2
437.871 0.00  1
437.946 0.00  1
438.146 0.00  4
438.247 0.00  1
438.447 0.00  4
438.647 0.00  8
438.848 1.00  8
439.899 0.00  16

999 0 0