2.451 2.00  16
4.865 2.00  16
9.640 0.00  10
9.677 1.00  5
12.027 0.00  3
12.065 2.00  16
14.483 2.00  16
19.245 0.00  10
19.282 1.00  5
20.476 0.00  5
20.775 0.00  5
21.074 0.50  5
21.658 0.00  2
21.733 0.00  2
21.808 0.00  2
21.883 0.00  2
21.958 0.00  1
22.033 0.00  1
22.108 0.00  2
22.183 0.00  2
22.258 0.00  2
22.333 0.00  2
22.408 0.00  1
22.483 0.00  1
22.558 0.00  2
22.633 0.00  2
22.708 0.00  1
22.783 0.00  1
22.858 0.00  2
22.933 0.00  2
23.007 0.00  2
23.082 0.00  2
23.157 0.00  1
23.232 0.00  1
23.307 0.00  2
23.382 0.00  2
23.457 0.00  2
23.532 0.00  2
23.607 0.00  1
23.682 0.00  1
23.757 0.00  2
23.832 0.00  2
23.907 0.00  1
23.982 0.00  1
24.057 0.00  8
24.132 0.00  8
24.207 0.00  8
24.282 0.00  8
24.357 0.00  1
24.432 0.00  1
24.507 0.00  8
24.581 0.00  8
24.656 0.00  8
24.731 0.00  8
24.806 0.00  1
24.881 0.00  1
24.956 0.00  8
25.030 0.00  8
25.105 0.00  1
25.180 0.00  1
25.255 0.00  8
25.330 0.00  8
25.405 0.00  8
25.479 0.00  8
25.554 0.00  1
25.629 0.00  1
25.704 0.00  8
25.779 0.00  8
25.854 0.00  8
25.929 0.00  8
26.003 0.00  1
26.078 0.00  1
26.153 0.00  8
26.228 0.00  8
26.303 0.00  1
26.378 0.00  1
26.453 0.00  4
26.529 0.00  4
26.604 0.00  4
26.680 0.00  4
26.755 0.00  1
26.831 0.00  1
26.906 0.00  4
26.981 0.00  4
27.057 0.00  4
27.132 0.00  4
27.208 0.00  1
27.283 0.00  1
27.359 0.00  4
27.434 0.00  4
27.510 0.00  1
27.585 0.00  1
27.660 0.00  4
27.736 0.00  4
27.811 0.00  4
27.887 0.00  4
27.962 0.00  1
28.038 0.00  1
28.113 0.00  4
28.188 0.00  4
28.264 0.00  4
28.339 0.00  4
28.415 0.00  1
28.490 0.00  1
28.566 0.00  4
28.641 0.00  4
28.717 0.00  1
28.792 0.00  1
28.867 0.00  2
28.943 0.00  2
29.019 0.00  2
29.094 0.00  2
29.170 0.00  1
29.245 0.00  1
29.321 0.00  2
29.397 0.00  2
29.472 0.00  2
29.548 0.00  2
29.624 0.00  1
29.699 0.00  1
29.775 0.00  2
29.850 0.00  2
29.926 0.00  1
30.002 0.00  1
30.077 0.00  2
30.153 0.00  1
30.229 0.00  2
30.304 0.00  4
30.531 0.00  2
30.607 0.00  4
30.682 0.50  16
31.286 0.00  2
31.360 0.00  2
31.434 0.00  2
31.508 0.00  2
31.582 0.00  1
31.657 0.00  1
31.731 0.00  2
31.805 0.00  2
31.879 0.00  2
31.953 0.00  2
32.027 0.00  1
32.101 0.00  1
32.175 0.00  2
32.249 0.00  2
32.323 0.00  1
32.397 0.00  1
32.471 0.00  2
32.545 0.00  2
32.620 0.00  2
32.694 0.00  2
32.768 0.00  1
32.842 0.00  1
32.916 0.00  2
32.990 0.00  2
33.064 0.00  2
33.138 0.00  2
33.212 0.00  1
33.286 0.00  1
33.360 0.00  2
33.434 0.00  2
33.508 0.00  1
33.583 0.00  1
33.658 0.00  8
33.733 0.00  8
33.808 0.00  8
33.884 0.00  8
33.959 0.00  1
34.035 0.00  1
34.110 0.00  8
34.186 0.00  8
34.261 0.00  8
34.337 0.00  8
34.412 0.00  1
34.487 0.00  1
34.563 0.00  8
34.638 0.00  8
34.714 0.00  1
34.789 0.00  1
34.865 0.00  8
34.940 0.00  8
35.015 0.00  8
35.091 0.00  8
35.166 0.00  1
35.242 0.00  1
35.317 0.00  8
35.393 0.00  8
35.468 0.00  8
35.544 0.00  8
35.619 0.00  1
35.694 0.00  1
35.770 0.00  8
35.845 0.00  8
35.921 0.00  1
35.996 0.00  1
36.071 0.00  4
36.145 0.00  4
36.220 0.00  4
36.294 0.00  4
36.369 0.00  1
36.443 0.00  1
36.518 0.00  4
36.592 0.00  4
36.667 0.00  4
36.742 0.00  4
36.816 0.00  1
36.891 0.00  1
36.965 0.00  4
37.040 0.00  4
37.114 0.00  1
37.189 0.00  1
37.263 0.00  4
37.338 0.00  4
37.413 0.00  4
37.487 0.00  4
37.562 0.00  1
37.636 0.00  1
37.711 0.00  4
37.785 0.00  4
37.860 0.00  4
37.934 0.00  4
38.009 0.00  1
38.083 0.00  1
38.158 0.00  4
38.233 0.00  4
38.307 0.00  1
38.382 0.00  1
38.456 0.00  8
38.531 0.00  4
38.606 0.00  2
38.755 0.00  1
38.830 0.00  2
38.905 0.00  4
39.054 0.00  4
39.129 0.00  2
39.203 0.00  1
39.353 0.00  1
39.428 0.00  2
39.502 1.00  16
40.860 2.00  16
43.261 2.00  5
45.661 2.00  10
48.062 0.00  10
48.363 0.00  10
48.663 0.00  10
48.813 0.00  10
49.113 0.00  10
49.263 0.00  16
49.401 0.00  4
49.476 0.00  16
49.639 0.00  8
49.714 0.00  4
49.939 0.00  1
50.014 0.00  2
50.089 0.00  16
50.314 0.00  8
50.464 0.00  4
50.614 0.00  16
50.913 0.00  4
51.063 0.00  8
51.213 0.00  16
51.512 0.00  4
51.662 0.00  4
51.812 0.00  4
51.962 0.00  4
52.111 0.00  4
52.261 0.00  4
52.411 0.00  12
52.710 0.00  4
52.860 0.00  3
53.010 0.00  1
53.161 0.00  1
53.311 0.00  1
53.461 0.00  1
53.611 0.00  1
53.761 0.00  1
53.911 0.00  1
54.062 0.00  1
54.212 0.00  1
54.362 0.00  1
54.512 0.00  1
54.662 0.00  1
54.812 0.00  1
54.963 0.00  1
55.113 0.00  1
55.263 0.00  2
55.413 0.00  10
55.714 0.00  6
55.865 0.00  10
56.003 0.00  2
56.165 0.00  2
56.316 0.00  2
56.466 0.00  2
56.617 0.00  10
56.917 0.00  6
57.068 0.00  10
57.206 0.00  2
57.369 0.00  2
57.519 0.00  2
57.669 0.00  4
57.819 0.00  4
57.969 0.00  12
58.119 0.00  12
58.268 0.00  4
58.418 0.00  4
58.568 0.00  12
58.718 0.00  12
58.867 0.00  16
59.317 0.00  16
59.616 0.00  4
59.766 0.00  2
59.916 0.00  3
60.065 0.00  1
60.216 0.00  1
60.366 0.00  2
60.516 0.00  2
60.666 0.00  4
60.817 0.00  2
60.967 0.00  8
61.117 0.00  16
61.418 0.00  8
61.568 0.00  4
61.718 0.00  2
61.869 0.00  4
62.019 0.00  16
62.470 0.00  1
62.619 0.00  1
62.769 0.00  2
62.919 0.00  1
63.069 0.00  4
63.218 0.00  1
63.368 0.00  2
63.518 0.00  1
63.667 0.00  1
63.817 0.00  1
63.967 0.00  2
64.116 0.00  1
64.266 0.00  4
64.416 0.00  1
64.566 0.00  2
64.715 0.00  1
64.865 0.00  2
65.015 0.00  2
65.164 0.00  2
65.314 0.00  2
65.464 0.00  4
65.614 0.00  2
65.764 0.00  4
65.913 0.00  8
66.063 0.00  2
66.213 0.00  2
66.363 0.00  2
66.512 0.00  2
66.662 0.00  4
66.737 0.00  2
66.962 0.00  4
67.111 0.00  8
67.261 0.00  16
67.336 0.00  8
67.411 0.00  8
67.486 0.00  8
67.561 0.00  8
67.637 0.00  8
67.712 0.00  8
67.787 0.00  8
67.862 0.00  8
67.937 0.00  8
68.012 0.00  8
68.087 0.00  8
68.162 0.00  8
68.237 0.00  8
68.312 0.00  8
68.387 0.00  8
68.462 0.00  8
68.612 0.00  16
68.912 0.00  16
69.213 0.00  12
69.513 0.00  6
69.663 0.00  2
69.813 0.00  1
69.963 0.00  1
70.114 0.00  8
70.264 0.00  1
70.414 0.00  1
70.564 0.00  4
70.714 0.00  1
70.865 0.00  2
71.015 0.00  1
71.165 0.00  1
71.315 0.00  8
71.465 0.00  1
71.616 0.00  1
71.766 0.00  4
71.916 0.00  1
72.066 0.00  4
72.216 0.00  2
72.366 0.00  4
72.516 0.00  2
72.666 0.00  4
72.815 0.00  2
72.965 0.00  4
73.115 0.00  2
73.265 0.00  4
73.415 0.00  2
73.565 0.00  4
73.715 0.00  2
73.865 0.00  4
74.014 0.00  2
74.164 0.00  4
74.314 0.00  2
74.464 0.00  8
74.614 0.00  1
74.764 0.00  1
74.914 0.00  4
75.063 0.00  1
75.213 0.00  1
75.363 0.00  2
75.663 0.00  8
75.813 0.00  1
75.963 0.00  1
76.113 0.00  4
76.262 0.00  1
76.412 0.00  1
76.562 0.00  2
76.862 0.00  8
77.012 0.00  2
77.163 0.00  8
77.313 0.00  2
77.464 0.00  8
77.614 0.00  2
77.765 0.00  8
77.915 0.00  2
78.066 0.00  2
78.141 0.00  4
78.217 0.00  8
78.367 0.00  1
78.442 0.00  2
78.518 0.00  4
78.668 0.00  2
78.743 0.00  4
78.819 0.00  8
78.969 0.00  4
79.044 0.00  16
80.352 0.00  16
81.247 0.00  10
81.360 0.00  12
81.509 0.00  6
82.748 0.00  5
82.861 0.00  1
83.012 0.00  1
83.162 0.00  2
83.313 0.00  1
83.463 0.00  4
83.613 0.00  1
83.764 0.00  8
84.064 0.00  4
84.215 0.00  2
84.365 0.00  2
84.515 0.00  4
84.665 0.00  2
84.815 0.00  2
84.965 0.00  4
85.115 0.00  8
85.265 0.00  2
85.415 0.00  1
85.565 0.00  1
85.715 0.00  2
85.866 0.00  1
86.016 0.00  1
86.166 0.00  4
86.316 0.00  8
86.466 0.00  3
86.541 0.00  1
86.616 0.00  1
86.691 0.00  1
86.766 0.00  1
86.841 0.00  1
86.915 0.00  1
86.990 0.00  1
87.065 0.00  1
87.140 0.00  1
87.215 0.00  1
87.290 0.00  1
87.365 0.00  1
87.440 0.00  1
87.515 0.00  1
87.590 0.00  1
87.665 0.00  1
87.740 0.00  1
87.815 0.00  1
87.890 0.00  1
87.964 0.00  1
88.039 0.00  1
88.114 0.00  1
88.189 0.00  1
88.264 0.00  1
88.339 0.00  1
88.414 0.00  1
88.489 0.00  1
88.564 0.00  1
88.639 0.00  1
88.714 0.00  1
88.789 0.00  1
89.652 0.00  16
89.764 0.00  12
89.914 0.00  6
91.153 0.00  5
91.266 0.00  4
91.415 0.00  1
91.564 0.00  1
91.714 0.00  2
91.863 0.00  1
92.012 0.00  1
92.162 0.00  4
92.311 0.00  2
92.461 0.00  2
92.610 0.00  1
92.759 0.00  2
92.909 0.00  4
92.983 0.00  4
93.058 0.00  8
93.133 0.00  8
93.207 0.00  4
93.357 0.00  2
93.506 0.00  1
93.581 0.00  1
93.656 0.00  2
93.806 0.00  2
93.957 0.00  4
94.107 0.00  2
94.258 0.00  8
94.408 0.00  2
94.559 0.00  16
94.860 0.00  2
95.011 0.00  2
95.161 0.00  4
95.312 0.00  2
95.463 0.00  8
95.613 0.00  2
95.764 0.00  16
96.065 0.00  1
96.215 0.00  1
96.364 0.00  2
96.514 0.00  1
96.664 0.00  4
96.813 0.00  1
96.963 0.00  4
97.113 0.00  8
97.262 0.00  1
97.337 0.00  2
97.412 0.00  4
97.561 0.00  2
97.636 0.00  4
97.711 0.00  8
97.861 0.00  1
97.936 0.00  2
98.010 0.00  4
98.160 0.00  2
98.235 0.00  4
98.310 0.00  8
98.422 2.00  6
100.743 0.00  6
100.819 2.00  16
103.153 0.00  16
103.266 0.00  10
103.340 0.00  2
103.415 0.00  2
103.489 0.00  2
103.564 0.00  2
103.638 0.00  2
103.713 0.00  2
103.787 0.00  2
103.862 0.00  2
103.937 0.00  2
104.011 0.00  2
104.086 0.00  2
104.160 0.00  2
104.235 0.00  2
104.309 0.00  2
104.384 0.00  2
104.459 0.00  2
104.533 0.00  2
104.608 0.00  2
104.682 0.00  2
104.757 0.00  2
104.831 0.00  2
104.906 0.00  2
104.980 0.00  2
105.055 0.00  2
105.130 0.00  2
105.204 0.00  2
105.279 0.00  2
105.353 0.00  2
105.428 0.00  2
105.502 0.00  2
105.577 0.00  2
106.734 0.00  3
106.846 0.00  4
106.946 0.00  2
107.046 0.00  1
107.145 0.00  8
107.245 0.00  2
107.344 0.00  16
107.543 0.00  2
107.643 0.00  1
107.743 0.00  8
107.842 0.00  2
107.942 0.00  1
108.004 2.00  6
110.344 0.00  6
110.420 2.00  16
112.760 0.00  16
112.873 0.00  10
112.948 0.00  2
113.023 0.00  2
113.098 0.00  2
113.172 0.00  2
113.247 0.00  2
113.322 0.00  2
113.397 0.00  2
113.471 0.00  2
113.546 0.00  2
113.621 0.00  2
113.696 0.00  2
113.770 0.00  2
113.845 0.00  2
113.920 0.00  2
113.995 0.00  2
114.069 1.00  10
115.265 0.00  4
115.414 0.00  4
115.712 0.00  2
115.860 0.00  4
116.158 0.00  1
116.307 0.00  1
116.455 0.00  4
116.604 0.00  4
116.902 0.00  2
117.050 0.00  4
117.199 0.00  16
117.646 0.00  4
117.796 0.00  4
118.096 0.00  2
118.246 0.00  4
118.396 0.00  16
118.696 0.00  4
118.921 0.00  2
119.146 1.00  16
120.274 0.00  2
120.500 0.00  1
120.802 0.00  1
120.954 0.00  2
121.105 0.00  4
121.256 0.00  8
121.407 0.00  1
121.558 0.00  2
121.709 0.00  4
122.011 0.00  8
122.162 0.00  4
122.314 0.00  16
122.767 0.00  16
123.220 0.00  8
123.409 0.00  8
123.522 0.00  4
123.674 0.00  4
123.825 0.00  8
123.976 0.00  2
124.127 0.00  8
124.278 0.00  4
124.429 0.00  2
124.580 0.00  1
124.731 0.00  2
124.882 0.00  4
125.032 0.00  4
125.330 0.00  2
125.479 0.00  4
125.628 0.00  2
125.777 0.00  1
125.926 0.00  1
126.075 0.00  4
126.224 0.00  4
126.522 0.00  2
126.671 0.00  4
126.821 0.00  16
127.268 0.00  16
127.567 0.00  8
127.717 0.00  4
127.867 0.00  8
128.017 0.00  4
128.167 0.00  2
128.317 0.00  8
128.467 0.00  4
128.617 0.00  2
128.766 0.50  16
129.666 0.00  8
129.815 0.00  8
130.115 0.00  4
130.265 0.00  4
130.415 0.00  4
130.565 0.00  2
130.715 0.00  1
130.865 0.00  8
131.014 0.00  8
131.314 0.00  4
131.464 0.50  16
132.138 0.00  16
132.438 0.00  16
132.738 0.00  16
133.038 0.00  16
133.263 0.00  8
133.338 0.00  8
133.413 0.00  8
133.488 0.00  16
133.863 0.00  8
134.063 0.00  4
134.263 2.50  16
136.850 0.00  2
137.155 0.00  8
137.461 0.00  8
137.614 0.00  4
137.767 0.00  2
137.920 0.00  1
138.073 0.00  2
138.379 0.00  8
138.685 0.00  8
138.838 0.00  4
138.991 0.00  2
139.144 0.00  1
139.296 0.00  2
139.592 0.00  8
139.888 0.00  8
140.036 0.00  4
140.184 0.00  2
140.332 0.00  1
140.480 0.00  2
140.776 0.00  8
141.072 0.00  8
141.220 0.00  4
141.368 0.00  2
141.516 0.00  1
141.664 0.00  2
141.965 0.00  8
142.265 0.00  8
142.415 0.00  4
142.565 0.00  2
142.715 0.00  1
142.866 0.00  2
143.166 0.00  8
143.466 0.00  8
143.616 0.00  4
143.767 0.00  2
143.917 0.00  1
144.067 0.00  2
144.217 0.00  4
144.366 0.00  8
144.516 0.00  4
144.666 0.00  2
144.816 0.00  4
144.966 0.00  8
145.116 0.00  4
146.351 0.00  5
146.465 0.00  4
146.617 0.00  4
146.769 0.00  8
146.921 0.00  16
147.226 0.00  4
147.378 0.00  8
147.530 0.00  4
147.682 0.00  4
147.834 0.00  4
147.987 0.00  4
148.139 0.00  4
148.291 0.00  4
148.443 0.00  12
148.748 0.00  4
148.899 0.00  5
149.048 0.00  1
149.197 0.00  1
149.346 0.00  1
149.495 0.00  1
149.644 0.00  1
149.793 0.00  1
149.942 0.00  1
150.091 0.00  1
150.240 0.00  1
150.389 0.00  1
150.538 0.00  1
150.687 0.00  1
150.836 0.00  1
150.985 0.00  1
151.134 0.00  1
151.283 0.00  2
151.432 0.00  10
151.730 0.00  6
151.878 0.00  10
152.176 0.00  2
152.325 0.00  2
152.474 0.00  2
152.622 0.00  10
152.920 0.00  6
153.069 0.00  10
153.366 0.00  2
153.515 0.00  2
153.664 0.00  4
153.814 0.00  4
153.964 0.00  12
154.114 0.00  12
154.264 0.00  4
154.415 0.00  4
154.565 0.00  12
154.715 0.00  12
154.865 0.00  4
155.015 0.00  1
155.316 0.00  2
155.466 0.00  8
155.616 0.00  16
156.066 0.00  2
156.216 0.00  1
156.365 0.00  1
156.514 0.00  8
156.663 0.00  1
156.812 0.00  1
156.961 0.00  4
157.260 0.00  2
157.409 0.00  1
157.558 0.00  1
157.707 0.00  8
157.856 0.00  1
158.005 0.00  1
158.155 0.00  4
158.453 0.00  4
158.603 0.00  2
158.754 0.00  4
158.904 0.00  2
159.055 0.00  4
159.205 0.00  8
159.356 0.00  4
159.506 0.00  8
159.657 0.00  4
159.808 0.00  16
160.019 0.00  8
160.207 0.00  4
160.396 0.00  2
160.621 0.00  1
160.861 0.00  8
161.011 0.00  1
161.162 0.00  1
161.312 0.00  4
161.463 0.00  1
161.613 0.00  1
161.764 0.00  2
162.064 0.00  8
162.215 0.00  1
162.365 0.00  1
162.516 0.00  4
162.666 0.00  1
162.816 0.00  1
162.967 0.00  2
163.268 0.00  8
163.418 0.00  2
163.568 0.00  8
163.717 0.00  2
163.867 0.00  8
164.017 0.00  2
164.167 0.00  8
164.317 0.00  16
164.542 0.00  8
164.617 0.00  4
164.767 0.00  8
164.842 0.00  4
164.917 0.00  16
165.142 0.00  8
165.217 0.00  4
165.367 0.00  8
165.442 0.00  4
165.517 0.00  2
166.751 0.00  16
167.648 0.00  10
167.759 0.00  12
167.909 0.00  6
169.148 0.00  5
169.261 0.00  1
169.412 0.00  1
169.562 0.00  2
169.713 0.00  1
169.863 0.00  4
170.013 0.00  1
170.164 0.00  8
170.465 0.00  8
170.615 0.00  2
170.765 0.00  2
170.915 0.00  8
171.065 0.00  2
171.215 0.00  2
171.365 0.00  16
171.666 0.00  4
171.816 0.00  1
171.966 0.00  1
172.116 0.00  4
172.266 0.00  1
172.416 0.00  1
172.566 0.00  16
172.866 0.00  5
172.942 0.00  1
173.017 0.00  1
173.092 0.00  1
173.167 0.00  1
173.242 0.00  1
173.317 0.00  1
173.392 0.00  1
173.467 0.00  1
173.542 0.00  1
173.617 0.00  1
173.692 0.00  1
173.767 0.00  1
173.842 0.00  1
173.917 0.00  1
173.992 0.00  1
174.067 0.00  1
174.142 0.00  1
174.217 0.00  1
174.292 0.00  1
174.367 0.00  1
174.442 0.00  1
174.517 0.00  1
174.592 0.00  1
174.667 0.00  1
174.742 0.00  1
174.817 0.00  1
174.892 0.00  1
174.967 0.00  1
175.042 0.00  1
175.117 0.00  1
175.192 0.00  1
176.055 0.00  16
176.168 0.00  12
176.318 0.00  6
177.556 0.00  5
177.669 0.00  4
177.818 0.00  1
177.968 0.00  1
178.117 0.00  2
178.267 0.00  1
178.417 0.00  1
178.566 0.00  4
178.716 0.00  2
178.865 0.00  2
179.015 0.00  1
179.165 0.00  2
179.314 0.00  4
179.389 0.00  4
179.464 0.00  8
179.539 0.00  8
179.613 0.00  4
179.763 0.00  2
179.913 0.00  1
179.987 0.00  1
180.062 0.00  2
180.213 0.00  2
180.363 0.00  4
180.513 0.00  2
180.664 0.00  8
180.814 0.00  2
180.964 0.00  16
181.265 0.00  2
181.415 0.00  2
181.566 0.00  4
181.716 0.00  2
181.866 0.00  8
182.017 0.00  2
182.167 0.00  16
182.468 0.00  1
182.618 0.00  1
182.768 0.00  2
182.919 0.00  1
183.069 0.00  4
183.219 0.00  1
183.370 0.00  4
183.520 0.00  8
183.670 0.00  1
183.746 0.00  2
183.821 0.00  4
183.971 0.00  2
184.046 0.00  4
184.122 0.00  8
184.272 0.00  1
184.347 0.00  2
184.422 0.00  4
184.573 0.00  2
184.648 0.00  4
184.723 0.00  8
184.836 2.00  6
187.154 0.00  6
187.229 2.00  16
189.553 0.00  16
189.666 0.00  10
189.741 0.00  2
189.816 0.00  2
189.891 0.00  2
189.966 0.00  2
190.041 0.00  2
190.116 0.00  2
190.191 0.00  2
190.266 0.00  2
190.341 0.00  2
190.416 0.00  2
190.491 0.00  2
190.566 0.00  2
190.641 0.00  2
190.716 0.00  2
190.791 0.00  2
190.866 0.00  2
190.941 0.00  2
191.016 0.00  2
191.091 0.00  2
191.166 0.00  2
191.241 0.00  2
191.316 0.00  2
191.391 0.00  2
191.466 0.00  2
191.541 0.00  2
191.616 0.00  2
191.691 0.00  2
191.766 0.00  2
191.841 0.00  2
191.916 0.00  2
191.990 0.00  2
193.152 0.00  3
193.265 0.00  4
193.415 0.00  1
193.565 0.00  8
193.715 0.00  1
193.865 0.00  8
194.015 0.00  16
194.315 0.00  1
194.428 2.00  6
196.740 0.00  6
196.815 2.00  16
199.146 0.00  16
199.259 0.00  10
199.334 0.00  2
199.409 0.00  2
199.484 0.00  2
199.559 0.00  2
199.635 0.00  2
199.710 0.00  2
199.785 0.00  2
199.860 0.00  2
199.935 0.00  2
200.011 0.00  2
200.086 0.00  2
200.161 0.00  2
200.236 0.00  2
200.311 0.00  2
200.387 0.00  2
200.462 1.00  10
201.665 0.00  4
201.815 0.00  4
202.115 0.00  2
202.265 0.00  4
202.415 0.00  2
202.565 0.00  1
202.715 0.00  1
202.865 0.00  4
203.015 0.00  4
203.165 0.00  4
203.315 0.00  2
203.465 0.00  1
203.615 0.00  1
203.765 0.00  8
204.065 0.00  4
204.140 0.00  8
204.515 0.00  2
204.665 0.00  4
204.815 0.00  16
205.116 0.00  16
205.416 0.00  8
205.566 1.00  16
206.618 0.00  2
206.918 0.00  1
207.369 0.00  2
207.519 0.00  4
207.669 0.00  8
207.969 0.00  4
208.120 0.00  16
208.570 0.00  8
208.720 0.00  16
209.171 0.00  16
209.621 0.00  8
209.772 0.00  2
209.922 0.00  1
210.072 0.00  4
210.222 0.00  16
211.236 0.00  8
211.422 0.00  4
211.571 0.00  4
211.720 0.00  2
211.869 0.00  4
212.017 0.00  1
212.166 0.00  4
212.315 0.00  2
212.612 0.00  4
212.761 0.00  4
212.910 0.00  2
213.059 0.00  4
213.208 0.00  16
213.654 0.00  16
213.880 0.00  16
214.181 0.00  8
214.332 0.00  4
214.482 0.00  8
214.633 0.00  2
214.784 0.00  8
215.009 0.00  4
215.160 0.50  16
216.064 0.00  8
216.439 0.00  8
216.513 0.00  4
216.663 0.00  8
216.813 0.00  4
216.963 0.00  2
217.113 0.00  1
217.262 0.00  8
217.637 0.00  8
217.712 0.00  8
217.862 0.00  4
218.011 0.00  16
218.536 0.00  8
218.611 0.00  4
218.760 0.00  8
218.835 0.00  4
218.910 0.00  16
219.135 0.00  8
219.210 0.00  4
219.360 0.00  8
219.435 0.00  4
219.510 0.00  2
219.659 0.50  16
220.259 0.00  8
220.446 0.00  4
220.633 2.00  16
222.972 0.00  10
223.274 2.00  16
225.516 0.00  10
225.665 2.00  16
227.759 0.00  10
228.058 2.00  16
232.512 0.00  5
232.550 0.00  3
232.851 2.00  16
234.958 0.00  10
235.259 2.00  16
237.515 0.00  10
237.666 2.00  16
243.480 0.00  5
243.675 0.00  1
243.851 0.00  2
244.027 0.00  2
244.203 0.00  1
244.380 0.00  4
244.556 0.00  2
244.732 0.00  2
244.908 0.00  16
245.349 0.00  8
245.437 0.00  8
245.525 0.00  8
245.613 0.00  2
245.702 0.00  2
245.790 0.00  4
245.878 0.00  4
245.966 0.00  4
246.054 0.00  2
246.142 0.00  2
246.230 0.00  2
246.318 0.00  1
246.407 0.00  1
246.495 0.00  1
246.671 0.00  2
246.847 0.00  2
247.024 0.00  1
247.200 0.00  4
247.376 0.00  2
247.553 0.00  2
247.729 0.00  16
248.170 0.00  8
248.258 0.00  8
248.346 0.00  8
248.435 0.00  2
248.523 0.00  2
248.611 0.00  4
248.699 0.00  4
248.787 0.00  4
248.876 0.00  2
248.964 0.00  2
249.052 0.00  2
249.140 0.00  1
249.228 0.00  1
249.316 0.00  1
249.493 0.00  2
249.669 0.00  2
249.846 0.00  1
250.022 0.00  4
250.198 0.00  2
250.375 0.00  2
250.551 0.00  16
250.992 0.00  8
251.080 0.00  8
251.168 0.00  8
251.257 0.00  2
251.345 0.00  2
251.433 0.00  4
251.521 0.00  4
251.609 0.00  4
251.697 0.00  2
251.786 0.00  2
251.874 0.00  2
251.962 0.00  1
252.050 0.00  1
252.138 0.00  1
252.315 0.00  2
252.491 0.00  2
252.667 0.00  1
252.844 0.00  4
253.020 0.00  2
253.197 0.00  2
253.373 0.00  16
253.814 0.00  8
253.902 0.00  8
253.990 0.00  8
254.078 0.00  2
254.167 0.00  2
254.255 0.00  4
254.343 0.00  4
254.431 0.00  4
254.519 0.00  2
254.608 0.00  2
254.784 0.00  1
254.872 0.00  1
255.621 0.00  3
256.327 0.00  10
257.032 0.00  6
257.650 0.00  10
257.782 0.00  2
257.870 0.00  4
257.958 0.00  2
258.135 0.00  4
258.223 0.00  8
258.311 0.00  4
258.488 0.00  16
258.664 0.00  8
258.840 0.00  4
258.928 0.00  8
259.017 0.00  4
259.325 0.00  6
259.369 0.00  2
259.458 0.00  2
259.546 0.00  2
259.634 0.00  2
259.722 0.00  2
259.810 0.00  2
259.899 0.00  2
259.987 0.00  2
260.075 0.00  2
260.163 0.00  2
260.251 0.00  2
260.339 0.00  2
260.428 0.00  2
260.516 0.00  2
260.604 0.00  8
261.049 0.00  8
261.139 0.00  16
261.585 0.00  8
261.852 0.00  4
262.294 0.00  8
262.382 0.00  4
262.558 0.00  2
262.734 0.00  8
262.822 0.00  4
262.910 0.00  8
263.306 0.00  2
263.571 0.00  5
263.615 0.00  5
263.703 0.00  5
263.791 0.00  5
263.879 0.00  5
263.968 0.00  5
264.056 0.00  5
264.144 0.00  5
264.232 0.00  5
264.320 0.00  5
264.409 0.00  5
264.497 0.00  5
264.585 0.00  5
264.673 0.00  5
264.761 0.00  5
264.981 0.00  10
265.026 0.00  10
265.114 0.00  10
265.202 0.00  10
265.290 0.00  10
265.379 0.00  10
265.467 0.00  10
265.687 0.00  16
265.731 0.00  16
265.820 0.00  16
265.908 0.00  16
265.996 0.00  16
266.084 0.00  16
266.172 0.00  16
266.260 0.00  1
266.437 0.00  2
266.613 0.00  2
266.790 0.00  1
266.966 0.00  4
267.142 0.00  2
267.319 0.00  2
267.495 0.00  16
267.936 0.00  8
268.025 0.00  8
268.113 0.00  8
268.201 0.00  2
268.289 0.00  2
268.377 0.00  4
268.466 0.00  4
268.554 0.00  4
268.642 0.00  2
268.730 0.00  2
268.818 0.00  2
268.907 0.00  1
268.995 0.00  1
269.083 0.00  1
269.259 0.00  2
269.436 0.00  2
269.612 0.00  1
269.788 0.00  4
269.965 0.00  2
270.141 0.00  2
270.318 0.00  16
270.758 0.00  8
270.847 0.00  8
270.935 0.00  8
271.023 0.00  2
271.111 0.00  2
271.199 0.00  4
271.288 0.00  4
271.376 0.00  4
271.464 0.00  2
271.552 0.00  2
271.640 0.00  2
271.728 0.00  1
271.817 0.00  1
271.905 0.00  1
272.081 0.00  2
272.258 0.00  2
272.434 0.00  1
272.610 0.00  4
272.787 0.00  2
272.963 0.00  2
273.139 0.00  16
273.580 0.00  8
273.668 0.00  8
273.757 0.00  8
273.845 0.00  2
273.933 0.00  2
274.021 0.00  4
274.109 0.00  4
274.198 0.00  4
274.286 0.00  2
274.374 0.00  2
274.462 0.00  2
274.550 0.00  1
274.639 0.00  1
274.727 0.00  1
274.903 0.00  2
275.079 0.00  2
275.256 0.00  1
275.432 0.00  4
275.609 0.00  2
275.785 0.00  2
275.961 0.00  16
276.402 0.00  8
276.490 0.00  8
276.579 0.00  8
276.667 0.00  2
276.755 0.00  2
276.843 0.00  4
276.931 0.00  4
277.019 0.00  4
277.108 0.00  2
277.196 0.00  2
277.284 0.00  2
277.372 0.00  1
277.460 0.00  1
277.549 0.00  2
277.725 0.00  2
277.901 0.00  8
278.078 0.00  2
278.254 0.00  4
278.430 0.00  2
278.607 0.00  1
278.783 0.00  4
278.960 0.00  2
279.224 0.00  4
279.489 0.00  8
280.238 0.00  16
280.370 0.00  1
280.459 0.00  2
280.547 0.00  4
280.723 0.00  2
280.811 0.00  4
280.900 0.00  16
281.164 0.00  8
281.252 0.00  4
281.429 0.00  2
281.517 0.00  1
281.605 0.00  2
281.781 0.00  2
281.870 0.00  4
281.958 0.00  8
282.134 0.00  16
282.310 0.00  4
282.487 0.00  1
282.575 0.00  2
282.663 0.00  4
282.751 0.00  16
283.192 0.00  4
283.545 0.00  8
283.721 0.00  4
283.898 0.00  16
284.427 0.00  2
284.603 0.00  1
284.780 0.00  16
285.309 0.00  8
285.397 0.00  4
285.925 0.00  16
286.102 0.00  4
286.191 0.00  8
286.367 0.00  1
286.455 0.00  2
286.543 0.00  16
286.808 0.00  16
287.072 0.00  8
287.161 0.00  4
287.249 0.00  2
287.425 0.00  1
287.513 0.00  2
287.601 0.00  1
287.778 0.00  2
287.866 0.00  4
287.954 0.00  16
288.219 0.00  8
288.307 0.00  4
288.395 0.00  16
288.572 0.00  8
288.660 0.00  4
288.748 0.00  4
288.829 1.00  8
290.078 1.00  10
291.290 1.00  10
293.606 0.00  5
293.644 0.00  8
293.794 0.00  8
293.944 0.00  8
294.094 0.00  4
294.244 0.00  2
294.394 0.00  1
294.544 0.00  2
294.694 0.00  4
294.844 0.00  8
294.994 0.00  8
295.144 0.00  8
295.294 0.00  4
295.444 0.00  16
295.744 0.00  8
296.044 0.00  8
296.194 0.00  8
296.344 0.00  8
296.494 0.00  4
296.644 0.00  2
296.794 0.00  1
296.944 0.00  2
297.094 0.00  4
297.245 0.00  16
297.545 0.00  1
297.620 0.00  2
297.695 0.00  4
297.845 0.00  2
297.995 0.00  4
298.145 0.00  16
298.520 0.00  8
298.595 0.00  16
298.820 0.00  8
298.895 0.00  16
299.195 0.00  8
299.345 0.00  4
299.495 0.00  2
299.942 0.00  4
300.017 0.00  16
300.537 0.00  4
300.611 0.00  16
300.835 0.00  4
300.985 0.00  4
301.136 0.00  8
301.286 0.00  16
301.588 0.00  4
301.738 0.00  8
301.889 0.00  4
302.039 0.00  4
302.190 0.00  4
302.340 0.00  4
302.491 0.00  4
302.642 0.00  4
302.792 0.00  12
303.093 0.00  4
303.244 0.00  5
303.394 0.00  1
303.544 0.00  1
303.694 0.00  1
303.844 0.00  1
303.994 0.00  1
304.144 0.00  1
304.294 0.00  1
304.444 0.00  1
304.594 0.00  1
304.744 0.00  1
304.894 0.00  1
305.044 0.00  1
305.194 0.00  1
305.344 0.00  1
305.494 0.00  1
305.644 0.00  2
305.794 0.00  10
306.094 0.00  6
306.244 0.00  10
306.382 0.00  2
306.544 0.00  2
306.694 0.00  2
306.844 0.00  2
306.994 0.00  10
307.294 0.00  6
307.444 0.00  10
307.582 0.00  2
307.744 0.00  2
307.894 0.00  2
308.044 0.00  4
308.194 0.00  4
308.344 0.00  12
308.494 0.00  12
308.644 0.00  4
308.794 0.00  4
308.944 0.00  12
309.094 0.00  12
309.244 0.00  16
309.694 0.00  16
309.995 0.00  4
310.145 0.00  2
310.295 0.00  3
310.632 0.00  4
310.744 0.00  16
311.194 0.00  1
311.344 0.00  4
311.494 0.00  2
311.644 0.00  16
311.944 0.00  2
312.094 0.00  8
312.244 0.00  4
312.732 0.00  8
312.844 0.00  4
312.995 0.00  4
313.145 0.00  2
313.295 0.00  8
313.445 0.00  4
313.595 0.00  2
314.008 0.00  16
314.345 0.00  2
314.495 0.00  4
314.645 0.00  2
314.795 0.00  8
315.133 0.00  4
315.358 0.00  16
315.395 0.00  16
315.470 0.00  16
315.545 0.00  16
315.620 0.00  16
315.695 0.00  16
315.770 0.00  16
315.845 0.00  16
315.920 0.00  16
315.995 0.00  16
316.070 0.00  16
316.145 0.00  16
316.220 0.00  16
316.295 0.00  16
316.370 0.00  16
316.558 0.00  16
316.595 0.00  16
316.670 0.00  16
316.745 0.00  16
316.820 0.00  16
316.895 0.00  16
316.970 0.00  16
317.045 0.00  16
317.120 0.00  16
317.195 0.00  16
317.270 0.00  16
317.345 0.00  16
317.420 0.00  16
317.495 0.00  16
317.570 0.00  16
317.645 0.00  8
317.720 0.00  4
317.795 0.00  8
317.945 0.00  8
318.021 0.00  4
318.096 0.00  2
318.246 0.00  8
318.321 0.00  4
318.396 0.00  8
318.546 0.00  8
318.621 0.00  4
318.696 0.00  2
318.846 0.00  8
318.921 0.00  4
318.996 0.00  8
319.146 0.00  8
319.221 0.00  4
319.296 0.00  2
319.671 0.00  16
320.046 0.00  1
320.121 0.00  2
320.196 0.00  4
320.346 0.00  4
320.421 0.00  16
320.646 0.00  1
320.721 0.00  2
320.796 0.00  4
320.946 0.00  2
321.021 0.00  4
321.096 0.00  8
321.246 0.00  8
321.396 0.00  16
321.846 0.00  8
321.996 0.00  4
322.146 0.00  16
322.596 0.00  16
322.896 0.00  8
323.047 0.00  4
323.197 0.00  8
323.347 0.00  4
323.497 0.00  16
323.947 0.00  8
324.172 0.00  16
324.547 0.00  2
324.697 0.00  4
324.847 0.00  4
324.997 0.00  2
325.147 0.00  4
325.297 0.00  2
325.447 0.00  4
325.597 0.00  16
325.897 0.00  16
326.197 0.00  4
326.347 0.00  1
326.497 0.00  16
326.797 0.00  8
326.947 0.00  8
327.097 0.00  4
327.247 0.00  2
327.397 0.00  1
327.547 0.00  2
327.697 0.00  16
327.922 0.00  8
327.998 0.00  4
328.448 0.00  1
328.522 0.00  2
328.597 0.00  4
328.747 0.00  4
328.822 0.00  16
329.121 0.00  16
329.646 0.00  16
330.095 0.50  16
330.769 0.00  16
330.993 0.00  8
331.143 0.00  4
331.780 0.00  2
331.892 0.00  16
332.191 0.00  8
332.341 0.00  4
332.491 0.00  2
332.640 0.00  1
332.715 0.00  2
332.790 0.00  4
332.940 0.00  16
333.239 0.00  4
333.390 0.00  16
333.691 1.00  16
334.745 0.00  1
334.820 0.00  2
335.046 0.00  4
335.347 0.00  8
335.648 0.00  16
335.947 0.00  8
336.321 0.00  16
336.696 0.00  16
336.995 0.00  8
337.145 0.00  4
337.295 0.00  2
337.444 0.00  1
337.594 0.00  2
337.744 0.00  8
338.118 0.00  4
338.343 0.00  4
338.493 0.00  2
338.643 0.00  8
339.132 0.00  2
339.244 0.00  16
339.544 0.00  4
339.694 0.00  2
339.844 0.00  1
339.994 0.00  8
340.144 0.00  4
340.294 0.00  2
340.444 0.00  1
340.595 0.00  2
340.745 0.00  4
340.895 0.00  16
341.145 0.00  8
341.245 0.00  4
341.573 0.00  16
342.134 0.00  8
342.434 0.00  4
342.735 0.00  2
342.847 0.00  8
342.998 0.00  8
343.148 0.50  16
344.051 0.00  8
344.201 0.00  4
344.351 0.00  2
344.502 0.00  8
344.652 0.00  4
344.803 0.00  8
344.953 0.00  2
345.103 0.00  8
345.254 0.00  4
345.403 0.00  2
345.552 0.00  8
345.701 0.00  4
345.850 0.00  8
345.999 0.00  2
346.148 0.00  4
346.297 0.00  1
346.446 0.00  4
346.595 0.00  16
346.893 0.00  8
347.041 0.00  8
347.190 0.00  4
347.339 0.00  2
347.488 0.00  1
347.563 0.00  2
347.637 0.00  1
347.788 0.00  2
347.938 0.00  4
348.088 0.00  8
348.238 0.00  4
348.389 0.00  2
348.539 0.00  1
348.689 0.50  16
349.816 0.00  4
350.417 0.00  16
350.793 0.00  8
351.093 0.00  4
351.244 0.00  8
351.319 0.00  4
351.394 0.00  2
351.469 0.00  1
351.619 0.00  4
351.694 0.00  2
351.770 0.00  1
351.845 0.00  4
351.995 0.00  2
352.033 0.00  4
352.145 0.00  4
352.295 0.00  4
352.446 0.00  2
352.596 0.00  1
352.746 0.50  16
353.648 0.00  8
353.798 0.00  8
353.948 0.00  4
354.362 0.00  8
354.412 0.00  4
354.549 0.00  8
354.700 0.00  4
354.850 0.00  8
355.000 0.00  16
355.301 0.00  8
355.601 0.00  16
356.052 0.00  1
356.127 0.00  2
356.202 0.00  4
356.353 0.00  4
356.428 0.00  2
356.503 0.00  4
356.653 0.00  4
356.728 0.00  8
356.803 0.00  16
357.029 0.00  16
357.254 0.00  1
357.329 0.00  2
357.404 0.00  4
357.555 0.00  4
357.630 0.00  2
357.705 0.00  4
357.855 0.00  2
357.930 0.00  4
358.005 0.00  16
358.231 0.00  16
358.456 0.00  2
358.606 0.00  1
358.756 0.00  4
358.905 0.00  1
359.055 0.00  8
359.205 0.00  1
359.354 0.00  4
359.504 0.00  1
359.654 0.00  2
359.803 0.00  4
359.878 0.00  2
360.028 0.00  8
360.103 0.00  2
360.252 0.00  4
360.327 0.00  2
360.477 0.00  8
360.552 0.00  2
360.701 0.00  4
360.776 0.00  2
360.838 0.00  4
360.988 0.00  16
361.212 0.00  8
361.287 0.00  4
361.512 0.00  8
361.586 0.00  4
361.736 0.00  4
361.811 0.00  16
362.185 0.00  8
362.335 0.00  8
362.484 0.00  4
362.634 0.00  1
362.734 0.00  2
362.834 0.00  4
362.933 0.00  8
363.233 0.00  8
363.382 0.00  4
363.532 0.00  16
363.981 0.00  2
364.131 0.00  2
364.280 0.00  16
364.580 0.00  16
364.879 0.00  4
365.029 0.00  2
365.178 0.00  1
365.328 0.00  4
365.403 0.00  2
365.478 0.00  4
365.627 0.00  1
365.777 0.00  2
365.927 0.00  2
366.002 0.00  4
366.076 0.00  8
366.226 0.00  8
366.376 0.00  4
366.525 0.00  8
366.675 0.00  16
366.900 0.00  8
366.974 0.00  16
367.124 0.00  8
367.199 0.00  16
367.349 0.00  8
367.424 0.00  16
367.573 0.00  8
367.648 0.00  16
367.798 0.00  8
367.873 0.00  4
367.998 2.00  16
370.342 0.00  16
370.393 2.00  6
372.737 0.00  6
372.788 2.00  12
375.132 0.00  12
375.182 2.00  16
377.526 0.00  16
377.577 2.00  16
379.921 0.00  16
379.972 2.00  6
382.346 0.00  6
382.397 2.00  12
384.795 0.00  12
384.946 0.00  2
385.247 0.00  2
385.548 0.00  2
385.925 0.00  2
386.076 0.00  8
386.151 0.00  4
386.603 0.00  4
386.679 0.00  2
386.754 0.00  1
387.206 0.00  3
389.533 0.00  3
389.609 0.00  12
391.931 0.00  12
392.006 0.00  10
392.081 0.00  2
392.156 0.00  2
392.231 0.00  2
392.306 0.00  2
392.381 0.00  2
392.456 0.00  2
392.531 0.00  2
392.606 0.00  2
392.681 0.00  2
392.755 0.00  2
392.830 0.00  2
392.905 0.00  2
392.980 0.00  2
393.055 0.00  2
393.130 0.00  2
393.205 0.00  2
393.280 0.00  2
393.355 0.00  2
393.430 0.00  2
393.505 0.00  2
393.580 0.00  2
393.654 0.00  2
393.729 0.00  2
393.804 0.00  2
393.879 0.00  2
393.954 0.00  2
394.029 0.00  2
394.104 0.00  2
394.179 0.00  2
394.254 0.00  2
394.329 0.00  2
395.602 0.00  2
395.752 0.00  1
395.902 0.00  4
396.052 0.00  1
396.202 0.00  4
396.352 0.00  1
396.501 0.00  8
396.651 0.00  1
396.801 2.00  5
399.199 0.00  16
399.274 0.00  8
399.349 0.00  8
399.423 0.00  8
399.498 0.00  8
399.573 0.00  8
399.648 0.00  8
399.723 0.00  8
399.798 0.00  8
399.873 0.00  8
399.948 0.00  8
400.023 0.00  8
400.098 0.00  8
400.173 0.00  8
400.248 0.00  8
400.322 0.00  8
400.397 0.00  8
400.472 0.00  8
400.547 0.00  8
400.622 0.00  8
400.697 0.00  8
400.772 0.00  8
400.847 0.00  8
400.922 0.00  8
400.997 0.00  8
401.072 0.00  8
401.147 0.00  8
401.222 0.00  8
401.296 0.00  8
401.371 0.00  8
401.446 0.00  8
401.521 0.00  8
401.596 0.00  12
401.671 0.00  4
401.746 0.00  4
401.821 0.00  4
401.896 0.00  4
401.971 0.00  4
402.046 0.00  4
402.121 0.00  4
402.196 0.00  4
402.270 0.00  4
402.345 0.00  4
402.420 0.00  4
402.495 0.00  4
402.570 0.00  4
402.645 0.00  4
402.720 0.00  4
402.795 0.00  12
403.994 0.00  2
404.069 0.00  2
404.144 0.00  2
404.220 0.00  2
404.295 0.00  1
404.371 0.00  1
404.446 0.00  2
404.521 0.00  2
404.597 0.00  2
404.672 0.00  2
404.748 0.00  1
404.823 0.00  1
404.898 0.00  2
404.974 0.00  2
405.049 0.00  1
405.125 0.00  1
405.200 0.00  2
405.275 0.00  2
405.351 0.00  2
405.426 0.00  2
405.502 0.00  1
405.577 0.00  1
405.652 0.00  2
405.728 0.00  2
405.803 0.00  2
405.879 0.00  2
405.954 0.00  1
406.030 0.00  1
406.105 0.00  2
406.180 0.00  2
406.256 0.00  1
406.331 0.00  1
406.407 0.00  8
406.482 0.00  8
406.557 0.00  8
406.632 0.00  8
406.707 0.00  1
406.782 0.00  1
406.857 0.00  8
406.932 0.00  8
407.007 0.00  8
407.082 0.00  8
407.157 0.00  1
407.232 0.00  1
407.307 0.00  8
407.382 0.00  8
407.457 0.00  1
407.532 0.00  1
407.607 0.00  8
407.682 0.00  8
407.757 0.00  8
407.832 0.00  8
407.907 0.00  1
407.982 0.00  1
408.057 0.00  8
408.132 0.00  8
408.207 0.00  8
408.282 0.00  8
408.357 0.00  1
408.432 0.00  1
408.507 0.00  8
408.582 0.00  8
408.657 0.00  1
408.732 0.00  1
408.807 0.00  4
408.882 0.00  4
408.958 0.00  4
409.033 0.00  4
409.109 0.00  1
409.184 0.00  1
409.259 0.00  4
409.335 0.00  4
409.410 0.00  4
409.486 0.00  4
409.561 0.00  1
409.636 0.00  1
409.712 0.00  4
409.787 0.00  4
409.863 0.00  1
409.938 0.00  1
410.014 0.00  4
410.089 0.00  4
410.164 0.00  4
410.240 0.00  4
410.315 0.00  1
410.391 0.00  1
410.466 0.00  4
410.541 0.00  4
410.617 0.00  4
410.692 0.00  4
410.768 0.00  1
410.843 0.00  1
410.919 0.00  4
410.994 0.00  4
411.069 0.00  1
411.145 0.00  1
411.220 0.00  2
411.295 0.00  2
411.369 0.00  2
411.444 0.00  2
411.518 0.00  1
411.593 0.00  1
411.668 0.00  2
411.742 0.00  2
411.817 0.00  2
411.891 0.00  2
411.966 0.00  1
412.040 0.00  1
412.115 0.00  2
412.189 0.00  2
412.264 0.00  1
412.339 0.00  1
412.413 0.00  2
412.488 0.00  1
412.562 0.00  2
412.711 0.00  4
412.860 0.00  2
413.010 0.00  8
413.159 0.00  8
413.308 0.00  8
413.457 0.00  2
413.606 0.00  2
413.681 0.00  2
413.756 0.00  2
413.831 0.00  2
413.906 0.00  1
413.982 0.00  1
414.057 0.00  2
414.132 0.00  2
414.207 0.00  2
414.282 0.00  2
414.357 0.00  1
414.432 0.00  1
414.507 0.00  2
414.583 0.00  2
414.658 0.00  1
414.733 0.00  1
414.808 0.00  2
414.883 0.00  2
414.958 0.00  2
415.033 0.00  2
415.108 0.00  1
415.184 0.00  1
415.259 0.00  2
415.334 0.00  2
415.409 0.00  2
415.484 0.00  2
415.559 0.00  1
415.634 0.00  1
415.709 0.00  2
415.785 0.00  2
415.860 0.00  1
415.935 0.00  1
416.010 0.00  8
416.085 0.00  8
416.160 0.00  8
416.235 0.00  8
416.310 0.00  1
416.386 0.00  1
416.461 0.00  8
416.536 0.00  8
416.611 0.00  8
416.686 0.00  8
416.761 0.00  1
416.836 0.00  1
416.911 0.00  8
416.987 0.00  8
417.062 0.00  1
417.137 0.00  1
417.212 0.00  8
417.287 0.00  8
417.362 0.00  8
417.437 0.00  8
417.512 0.00  1
417.588 0.00  1
417.663 0.00  8
417.738 0.00  8
417.813 0.00  8
417.888 0.00  8
417.963 0.00  1
418.038 0.00  1
418.113 0.00  8
418.189 0.00  8
418.264 0.00  1
418.339 0.00  1
418.414 0.00  4
418.489 0.00  4
418.564 0.00  4
418.639 0.00  4
418.714 0.00  1
418.790 0.00  1
418.865 0.00  4
418.940 0.00  4
419.015 0.00  4
419.090 0.00  4
419.165 0.00  1
419.240 0.00  1
419.315 0.00  4
419.391 0.00  4
419.466 0.00  1
419.541 0.00  1
419.616 0.00  4
419.691 0.00  4
419.766 0.00  4
419.841 0.00  4
419.916 0.00  1
419.992 0.00  1
420.067 0.00  4
420.142 0.00  4
420.217 0.00  4
420.292 0.00  4
420.367 0.00  1
420.442 0.00  1
420.517 0.00  4
420.593 0.00  4
420.668 0.00  1
420.743 0.00  1
423.222 0.00  4
423.372 0.00  8
423.522 0.00  8
423.673 0.00  4
423.823 0.00  8
423.973 0.00  8
424.123 0.00  4
424.274 0.00  8
424.424 0.00  8
424.574 0.00  4
424.724 0.00  4
424.875 0.00  8
425.025 0.00  8
425.175 0.00  4
425.325 0.00  2
425.476 0.00  1
425.626 0.00  1
425.776 0.00  2
425.926 0.00  2
426.077 0.00  1
426.227 0.00  2
426.377 0.00  2
426.527 0.00  1
426.678 0.00  2
426.828 0.00  2
426.978 0.00  1
427.128 0.00  1
427.279 0.00  2
427.429 0.00  4
427.579 0.00  2
427.729 0.00  1
427.880 0.00  1
428.030 0.00  2
428.180 0.00  2
428.330 0.00  2
428.481 0.00  8
428.781 0.00  8
429.082 0.00  2
429.382 0.00  2
429.683 0.00  2
429.833 0.00  2
429.983 0.00  8
430.133 0.00  8
430.509 0.00  2
430.659 0.00  2
430.809 0.00  2
430.960 0.00  2
431.110 0.00  2
431.260 0.00  2
431.410 0.00  2
431.561 0.00  2
431.711 0.00  2
431.861 0.00  2
432.011 0.00  2
432.162 0.00  2
432.312 0.00  2
432.462 0.00  2
432.612 0.00  2
432.763 0.00  2
432.913 0.00  2
433.063 0.00  2
433.213 0.00  2
433.364 0.00  2
433.514 0.00  2
433.664 0.00  2
433.814 0.00  2
433.965 0.00  2
434.115 0.00  2
434.265 0.00  2
434.415 0.00  2
434.566 0.00  2
434.716 0.00  2
434.866 0.00  2
435.016 0.00  2
435.167 0.00  2
435.392 0.00  8
435.542 0.00  4
435.692 0.00  2
435.843 0.00  8
435.993 0.00  4
436.143 0.00  2
436.293 0.00  1
436.444 0.00  8
437.683 0.00  8
437.721 0.00  4
437.758 0.00  8
437.796 0.00  4
437.833 0.00  2
437.871 0.00  1
437.909 0.00  1
437.946 0.00  1
438.046 0.00  2
438.146 0.00  4
438.247 0.00  1
438.447 0.00  4
438.647 0.00  8
438.848 0.00  8