2.414 0.00  16
4.828 0.00  16
7.242 2.00  10
9.640 0.00  5
10.834 1.00  3
12.028 0.00  16
14.446 0.00  16
16.826 2.00  10
19.245 0.00  5
20.439 0.00  5
20.738 0.00  5
21.037 0.00  5
21.634 0.00  4
21.709 0.00  4
21.784 0.00  4
21.859 0.00  4
21.934 0.00  1
22.009 0.00  1
22.084 0.00  4
22.159 0.00  4
22.234 0.00  4
22.309 0.00  4
22.384 0.00  1
22.459 0.00  1
22.534 0.00  4
22.609 0.00  4
22.684 0.00  1
22.759 0.00  1
22.834 0.00  4
22.909 0.00  4
22.983 0.00  4
23.058 0.00  4
23.133 0.00  1
23.208 0.00  1
23.283 0.00  4
23.358 0.00  4
23.433 0.00  4
23.508 0.00  4
23.583 0.00  1
23.658 0.00  1
23.733 0.00  4
23.808 0.00  4
23.883 0.00  1
23.958 0.00  1
24.333 0.00  1
24.408 0.00  1
24.782 0.00  1
24.857 0.00  1
25.081 0.00  1
25.156 0.00  1
25.530 0.00  1
25.605 0.00  1
25.979 0.00  1
26.054 0.00  1
26.279 0.00  1
26.354 0.00  1
26.428 0.00  8
26.504 0.00  8
26.579 0.00  8
26.655 0.00  8
26.730 0.00  1
26.806 0.00  1
26.881 0.00  8
26.956 0.00  8
27.032 0.00  8
27.107 0.00  8
27.183 0.00  1
27.258 0.00  1
27.334 0.00  8
27.409 0.00  8
27.485 0.00  1
27.560 0.00  1
27.635 0.00  8
27.711 0.00  8
27.786 0.00  8
27.862 0.00  8
27.937 0.00  1
28.013 0.00  1
28.088 0.00  8
28.163 0.00  8
28.239 0.00  8
28.314 0.00  8
28.390 0.00  1
28.465 0.00  1
28.541 0.00  8
28.616 0.00  8
28.692 0.00  1
28.767 0.00  1
28.842 0.00  4
28.918 0.00  4
28.994 0.00  4
29.069 0.00  4
29.145 0.00  1
29.220 0.00  1
29.296 0.00  4
29.372 0.00  4
29.447 0.00  4
29.523 0.00  4
29.599 0.00  1
29.674 0.00  1
29.750 0.00  4
29.825 0.00  4
29.901 0.00  1
29.977 0.00  1
30.052 0.00  2
30.128 0.00  1
30.204 0.00  2
30.279 0.00  4
30.355 0.00  8
30.506 0.00  2
30.582 0.00  4
30.657 0.00  8
30.808 0.00  8
30.960 0.00  4
31.262 0.00  4
31.336 0.00  4
31.410 0.00  4
31.484 0.00  4
31.558 0.00  1
31.633 0.00  1
31.707 0.00  4
31.781 0.00  4
31.855 0.00  4
31.929 0.00  4
32.003 0.00  1
32.077 0.00  1
32.151 0.00  4
32.225 0.00  4
32.299 0.00  1
32.373 0.00  1
32.447 0.00  4
32.521 0.00  4
32.596 0.00  4
32.670 0.00  4
32.744 0.00  1
32.818 0.00  1
32.892 0.00  4
32.966 0.00  4
33.040 0.00  4
33.114 0.00  4
33.188 0.00  1
33.262 0.00  1
33.336 0.00  4
33.410 0.00  4
33.484 0.00  1
33.559 0.00  1
33.934 0.00  1
34.010 0.00  1
34.387 0.00  1
34.462 0.00  1
34.689 0.00  1
34.764 0.00  1
35.141 0.00  1
35.217 0.00  1
35.594 0.00  1
35.669 0.00  1
35.896 0.00  1
35.971 0.00  1
36.047 0.00  8
36.121 0.00  8
36.196 0.00  8
36.270 0.00  8
36.345 0.00  1
36.419 0.00  1
36.494 0.00  8
36.568 0.00  8
36.643 0.00  8
36.718 0.00  8
36.792 0.00  1
36.867 0.00  1
36.941 0.00  8
37.016 0.00  8
37.090 0.00  1
37.165 0.00  1
37.239 0.00  8
37.314 0.00  8
37.389 0.00  8
37.463 0.00  8
37.538 0.00  1
37.612 0.00  1
37.687 0.00  8
37.761 0.00  8
37.836 0.00  8
37.910 0.00  8
37.985 0.00  1
38.059 0.00  1
38.134 0.00  8
38.209 0.00  8
38.283 0.00  1
38.358 0.00  1
38.507 0.00  8
38.582 0.00  4
38.656 0.00  2
38.731 0.00  4
38.806 0.00  8
38.881 0.00  4
38.955 0.00  8
39.105 0.00  8
39.179 0.00  4
39.254 0.00  2
39.329 0.00  4
39.404 0.00  8
39.478 0.00  4
39.553 0.00  8
39.703 0.00  8
39.852 0.00  8
40.001 0.00  8
40.151 0.00  8
40.300 0.00  8
40.450 0.00  8
40.599 0.00  8
40.749 0.00  8
40.823 0.00  16
43.224 0.00  5
45.624 0.00  10
48.025 0.00  10
48.326 0.00  10
48.626 0.00  10
48.776 0.00  10
49.076 0.00  10
49.226 0.00  16
49.301 0.00  2
49.376 0.00  4
49.451 0.00  8
49.602 0.00  8
49.677 0.00  4
49.752 0.00  2
49.827 0.00  1
49.902 0.00  2
49.977 0.00  4
50.052 0.00  8
50.277 0.00  8
50.427 0.00  4
50.502 0.00  4
50.577 0.00  4
50.652 0.00  4
50.801 0.00  4
50.876 0.00  4
50.951 0.00  4
51.026 0.00  8
51.101 0.00  4
51.176 0.00  4
51.251 0.00  4
51.401 0.00  4
51.475 0.00  4
51.550 0.00  4
51.625 0.00  4
51.700 0.00  4
51.775 0.00  4
51.850 0.00  4
52.000 0.00  4
52.074 0.00  4
52.149 0.00  4
52.224 0.00  4
52.374 0.00  16
52.673 0.00  12
52.823 0.00  3
52.898 0.00  1
52.973 0.00  1
53.048 0.00  1
53.124 0.00  1
53.199 0.00  1
53.274 0.00  1
53.349 0.00  1
53.424 0.00  1
53.499 0.00  1
53.574 0.00  1
53.649 0.00  1
53.724 0.00  1
53.799 0.00  1
53.874 0.00  1
53.949 0.00  1
54.025 0.00  1
54.100 0.00  1
54.175 0.00  1
54.250 0.00  1
54.325 0.00  1
54.400 0.00  1
54.475 0.00  1
54.550 0.00  1
54.625 0.00  1
54.700 0.00  1
54.775 0.00  1
54.850 0.00  1
54.926 0.00  1
55.001 0.00  1
55.076 0.00  1
55.151 0.00  1
55.226 0.00  2
55.376 0.00  10
55.677 0.00  6
55.828 0.00  10
55.978 0.00  2
56.053 0.00  2
56.128 0.00  2
56.204 0.00  2
56.279 0.00  2
56.354 0.00  2
56.429 0.00  2
56.580 0.00  10
56.880 0.00  6
57.031 0.00  10
57.181 0.00  2
57.256 0.00  2
57.332 0.00  2
57.407 0.00  2
57.482 0.00  2
57.557 0.00  2
57.632 0.00  4
57.782 0.00  4
57.932 0.00  12
58.007 0.00  12
58.082 0.00  12
58.157 0.00  12
58.231 0.00  4
58.381 0.00  4
58.531 0.00  12
58.606 0.00  12
58.681 0.00  12
58.756 0.00  12
58.830 0.00  4
58.980 0.00  16
59.280 0.00  12
59.429 0.00  16
59.579 0.00  12
59.729 0.00  6
59.879 0.00  3
60.028 0.00  1
60.103 0.00  1
60.179 0.00  1
60.254 0.00  1
60.329 0.00  2
60.404 0.00  2
60.479 0.00  2
60.554 0.00  2
60.629 0.00  4
60.705 0.00  4
60.780 0.00  2
60.855 0.00  2
60.930 0.00  4
61.005 0.00  4
61.080 0.00  8
61.155 0.00  8
61.381 0.00  8
61.456 0.00  8
61.531 0.00  4
61.606 0.00  4
61.681 0.00  2
61.756 0.00  2
61.832 0.00  4
61.907 0.00  4
61.982 0.00  8
62.132 0.00  4
62.170 0.00  8
62.433 0.00  1
62.582 0.00  1
62.657 0.00  1
62.732 0.00  2
62.807 0.00  1
62.882 0.00  1
62.957 0.00  1
63.032 0.00  4
63.106 0.00  1
63.181 0.00  1
63.256 0.00  1
63.331 0.00  2
63.406 0.00  1
63.481 0.00  1
63.555 0.00  1
63.630 0.00  1
63.780 0.00  1
63.855 0.00  1
63.930 0.00  2
64.005 0.00  1
64.079 0.00  1
64.154 0.00  1
64.229 0.00  4
64.304 0.00  1
64.379 0.00  1
64.454 0.00  1
64.529 0.00  2
64.603 0.00  1
64.678 0.00  1
64.753 0.00  1
64.828 0.00  2
64.978 0.00  2
65.053 0.00  2
65.127 0.00  2
65.277 0.00  2
65.427 0.00  8
65.577 0.00  2
65.727 0.00  8
66.026 0.00  2
66.176 0.00  2
66.251 0.00  2
66.326 0.00  2
66.475 0.00  2
66.625 0.00  8
66.700 0.00  4
66.925 0.00  8
67.224 0.00  16
67.299 0.00  8
67.374 0.00  8
67.449 0.00  8
67.524 0.00  8
67.600 0.00  8
67.675 0.00  8
67.750 0.00  8
67.825 0.00  8
67.900 0.00  8
67.975 0.00  8
68.050 0.00  8
68.125 0.00  8
68.200 0.00  8
68.275 0.00  8
68.350 0.00  8
68.425 0.00  8
68.575 0.00  16
68.875 0.00  16
69.176 0.00  12
69.476 0.00  6
69.626 0.00  4
69.776 0.00  1
69.926 0.00  1
70.227 0.00  1
70.377 0.00  1
70.527 0.00  8
70.677 0.00  1
70.828 0.00  4
70.978 0.00  1
71.128 0.00  1
71.428 0.00  1
71.579 0.00  1
71.729 0.00  8
71.879 0.00  1
72.029 0.00  4
72.104 0.00  2
72.179 0.00  1
72.254 0.00  2
72.329 0.00  4
72.404 0.00  2
72.479 0.00  4
72.554 0.00  2
72.629 0.00  1
72.704 0.00  2
72.778 0.00  4
72.853 0.00  2
72.928 0.00  4
73.003 0.00  2
73.078 0.00  1
73.153 0.00  2
73.228 0.00  4
73.303 0.00  2
73.378 0.00  1
73.453 0.00  2
73.528 0.00  4
73.603 0.00  2
73.678 0.00  4
73.753 0.00  2
73.828 0.00  1
73.902 0.00  2
73.977 0.00  4
74.052 0.00  2
74.127 0.00  4
74.202 0.00  2
74.277 0.00  1
74.352 0.00  2
74.577 0.00  1
74.727 0.00  1
74.877 0.00  8
75.026 0.00  1
75.176 0.00  1
75.326 0.00  4
75.476 0.00  1
75.776 0.00  1
75.926 0.00  1
76.076 0.00  8
76.225 0.00  1
76.375 0.00  1
76.525 0.00  4
76.675 0.00  1
76.825 0.00  8
76.900 0.00  4
76.975 0.00  2
77.051 0.00  4
77.126 0.00  8
77.201 0.00  4
77.276 0.00  8
77.352 0.00  4
77.427 0.00  8
77.502 0.00  4
77.577 0.00  2
77.653 0.00  4
77.728 0.00  8
77.803 0.00  4
77.878 0.00  8
77.954 0.00  4
78.029 0.00  1
78.104 0.00  2
78.180 0.00  4
78.255 0.00  1
78.330 0.00  2
78.405 0.00  4
78.481 0.00  2
78.556 0.00  4
78.631 0.00  8
78.706 0.00  2
78.782 0.00  4
78.857 0.00  8
78.932 0.00  2
79.007 0.00  4
79.083 0.00  8
79.233 0.00  12
80.352 0.00  12
80.427 0.00  10
81.247 0.00  10
81.323 0.00  12
81.472 0.00  6
81.621 0.00  3
82.748 0.00  3
82.824 0.00  1
82.900 0.00  1
82.975 0.00  1
83.125 0.00  2
83.276 0.00  1
83.426 0.00  4
83.576 0.00  1
84.027 0.00  8
84.178 0.00  2
84.328 0.00  2
84.478 0.00  8
84.628 0.00  2
84.778 0.00  2
84.928 0.00  8
85.228 0.00  4
85.378 0.00  1
85.528 0.00  1
85.678 0.00  4
85.829 0.00  1
85.979 0.00  1
86.129 0.00  8
86.429 0.00  3
86.466 0.00  3
86.504 0.00  1
86.579 0.00  1
86.654 0.00  1
86.729 0.00  1
86.804 0.00  1
86.878 0.00  1
86.953 0.00  1
87.028 0.00  1
87.103 0.00  1
87.178 0.00  1
87.253 0.00  1
87.328 0.00  1
87.403 0.00  1
87.478 0.00  1
87.553 0.00  1
87.628 0.00  1
87.703 0.00  1
87.778 0.00  1
87.853 0.00  1
87.927 0.00  1
88.002 0.00  1
88.077 0.00  1
88.152 0.00  1
88.227 0.00  1
88.302 0.00  1
88.377 0.00  1
88.452 0.00  1
88.527 0.00  1
88.602 0.00  1
88.677 0.00  1
88.752 0.00  1
88.827 0.00  10
89.652 0.00  10
89.727 0.00  12
89.877 0.00  6
90.028 0.00  3
91.153 0.00  3
91.229 0.00  4
91.378 0.00  1
91.527 0.00  1
91.677 0.00  2
91.826 0.00  1
91.975 0.00  1
92.125 0.00  4
92.274 0.00  2
92.424 0.00  2
92.498 0.00  2
92.573 0.00  1
92.648 0.00  1
92.722 0.00  2
92.797 0.00  2
92.872 0.00  4
92.946 0.00  4
93.021 0.00  8
93.096 0.00  8
93.170 0.00  4
93.245 0.00  4
93.320 0.00  2
93.394 0.00  2
93.469 0.00  1
93.544 0.00  1
93.619 0.00  2
93.694 0.00  2
93.769 0.00  2
93.844 0.00  2
93.920 0.00  4
93.995 0.00  4
94.070 0.00  2
94.146 0.00  2
94.221 0.00  8
94.296 0.00  8
94.371 0.00  2
94.447 0.00  2
94.522 0.00  8
94.597 0.00  8
94.823 0.00  2
94.899 0.00  2
94.974 0.00  2
95.049 0.00  2
95.124 0.00  4
95.200 0.00  4
95.275 0.00  2
95.350 0.00  2
95.426 0.00  8
95.501 0.00  8
95.576 0.00  2
95.651 0.00  2
95.727 0.00  8
95.802 0.00  8
96.028 0.00  1
96.103 0.00  1
96.178 0.00  1
96.252 0.00  1
96.327 0.00  2
96.402 0.00  2
96.477 0.00  1
96.552 0.00  1
96.627 0.00  4
96.701 0.00  4
96.776 0.00  1
96.851 0.00  1
96.926 0.00  4
97.001 0.00  4
97.076 0.00  8
97.150 0.00  8
97.225 0.00  1
97.300 0.00  2
97.375 0.00  4
97.450 0.00  1
97.524 0.00  2
97.599 0.00  4
97.674 0.00  2
97.749 0.00  4
97.824 0.00  8
97.899 0.00  2
97.973 0.00  4
98.048 0.00  8
98.123 0.00  2
98.198 0.00  4
98.273 0.00  8
98.422 0.00  3
100.743 0.00  3
100.819 0.00  12
103.153 0.00  12
103.229 0.00  6
103.266 0.00  6
103.303 0.00  2
103.378 0.00  2
103.452 0.00  2
103.527 0.00  2
103.601 0.00  2
103.676 0.00  2
103.750 0.00  2
103.825 0.00  2
103.900 0.00  2
103.974 0.00  2
104.049 0.00  2
104.123 0.00  2
104.198 0.00  2
104.272 0.00  2
104.347 0.00  2
104.422 0.00  2
104.496 0.00  2
104.571 0.00  2
104.645 0.00  2
104.720 0.00  2
104.794 0.00  2
104.869 0.00  2
104.943 0.00  2
105.018 0.00  2
105.093 0.00  2
105.167 0.00  2
105.242 0.00  2
105.316 0.00  2
105.391 0.00  2
105.465 0.00  2
105.540 0.00  2
105.614 1.00  3
106.809 0.00  4
106.909 0.00  2
107.009 0.00  1
107.108 0.00  8
107.208 0.00  2
107.307 0.00  1
107.506 0.00  2
107.606 0.00  1
107.706 0.00  8
107.805 0.00  2
107.905 0.00  1
108.004 0.00  3
110.344 0.00  3
110.420 0.00  12
112.760 0.00  12
112.836 0.00  6
112.873 0.00  6
112.911 0.00  2
112.986 0.00  2
113.061 0.00  2
113.135 0.00  2
113.210 0.00  2
113.285 0.00  6
113.360 0.00  2
113.434 0.00  2
113.509 0.00  2
113.584 0.00  2
113.659 0.00  2
113.733 0.00  2
113.808 0.00  2
113.883 0.00  2
113.958 0.00  2
114.032 0.00  6
115.228 0.00  8
115.377 0.00  8
115.675 0.00  4
115.823 0.00  8
115.972 0.00  4
116.121 0.00  1
116.195 0.00  2
116.270 0.00  1
116.418 0.00  8
116.567 0.00  8
116.865 0.00  2
117.013 0.00  4
117.162 0.00  8
117.609 0.00  4
117.759 0.00  4
118.059 0.00  2
118.134 0.00  2
118.209 0.00  4
118.284 0.00  4
118.359 0.00  8
118.434 0.00  8
118.659 0.00  4
118.734 0.00  4
118.809 0.00  1
118.959 0.00  2
119.109 0.00  4
119.259 0.50  8
120.010 0.00  8
120.161 0.00  4
120.312 0.00  2
120.463 0.00  1
120.765 0.00  1
120.803 0.00  2
120.917 0.00  2
120.954 0.00  4
121.068 0.00  4
121.105 0.00  8
121.219 0.00  8
121.370 0.00  1
121.521 0.00  1
121.559 0.00  2
121.672 0.00  4
121.710 0.00  8
122.125 0.00  8
122.201 0.00  4
122.277 0.00  2
122.428 0.00  8
122.730 0.00  4
122.881 0.00  8
123.183 0.00  4
123.334 0.00  8
123.485 0.00  8
123.687 0.00  8
123.788 0.00  8
123.888 0.00  8
123.939 0.00  4
124.040 0.00  8
124.140 0.00  8
124.241 0.00  8
124.342 0.00  8
124.442 0.00  4
124.543 0.00  2
124.594 0.00  4
124.644 0.00  2
124.694 0.00  1
124.745 0.00  2
124.795 0.00  4
124.845 0.00  4
124.995 0.00  4
125.293 0.00  2
125.442 0.00  4
125.516 0.00  4
125.591 0.00  2
125.665 0.00  2
125.740 0.00  1
125.814 0.00  1
125.889 0.00  1
125.964 0.00  1
126.038 0.00  4
126.187 0.00  4
126.448 0.00  1
126.485 0.00  2
126.597 0.00  2
126.634 0.00  4
126.746 0.00  4
126.784 0.00  8
126.895 0.00  8
127.231 0.00  4
127.381 0.00  4
127.530 0.00  4
127.680 0.00  2
127.755 0.00  8
127.830 0.00  2
127.905 0.00  8
127.980 0.00  2
128.055 0.00  8
128.130 0.00  1
128.205 0.00  8
128.280 0.00  1
128.430 0.00  2
128.580 0.00  1
128.729 0.00  4
128.879 0.00  4
128.917 0.00  8
129.629 0.00  8
129.778 0.00  8
130.078 0.00  8
130.153 0.00  4
130.228 0.00  8
130.378 0.00  4
130.528 0.00  2
130.678 0.00  1
130.828 0.00  8
130.977 0.00  8
131.277 0.00  2
131.352 0.00  4
131.427 0.00  8
132.076 0.00  8
132.176 0.00  4
132.276 0.00  8
132.326 0.00  4
132.376 0.00  2
132.476 0.00  8
132.576 0.00  4
132.676 0.00  8
132.726 0.00  4
132.776 0.00  2
132.876 0.00  8
132.976 0.00  4
133.076 0.00  8
133.126 0.00  4
133.176 0.00  2
133.226 0.00  8
133.301 0.00  8
133.376 0.00  8
133.451 0.00  8
133.526 0.00  8
133.826 0.00  8
134.026 0.00  4
134.226 0.00  2
136.812 0.00  2
136.964 0.00  2
137.117 0.00  8
137.270 0.00  2
137.423 0.00  8
137.576 0.00  4
137.729 0.00  2
137.882 0.00  1
138.035 0.00  2
138.188 0.00  2
138.341 0.00  8
138.494 0.00  2
138.647 0.00  8
138.800 0.00  4
138.953 0.00  2
139.106 0.00  1
139.259 0.00  2
139.407 0.00  2
139.555 0.00  8
139.703 0.00  2
139.851 0.00  8
139.999 0.00  4
140.147 0.00  2
140.295 0.00  1
140.443 0.00  2
140.591 0.00  2
140.739 0.00  8
140.887 0.00  2
141.035 0.00  8
141.183 0.00  4
141.331 0.00  2
141.479 0.00  1
141.627 0.00  2
141.778 0.00  2
141.928 0.00  8
142.078 0.00  2
142.228 0.00  8
142.378 0.00  4
142.528 0.00  2
142.678 0.00  1
142.829 0.00  2
142.979 0.00  2
143.129 0.00  8
143.279 0.00  2
143.429 0.00  8
143.579 0.00  4
143.730 0.00  2
143.880 0.00  1
144.030 0.00  4
144.105 0.00  8
144.255 0.00  8
144.329 0.00  4
144.404 0.00  8
144.704 0.00  8
144.779 0.00  4
144.854 0.00  8
145.079 0.00  8
145.153 0.00  4
145.228 1.00  16
146.427 0.00  4
146.503 0.00  4
146.579 0.00  4
146.655 0.00  4
146.807 0.00  4
146.883 0.00  4
146.959 0.00  4
147.036 0.00  8
147.112 0.00  4
147.188 0.00  4
147.264 0.00  4
147.416 0.00  4
147.492 0.00  4
147.568 0.00  4
147.644 0.00  4
147.720 0.00  4
147.796 0.00  4
147.873 0.00  4
148.025 0.00  4
148.101 0.00  4
148.177 0.00  4
148.253 0.00  4
148.405 0.00  12
148.443 0.00  12
148.710 0.00  12
148.862 0.00  3
148.899 0.00  3
148.936 0.00  1
149.011 0.00  1
149.085 0.00  1
149.160 0.00  1
149.234 0.00  1
149.309 0.00  1
149.383 0.00  1
149.458 0.00  1
149.532 0.00  1
149.607 0.00  1
149.681 0.00  1
149.756 0.00  1
149.830 0.00  1
149.905 0.00  1
149.979 0.00  1
150.054 0.00  1
150.129 0.00  1
150.203 0.00  1
150.278 0.00  1
150.352 0.00  1
150.427 0.00  1
150.501 0.00  1
150.576 0.00  1
150.650 0.00  1
150.725 0.00  1
150.799 0.00  1
150.874 0.00  1
150.948 0.00  1
151.023 0.00  1
151.097 0.00  1
151.172 0.00  1
151.246 0.00  2
151.395 0.00  10
151.693 0.00  6
151.841 0.00  10
151.990 0.00  2
152.065 0.00  2
152.139 0.00  2
152.213 0.00  2
152.288 0.00  2
152.362 0.00  2
152.437 0.00  2
152.585 0.00  10
152.883 0.00  6
153.032 0.00  10
153.180 0.00  2
153.255 0.00  2
153.329 0.00  2
153.404 0.00  2
153.478 0.00  2
153.552 0.00  2
153.627 0.00  4
153.777 0.00  4
153.927 0.00  12
154.002 0.00  12
154.077 0.00  12
154.152 0.00  12
154.227 0.00  4
154.378 0.00  4
154.528 0.00  12
154.603 0.00  12
154.678 0.00  12
154.753 0.00  12
154.828 0.00  4
154.978 0.00  3
155.279 0.00  6
155.429 0.00  12
155.579 0.00  4
156.029 0.00  4
156.179 0.00  1
156.328 0.00  1
156.626 0.00  1
156.775 0.00  1
156.924 0.00  8
157.074 0.00  1
157.223 0.00  4
157.372 0.00  1
157.521 0.00  1
157.819 0.00  1
157.968 0.00  1
158.118 0.00  8
158.267 0.00  1
158.416 0.00  4
158.491 0.00  2
158.566 0.00  1
158.642 0.00  2
158.717 0.00  4
158.792 0.00  2
158.867 0.00  4
158.943 0.00  2
159.018 0.00  1
159.093 0.00  2
159.168 0.00  4
159.244 0.00  2
159.319 0.00  4
159.394 0.00  2
159.469 0.00  1
159.545 0.00  2
159.620 0.00  4
159.695 0.00  2
159.771 0.00  8
159.996 0.00  8
160.184 0.00  4
160.373 0.00  2
160.598 0.00  1
160.974 0.00  1
161.125 0.00  1
161.275 0.00  8
161.426 0.00  1
161.576 0.00  1
161.727 0.00  4
161.877 0.00  1
162.178 0.00  1
162.328 0.00  1
162.479 0.00  8
162.629 0.00  1
162.779 0.00  1
162.930 0.00  4
163.080 0.00  1
163.231 0.00  8
163.306 0.00  4
163.381 0.00  2
163.456 0.00  4
163.531 0.00  8
163.605 0.00  4
163.680 0.00  8
163.755 0.00  4
163.830 0.00  8
163.905 0.00  4
163.980 0.00  2
164.055 0.00  4
164.130 0.00  8
164.205 0.00  4
164.280 0.00  8
164.355 0.00  4
164.505 0.00  8
164.580 0.00  4
164.730 0.00  8
164.805 0.00  4
164.880 0.00  8
164.955 0.00  4
165.030 0.00  2
165.105 0.00  8
165.180 0.00  4
165.255 0.00  2
165.330 0.00  8
165.405 0.00  4
165.480 0.00  2
165.555 0.00  1
165.630 0.00  12
166.751 0.00  12
166.826 0.00  10
167.648 0.00  10
167.722 0.00  12
167.872 0.00  6
168.021 0.00  3
169.148 0.00  3
169.224 0.00  1
169.300 0.00  1
169.375 0.00  1
169.525 0.00  2
169.676 0.00  1
169.826 0.00  4
169.976 0.00  1
170.428 0.00  8
170.578 0.00  2
170.728 0.00  2
170.878 0.00  8
171.028 0.00  2
171.178 0.00  2
171.328 0.00  8
171.629 0.00  4
171.779 0.00  1
171.929 0.00  1
172.079 0.00  4
172.229 0.00  1
172.379 0.00  1
172.529 0.00  8
172.829 0.00  3
172.866 0.00  3
172.905 0.00  1
172.980 0.00  1
173.055 0.00  1
173.130 0.00  1
173.205 0.00  1
173.280 0.00  1
173.355 0.00  1
173.430 0.00  1
173.505 0.00  1
173.580 0.00  1
173.655 0.00  1
173.730 0.00  1
173.805 0.00  1
173.880 0.00  1
173.955 0.00  1
174.030 0.00  1
174.105 0.00  1
174.180 0.00  1
174.255 0.00  1
174.330 0.00  1
174.405 0.00  1
174.480 0.00  1
174.555 0.00  1
174.630 0.00  1
174.705 0.00  1
174.780 0.00  1
174.855 0.00  1
174.930 0.00  1
175.005 0.00  1
175.080 0.00  1
175.155 0.00  1
175.230 0.00  10
176.055 0.00  10
176.131 0.00  10
176.281 0.00  6
176.431 0.00  3
177.556 0.00  3
177.632 0.00  4
177.781 0.00  1
177.931 0.00  1
178.080 0.00  2
178.230 0.00  1
178.380 0.00  1
178.529 0.00  4
178.679 0.00  2
178.828 0.00  2
178.903 0.00  2
178.978 0.00  1
179.053 0.00  1
179.128 0.00  2
179.202 0.00  2
179.277 0.00  4
179.352 0.00  4
179.427 0.00  8
179.502 0.00  8
179.576 0.00  4
179.651 0.00  4
179.726 0.00  2
179.801 0.00  2
179.876 0.00  1
179.950 0.00  1
180.025 0.00  2
180.100 0.00  2
180.176 0.00  2
180.251 0.00  2
180.326 0.00  4
180.401 0.00  4
180.476 0.00  2
180.551 0.00  2
180.627 0.00  8
180.702 0.00  8
180.777 0.00  2
180.852 0.00  2
180.927 0.00  8
181.002 0.00  8
181.228 0.00  2
181.303 0.00  2
181.378 0.00  2
181.453 0.00  2
181.529 0.00  4
181.604 0.00  4
181.679 0.00  2
181.754 0.00  2
181.829 0.00  8
181.905 0.00  8
181.980 0.00  2
182.055 0.00  2
182.130 0.00  8
182.205 0.00  8
182.431 0.00  1
182.506 0.00  1
182.581 0.00  1
182.656 0.00  1
182.731 0.00  2
182.807 0.00  2
182.882 0.00  1
182.957 0.00  1
183.032 0.00  4
183.107 0.00  4
183.182 0.00  1
183.258 0.00  1
183.333 0.00  4
183.408 0.00  4
183.483 0.00  8
183.558 0.00  8
183.633 0.00  1
183.709 0.00  2
183.784 0.00  1
183.859 0.00  4
183.934 0.00  2
184.009 0.00  4
184.085 0.00  2
184.160 0.00  8
184.235 0.00  4
184.310 0.00  8
184.385 0.00  4
184.536 0.00  8
184.686 0.00  8
184.836 0.00  3
187.154 0.00  3
187.229 0.00  12
189.553 0.00  12
189.629 0.00  6
189.666 0.00  6
189.704 0.00  2
189.779 0.00  2
189.854 0.00  2
189.929 0.00  2
190.004 0.00  2
190.079 0.00  2
190.154 0.00  2
190.229 0.00  2
190.304 0.00  2
190.379 0.00  2
190.454 0.00  2
190.529 0.00  2
190.604 0.00  2
190.679 0.00  2
190.754 0.00  2
190.829 0.00  2
190.904 0.00  2
190.979 0.00  2
191.054 0.00  2
191.129 0.00  2
191.204 0.00  2
191.279 0.00  2
191.354 0.00  2
191.429 0.00  2
191.504 0.00  2
191.579 0.00  2
191.654 0.00  2
191.729 0.00  2
191.804 0.00  2
191.879 0.00  2
191.953 0.00  2
192.028 1.00  3
193.228 0.00  4
193.303 0.00  2
193.378 0.00  1
193.453 0.00  2
193.528 0.00  1
193.603 0.00  2
193.678 0.00  1
193.753 0.00  2
193.828 0.00  1
193.903 0.00  4
193.978 0.00  1
194.053 0.00  2
194.128 0.00  8
194.203 0.00  2
194.278 0.00  1
194.353 0.00  2
194.428 0.00  3
196.740 0.00  3
196.815 0.00  12
199.146 0.00  12
199.222 0.00  6
199.259 0.00  6
199.297 0.00  2
199.372 0.00  2
199.447 0.00  2
199.522 0.00  2
199.598 0.00  2
199.673 0.00  6
199.748 0.00  2
199.823 0.00  2
199.898 0.00  2
199.974 0.00  2
200.049 0.00  2
200.124 0.00  2
200.199 0.00  2
200.274 0.00  2
200.350 0.00  2
200.425 0.00  6
201.628 0.00  8
201.778 0.00  8
202.078 0.00  4
202.228 0.00  8
202.378 0.00  4
202.528 0.00  2
202.603 0.00  4
202.678 0.00  2
202.828 0.00  8
202.978 0.00  8
203.278 0.00  4
203.428 0.00  2
203.578 0.00  1
203.728 0.00  4
203.765 0.00  8
204.028 0.00  8
204.478 0.00  1
204.628 0.00  2
204.778 0.00  4
204.929 0.00  8
205.079 0.00  4
205.229 0.00  8
205.379 0.00  8
205.529 0.00  4
206.581 0.00  4
206.731 0.00  2
206.881 0.00  1
207.181 0.00  1
207.332 0.00  2
207.482 0.00  4
207.632 0.00  8
207.782 0.00  1
207.932 0.00  2
208.083 0.00  4
208.120 0.00  8
208.383 0.00  8
208.533 0.00  8
208.608 0.00  4
208.683 0.00  2
208.758 0.00  1
208.834 0.00  8
209.134 0.00  2
209.284 0.00  4
209.322 0.00  8
209.434 0.00  8
209.584 0.00  4
209.735 0.00  2
209.772 0.00  4
209.885 0.00  2
210.035 0.00  4
210.185 0.00  2
210.486 0.00  4
210.636 0.50  8
211.385 0.00  4
211.534 0.00  4
211.683 0.00  2
211.832 0.00  4
211.980 0.00  1
212.129 0.00  4
212.204 0.00  4
212.278 0.00  2
212.352 0.00  1
212.575 0.00  2
212.724 0.00  2
212.873 0.00  1
213.022 0.00  2
213.171 0.00  4
213.319 0.00  8
213.617 0.00  4
213.767 0.00  4
213.918 0.00  4
214.069 0.00  2
214.144 0.00  8
214.219 0.00  2
214.295 0.00  8
214.370 0.00  2
214.445 0.00  8
214.521 0.00  1
214.596 0.00  8
214.671 0.00  1
214.747 0.00  8
214.822 0.00  2
214.972 0.00  1
215.123 0.00  4
215.274 0.00  8
216.027 0.00  8
216.177 0.00  8
216.476 0.00  4
216.551 0.00  8
216.626 0.00  4
216.776 0.00  4
216.926 0.00  2
217.076 0.00  1
217.225 0.00  8
217.375 0.00  8
217.675 0.00  4
217.750 0.00  8
217.825 0.00  4
217.974 0.00  8
218.087 0.00  8
218.499 0.00  8
218.574 0.00  4
218.649 0.00  8
218.798 0.00  8
218.948 0.00  4
219.023 0.00  2
219.098 0.00  4
219.173 0.00  8
219.248 0.00  4
219.323 0.00  8
219.398 0.00  2
219.473 0.00  1
219.547 0.00  2
219.622 0.00  8
219.722 0.00  8
219.822 0.00  8
219.959 0.00  8
220.222 0.00  8
220.409 0.00  4
220.596 0.00  1
222.935 0.00  10
223.237 0.00  16
225.479 0.00  10
225.628 0.00  16
227.722 0.00  10
228.021 0.00  16
230.405 0.00  3
232.512 0.00  3
232.513 0.00  3
232.814 0.00  16
234.921 0.00  10
235.222 0.00  16
237.478 0.00  10
237.629 0.00  16
240.029 0.00  3
243.480 0.00  3
243.631 0.00  1
243.719 0.00  2
243.807 0.00  2
243.895 0.00  2
243.983 0.00  2
244.071 0.00  2
244.159 0.00  1
244.248 0.00  2
244.336 0.00  4
244.424 0.00  4
244.512 0.00  2
244.600 0.00  2
244.688 0.00  2
244.776 0.00  2
244.864 0.00  2
244.953 0.00  2
245.305 0.00  8
245.393 0.00  8
245.481 0.00  8
245.569 0.00  2
245.658 0.00  2
245.746 0.00  4
245.834 0.00  4
245.922 0.00  4
246.010 0.00  2
246.098 0.00  2
246.186 0.00  2
246.274 0.00  1
246.363 0.00  1
246.451 0.00  1
246.539 0.00  2
246.627 0.00  2
246.715 0.00  2
246.803 0.00  2
246.892 0.00  2
246.980 0.00  1
247.068 0.00  2
247.156 0.00  4
247.244 0.00  4
247.332 0.00  2
247.421 0.00  2
247.509 0.00  2
247.597 0.00  2
247.685 0.00  2
247.773 0.00  2
248.126 0.00  8
248.214 0.00  8
248.302 0.00  8
248.391 0.00  2
248.479 0.00  2
248.567 0.00  4
248.655 0.00  4
248.743 0.00  4
248.832 0.00  2
248.920 0.00  2
249.008 0.00  2
249.096 0.00  1
249.184 0.00  1
249.272 0.00  1
249.361 0.00  2
249.449 0.00  2
249.537 0.00  2
249.625 0.00  2
249.713 0.00  2
249.802 0.00  1
249.890 0.00  2
249.978 0.00  4
250.066 0.00  4
250.154 0.00  2
250.243 0.00  2
250.331 0.00  2
250.419 0.00  2
250.507 0.00  2
250.595 0.00  2
250.948 0.00  8
251.036 0.00  8
251.124 0.00  8
251.213 0.00  2
251.301 0.00  2
251.389 0.00  4
251.477 0.00  4
251.565 0.00  4
251.653 0.00  2
251.742 0.00  2
251.830 0.00  2
251.918 0.00  1
252.006 0.00  1
252.094 0.00  1
252.183 0.00  2
252.271 0.00  2
252.359 0.00  2
252.447 0.00  2
252.535 0.00  2
252.623 0.00  1
252.712 0.00  2
252.800 0.00  4
252.888 0.00  4
252.976 0.00  2
253.064 0.00  2
253.153 0.00  2
253.241 0.00  2
253.329 0.00  2
253.417 0.00  2
253.770 0.00  8
253.858 0.00  8
253.946 0.00  8
254.034 0.00  2
254.123 0.00  2
254.211 0.00  4
254.299 0.00  4
254.387 0.00  4
254.475 0.00  2
254.564 0.00  2
254.652 0.00  2
254.740 0.00  1
254.828 0.00  1
254.916 0.50  3
255.622 0.50  10
256.327 0.50  6
257.033 0.50  10
257.738 0.00  2
257.826 0.00  4
257.914 0.00  2
258.003 0.00  4
258.091 0.00  8
258.267 0.00  8
258.444 0.00  4
258.532 0.00  8
258.620 0.00  4
258.796 0.00  2
258.884 0.00  4
258.973 0.00  2
259.149 0.00  6
259.325 0.00  2
259.414 0.00  2
259.502 0.00  2
259.590 0.00  2
259.678 0.00  2
259.766 0.00  2
259.855 0.00  2
259.943 0.00  2
260.031 0.00  2
260.119 0.00  2
260.207 0.00  2
260.295 0.00  2
260.384 0.00  2
260.472 0.00  2
260.560 0.00  4
260.605 0.00  8
260.738 0.00  8
261.095 0.00  4
261.184 0.00  2
261.273 0.00  8
261.541 0.00  8
261.808 0.00  4
261.986 0.00  8
262.338 0.00  4
262.514 0.00  2
262.690 0.00  8
262.778 0.00  4
262.866 0.00  8
263.042 0.00  2
263.395 0.00  5
263.571 0.00  5
263.659 0.00  5
263.747 0.00  5
263.835 0.00  5
263.924 0.00  5
264.012 0.00  5
264.100 0.00  5
264.188 0.00  5
264.276 0.00  5
264.365 0.00  5
264.453 0.00  5
264.541 0.00  5
264.629 0.00  5
264.717 0.00  5
264.805 0.00  10
264.982 0.00  10
265.070 0.00  10
265.158 0.00  10
265.246 0.00  10
265.335 0.00  10
265.423 0.00  10
265.511 0.00  16
265.687 0.00  16
265.776 0.00  16
265.864 0.00  16
265.952 0.00  16
266.040 0.00  16
266.128 0.00  16
266.216 0.00  1
266.305 0.00  2
266.393 0.00  2
266.481 0.00  2
266.569 0.00  2
266.657 0.00  2
266.746 0.00  1
266.834 0.00  2
266.922 0.00  4
267.010 0.00  4
267.098 0.00  2
267.187 0.00  2
267.275 0.00  2
267.363 0.00  2
267.451 0.00  2
267.539 0.00  2
267.892 0.00  8
267.981 0.00  8
268.069 0.00  8
268.157 0.00  2
268.245 0.00  2
268.333 0.00  4
268.422 0.00  4
268.510 0.00  4
268.598 0.00  2
268.686 0.00  2
268.774 0.00  2
268.863 0.00  1
268.951 0.00  1
269.039 0.00  1
269.127 0.00  2
269.215 0.00  2
269.304 0.00  2
269.392 0.00  2
269.480 0.00  2
269.568 0.00  1
269.656 0.00  2
269.744 0.00  4
269.833 0.00  4
269.921 0.00  2
270.009 0.00  2
270.097 0.00  2
270.185 0.00  2
270.274 0.00  2
270.362 0.00  2
270.714 0.00  8
270.803 0.00  8
270.891 0.00  8
270.979 0.00  2
271.067 0.00  2
271.155 0.00  4
271.244 0.00  4
271.332 0.00  4
271.420 0.00  2
271.508 0.00  2
271.596 0.00  2
271.684 0.00  1
271.773 0.00  1
271.861 0.00  1
271.949 0.00  2
272.037 0.00  2
272.125 0.00  2
272.214 0.00  2
272.302 0.00  2
272.390 0.00  1
272.478 0.00  2
272.566 0.00  4
272.654 0.00  4
272.743 0.00  2
272.831 0.00  2
272.919 0.00  2
273.007 0.00  2
273.095 0.00  2
273.184 0.00  2
273.536 0.00  8
273.624 0.00  8
273.713 0.00  8
273.801 0.00  2
273.889 0.00  2
273.977 0.00  4
274.065 0.00  4
274.154 0.00  4
274.242 0.00  2
274.330 0.00  2
274.418 0.00  2
274.506 0.00  1
274.595 0.00  1
274.683 0.00  1
274.771 0.00  2
274.859 0.00  2
274.947 0.00  2
275.035 0.00  2
275.124 0.00  2
275.212 0.00  1
275.300 0.00  2
275.388 0.00  4
275.476 0.00  4
275.565 0.00  2
275.653 0.00  2
275.741 0.00  2
275.829 0.00  2
275.917 0.00  2
276.005 0.00  2
276.358 0.00  8
276.446 0.00  8
276.535 0.00  8
276.623 0.00  2
276.711 0.00  2
276.799 0.00  4
276.887 0.00  4
276.975 0.00  4
277.064 0.00  2
277.152 0.00  2
277.240 0.00  2
277.328 0.00  1
277.416 0.00  1
277.505 0.00  2
277.593 0.00  2
277.681 0.00  2
277.769 0.00  2
278.034 0.00  2
278.210 0.00  8
278.386 0.00  2
278.563 0.00  1
278.739 0.00  4
278.916 0.00  2
279.180 0.00  4
279.445 0.00  8
279.621 0.50  16
280.326 0.00  1
280.415 0.00  2
280.503 0.00  4
280.591 0.00  2
280.679 0.00  1
280.767 0.00  2
280.856 0.00  4
280.944 0.00  8
281.120 0.00  4
281.208 0.00  8
281.296 0.00  4
281.385 0.00  2
281.473 0.00  1
281.561 0.00  4
281.649 0.00  2
281.737 0.00  4
281.826 0.00  8
282.002 0.00  2
282.090 0.00  8
282.266 0.00  8
282.355 0.00  2
282.443 0.00  1
282.531 0.00  2
282.619 0.00  4
282.707 0.00  8
283.148 0.00  4
283.457 0.00  4
283.501 0.00  8
283.677 0.00  4
283.854 0.00  2
284.162 0.00  8
284.383 0.00  2
284.559 0.00  1
284.647 0.00  2
284.736 0.00  4
284.824 0.00  8
285.265 0.00  8
285.353 0.00  4
285.441 0.00  2
285.529 0.00  8
286.058 0.00  4
286.147 0.00  8
286.235 0.00  2
286.323 0.00  1
286.382 0.00  4
286.441 0.00  2
286.499 0.00  8
286.617 0.00  4
286.676 0.00  2
286.734 0.00  4
286.793 0.00  8
286.852 0.00  4
286.911 0.00  2
286.970 0.00  1
287.087 0.00  4
287.146 0.00  8
287.205 0.00  2
287.264 0.00  4
287.322 0.00  1
287.381 0.00  2
287.440 0.00  1
287.499 0.00  2
287.646 0.00  2
287.734 0.00  4
287.851 0.00  8
287.910 0.00  4
287.969 0.00  2
288.028 0.00  4
288.087 0.00  8
288.145 0.00  4
288.204 0.00  8
288.263 0.00  4
288.381 0.00  8
288.439 0.00  4
288.557 0.00  4
288.792 0.00  8
290.003 0.00  10
291.215 0.00  10
292.426 0.00  3
293.606 0.00  3
293.607 0.00  8
293.757 0.00  8
293.832 0.00  8
293.907 0.00  8
294.057 0.00  4
294.207 0.00  2
294.357 0.00  1
294.507 0.00  2
294.657 0.00  4
294.807 0.00  8
294.957 0.00  8
295.032 0.00  8
295.107 0.00  8
295.257 0.00  4
295.407 0.00  2
295.707 0.00  8
296.007 0.00  8
296.157 0.00  8
296.232 0.00  8
296.307 0.00  8
296.457 0.00  4
296.607 0.00  2
296.757 0.00  1
296.907 0.00  2
297.057 0.00  4
297.283 0.00  8
297.358 0.00  4
297.433 0.00  2
297.508 0.00  1
297.583 0.00  2
297.658 0.00  4
297.733 0.00  8
297.808 0.00  3
297.958 0.00  6
298.108 0.00  12
298.258 0.00  16
0.016 298.00  16
298.520 0.00  4
298.595 0.00  1
298.670 0.00  16
298.820 0.00  4
298.895 0.00  1
298.970 0.00  4
299.045 0.00  16
299.195 0.00  12
299.345 0.00  6
299.495 0.00  3
299.942 0.00  2
300.017 0.00  4
300.091 0.00  16
300.537 0.00  2
300.611 0.00  4
300.685 0.00  16
300.834 0.00  4
300.910 0.00  4
300.985 0.00  4
301.061 0.00  16
301.210 0.00  8
301.286 0.00  4
301.362 0.00  4
301.436 0.00  8
301.512 0.00  4
301.588 0.00  4
301.663 0.00  16
301.813 0.00  4
301.889 0.00  4
301.964 0.00  4
302.039 0.00  4
302.115 0.00  4
302.190 0.00  4
302.265 0.00  16
302.415 0.00  4
302.490 0.00  4
302.566 0.00  4
302.642 0.00  4
302.755 0.00  16
302.792 0.00  16
303.093 0.00  12
303.207 0.00  6
303.244 0.00  6
303.394 0.00  1
303.469 0.00  1
303.544 0.00  1
303.619 0.00  1
303.694 0.00  1
303.769 0.00  1
303.844 0.00  1
303.919 0.00  1
303.994 0.00  1
304.069 0.00  1
304.144 0.00  1
304.219 0.00  1
304.294 0.00  1
304.369 0.00  1
304.444 0.00  1
304.519 0.00  1
304.594 0.00  1
304.669 0.00  1
304.744 0.00  1
304.819 0.00  1
304.894 0.00  1
304.969 0.00  1
305.044 0.00  1
305.119 0.00  1
305.194 0.00  1
305.269 0.00  1
305.344 0.00  1
305.419 0.00  1
305.494 0.00  1
305.569 0.00  1
305.644 0.00  2
305.794 0.00  10
306.094 0.00  6
306.244 0.00  10
306.394 0.00  2
306.469 0.00  2
306.544 0.00  2
306.619 0.00  2
306.694 0.00  2
306.769 0.00  2
306.844 0.00  2
306.994 0.00  10
307.294 0.00  6
307.444 0.00  10
307.594 0.00  2
307.669 0.00  2
307.744 0.00  2
307.819 0.00  2
307.894 0.00  2
307.969 0.00  2
308.044 0.00  4
308.194 0.00  4
308.344 0.00  12
308.419 0.00  12
308.494 0.00  12
308.569 0.00  12
308.644 0.00  4
308.794 0.00  4
308.944 0.00  12
309.019 0.00  12
309.094 0.00  12
309.169 0.00  12
309.244 0.00  4
309.394 0.00  16
309.694 0.00  12
309.845 0.00  16
309.995 0.00  12
310.145 0.00  6
310.295 0.00  3
310.632 0.00  4
310.744 0.00  16
311.194 0.00  1
311.344 0.00  4
311.494 0.00  2
311.644 0.00  16
311.944 0.00  2
312.094 0.00  8
312.244 0.00  4
312.732 0.00  8
312.844 0.00  4
312.995 0.00  4
313.145 0.00  2
313.295 0.00  8
313.445 0.00  4
313.595 0.00  2
314.008 0.00  16
314.345 0.00  2
314.495 0.00  4
314.645 0.00  2
314.795 0.00  8
315.133 0.00  4
315.358 0.00  16
315.395 0.00  16
315.470 0.00  16
315.545 0.00  16
315.620 0.00  16
315.695 0.00  16
315.770 0.00  16
315.845 0.00  16
315.920 0.00  16
315.995 0.00  16
316.070 0.00  16
316.145 0.00  16
316.220 0.00  16
316.295 0.00  16
316.370 0.00  16
316.558 0.00  16
316.595 0.00  16
316.670 0.00  16
316.745 0.00  16
316.820 0.00  16
316.895 0.00  16
316.970 0.00  16
317.045 0.00  16
317.120 0.00  16
317.195 0.00  16
317.270 0.00  16
317.345 0.00  16
317.420 0.00  16
317.495 0.00  16
317.570 0.00  16
317.645 0.00  8
317.720 0.00  4
317.795 0.00  8
317.870 0.00  4
317.945 0.00  8
318.021 0.00  4
318.096 0.00  2
318.171 0.00  4
318.246 0.00  8
318.321 0.00  4
318.396 0.00  8
318.471 0.00  4
318.546 0.00  8
318.621 0.00  4
318.696 0.00  2
318.771 0.00  4
318.846 0.00  8
318.921 0.00  4
318.996 0.00  8
319.071 0.00  4
319.146 0.00  8
319.221 0.00  4
319.296 0.00  2
319.371 0.00  4
319.671 0.00  16
320.046 0.00  1
320.121 0.00  2
320.196 0.00  4
320.271 0.00  1
320.346 0.00  2
320.421 0.00  4
320.496 0.00  2
320.571 0.00  4
320.646 0.00  8
320.721 0.00  2
320.796 0.00  4
320.871 0.00  8
320.946 0.00  2
321.021 0.00  4
321.096 0.00  16
321.246 0.00  4
321.284 0.00  8
321.396 0.00  4
321.434 0.00  16
321.846 0.00  8
321.996 0.00  4
322.146 0.00  16
322.521 0.00  16
322.671 0.00  16
322.821 0.00  16
322.972 0.00  4
323.047 0.00  1
323.122 0.00  4
323.197 0.00  1
323.272 0.00  4
323.347 0.00  1
323.422 0.00  4
323.497 0.00  1
323.572 0.00  16
323.947 0.00  8
324.097 0.00  4
324.247 0.00  8
324.397 0.00  4
324.547 0.00  2
324.697 0.00  4
324.847 0.00  4
324.922 0.00  1
324.997 0.00  2
325.072 0.00  1
325.147 0.00  4
325.222 0.00  1
325.297 0.00  2
325.372 0.00  1
325.447 0.00  4
325.522 0.00  1
325.597 0.00  8
325.672 0.00  1
325.747 0.00  4
325.822 0.00  1
325.897 0.00  2
325.972 0.00  16
326.122 0.00  8
326.197 0.00  4
326.272 0.00  2
326.347 0.00  1
326.422 0.00  2
326.497 0.00  4
326.572 0.00  16
326.722 0.00  4
326.797 0.00  16
326.947 0.00  8
327.097 0.00  4
327.247 0.00  4
327.322 0.00  2
327.397 0.00  4
327.472 0.00  2
327.547 0.00  8
327.622 0.00  16
327.772 0.00  16
327.922 0.00  8
327.998 0.00  4
328.073 0.00  2
328.148 0.00  1
328.448 0.00  1
328.522 0.00  2
328.597 0.00  4
328.672 0.00  2
328.747 0.00  4
328.822 0.00  8
328.897 0.00  4
328.972 0.00  16
329.121 0.00  16
329.271 0.00  16
329.421 0.00  16
329.571 0.00  8
329.646 0.00  16
330.095 0.50  16
330.694 0.00  8
330.769 0.00  16
330.993 0.00  8
331.143 0.00  4
331.780 0.00  2
331.892 0.00  16
332.191 0.00  8
332.341 0.00  4
332.491 0.00  2
332.640 0.00  1
332.715 0.00  2
332.790 0.00  4
332.940 0.00  16
333.239 0.00  4
333.390 0.00  16
333.691 1.00  16
334.745 0.00  1
334.820 0.00  2
335.046 0.00  4
335.247 0.00  4
335.347 0.00  8
335.548 0.00  16
335.947 0.00  8
336.309 0.00  16
336.646 0.00  16
336.995 0.00  8
337.145 0.00  4
337.295 0.00  2
337.444 0.00  1
337.594 0.00  2
337.744 0.00  8
338.118 0.00  4
338.193 0.00  1
338.343 0.00  4
338.493 0.00  2
338.643 0.00  4
338.794 0.00  1
339.132 0.00  2
339.244 0.00  16
339.544 0.00  4
339.694 0.00  2
339.844 0.00  1
339.994 0.00  8
340.144 0.00  4
340.294 0.00  2
340.444 0.00  1
340.595 0.00  2
340.745 0.00  4
340.895 0.00  16
341.145 0.00  8
341.245 0.00  4
341.573 0.00  8
341.646 0.00  16
341.946 0.00  4
342.172 0.00  8
342.246 0.00  2
342.472 0.00  4
342.547 0.00  1
342.772 0.00  2
342.847 0.00  4
342.885 0.00  8
342.998 0.00  4
343.035 0.00  8
343.148 0.00  4
343.186 0.00  8
343.298 0.00  16
343.449 0.00  16
343.599 0.00  16
343.750 0.00  16
344.089 0.00  8
344.139 0.00  4
344.214 0.00  1
344.264 0.00  4
344.314 0.00  1
344.364 0.00  4
344.415 0.00  16
344.515 0.00  8
344.565 0.00  16
344.690 0.00  8
344.741 0.00  4
344.816 0.00  1
344.866 0.00  4
344.916 0.00  1
344.966 0.00  4
345.016 0.00  16
345.117 0.00  8
345.167 0.00  16
345.291 0.00  8
345.340 0.00  4
345.464 0.00  8
345.502 0.00  4
345.539 0.00  2
345.613 0.00  8
345.651 0.00  4
345.688 0.00  2
345.762 0.00  8
345.837 0.00  4
345.911 0.00  8
345.986 0.00  16
346.284 0.00  4
346.433 0.00  1
346.582 0.00  2
346.656 0.00  4
346.731 0.00  4
346.768 0.00  16
346.954 0.00  8
347.028 0.00  4
347.103 0.00  2
347.177 0.00  8
347.252 0.00  4
347.326 0.00  2
347.376 0.00  8
347.475 0.00  4
347.575 0.00  2
347.625 0.00  1
347.700 0.00  2
347.776 0.00  4
347.851 0.00  2
347.926 0.00  4
348.001 0.00  8
348.076 0.00  4
348.151 0.00  16
348.276 0.00  8
348.327 0.00  4
348.377 0.00  8
348.452 0.00  4
348.527 0.00  2
348.602 0.00  2
348.677 0.00  4
348.752 0.50  16
349.816 0.00  2
349.891 0.00  2
350.042 0.00  4
350.417 0.00  8
350.480 0.00  16
350.793 0.00  8
351.093 0.00  4
351.244 0.00  8
351.319 0.00  4
351.394 0.00  2
351.469 0.00  1
351.544 0.00  2
351.619 0.00  4
351.694 0.00  2
351.770 0.00  1
351.845 0.00  4
351.995 0.00  2
352.033 0.00  4
352.145 0.00  2
352.183 0.00  4
352.295 0.00  2
352.333 0.00  4
352.446 0.00  2
352.596 0.00  1
352.746 0.50  16
353.648 0.00  8
353.798 0.00  8
353.948 0.00  4
354.362 0.00  8
354.412 0.00  4
354.549 0.00  8
354.700 0.00  4
354.850 0.00  8
355.000 0.00  16
355.301 0.00  8
355.601 0.00  16
356.052 0.00  1
356.127 0.00  2
356.202 0.00  4
356.277 0.00  2
356.353 0.00  4
356.428 0.00  2
356.503 0.00  4
356.578 0.00  8
356.653 0.00  4
356.728 0.00  8
356.803 0.00  4
356.879 0.00  16
357.029 0.00  4
357.104 0.00  16
357.254 0.00  1
357.329 0.00  2
357.404 0.00  4
357.480 0.00  2
357.555 0.00  8
357.630 0.00  4
357.705 0.00  2
357.780 0.00  4
357.855 0.00  2
357.930 0.00  1
358.005 0.00  2
358.081 0.00  4
358.156 0.00  8
358.231 0.00  4
358.306 0.00  16
358.456 0.00  4
358.531 0.00  4
358.606 0.00  1
358.681 0.00  1
358.756 0.00  8
358.830 0.00  8
358.905 0.00  1
358.980 0.00  16
359.205 0.00  1
359.279 0.00  1
359.354 0.00  8
359.429 0.00  8
359.504 0.00  1
359.579 0.00  16
359.691 0.00  4
359.740 0.00  16
359.840 0.00  4
359.890 0.00  16
359.990 0.00  4
360.040 0.00  16
360.140 0.00  4
360.189 0.00  16
360.289 0.00  4
360.339 0.00  16
360.439 0.00  4
360.489 0.00  16
360.589 0.00  4
360.638 0.00  16
360.738 0.00  4
360.788 0.00  8
360.838 0.00  4
360.913 0.00  4
360.988 0.00  8
361.063 0.00  16
361.212 0.00  8
361.287 0.00  4
361.362 0.00  16
361.512 0.00  8
361.586 0.00  4
361.661 0.00  2
361.736 0.00  8
361.811 0.00  4
361.886 0.00  2
361.961 0.00  16
362.185 0.00  8
362.260 0.00  4
362.335 0.00  8
362.410 0.00  8
362.484 0.00  4
362.559 0.00  2
362.634 0.00  1
362.734 0.00  2
362.834 0.00  4
362.933 0.00  8
363.233 0.00  8
363.382 0.00  4
363.532 0.00  8
363.682 0.00  16
363.981 0.00  2
364.131 0.00  2
364.280 0.00  16
364.580 0.00  16
364.879 0.00  4
365.029 0.00  2
365.178 0.00  1
365.328 0.00  4
365.403 0.00  2
365.478 0.00  4
365.528 0.00  2
365.590 0.00  4
365.627 0.00  1
365.702 0.00  1
365.777 0.00  2
365.852 0.00  4
365.927 0.00  2
366.002 0.00  4
366.076 0.00  16
366.226 0.00  8
366.301 0.00  4
366.376 0.00  8
366.451 0.00  4
366.525 0.00  8
366.600 0.00  4
366.675 0.00  8
366.750 0.00  16
366.875 0.00  8
366.925 0.00  16
367.024 0.00  8
367.074 0.00  16
367.174 0.00  8
367.224 0.00  16
367.324 0.00  8
367.386 0.00  16
367.473 0.00  8
367.523 0.00  16
367.623 0.00  8
367.673 0.00  16
367.773 0.00  8
367.835 0.00  16
367.922 0.00  8
367.972 0.00  1
367.998 2.00  16
370.342 0.00  16
370.393 2.00  6
372.737 0.00  6
372.788 2.00  12
375.132 0.00  12
375.182 2.00  16
377.526 0.00  16
377.577 2.00  16
379.921 0.00  16
379.972 2.00  6
382.346 0.00  6
382.397 2.00  12
384.795 0.00  12
384.870 0.00  2
385.021 0.00  2
385.172 0.00  2
385.322 0.00  2
385.473 0.00  2
385.624 0.00  2
385.774 0.00  2
385.925 0.00  2
386.076 0.00  8
386.151 0.00  4
386.227 0.50  2
387.206 0.00  3
389.533 0.00  3
389.609 0.00  12
391.931 0.00  12
392.006 0.00  6
392.043 0.00  6
392.081 0.00  2
392.156 0.00  2
392.231 0.00  2
392.306 0.00  2
392.381 0.00  2
392.456 0.00  2
392.531 0.00  2
392.606 0.00  2
392.681 0.00  2
392.755 0.00  2
392.830 0.00  2
392.905 0.00  2
392.980 0.00  2
393.055 0.00  2
393.130 0.00  2
393.205 0.00  2
393.280 0.00  2
393.355 0.00  2
393.430 0.00  2
393.505 0.00  2
393.580 0.00  2
393.654 0.00  2
393.729 0.00  2
393.804 0.00  2
393.879 0.00  2
393.954 0.00  2
394.029 0.00  2
394.104 0.00  2
394.179 0.00  2
394.254 0.00  2
394.329 0.00  2
395.602 0.00  4
395.677 0.00  2
395.752 0.00  1
395.827 0.00  2
395.902 0.00  4
395.940 0.00  2
395.977 0.00  1
396.015 0.00  2
396.052 0.00  4
396.089 0.00  2
396.127 0.00  1
396.164 0.00  2
396.202 0.00  8
396.239 0.00  2
396.277 0.00  1
396.314 0.00  2
396.352 0.00  8
396.389 0.00  2
396.427 0.00  1
396.464 0.00  2
396.539 0.00  2
396.576 0.00  1
396.614 0.00  2
396.689 0.00  2
396.726 0.00  1
396.764 0.00  2
396.801 2.00  5
399.199 0.00  16
399.274 0.00  8
399.349 0.00  8
399.423 0.00  8
399.498 0.00  8
399.573 0.00  8
399.648 0.00  8
399.723 0.00  8
399.798 0.00  8
399.873 0.00  8
399.948 0.00  8
400.023 0.00  8
400.098 0.00  8
400.173 0.00  8
400.248 0.00  8
400.322 0.00  8
400.397 0.00  8
400.472 0.00  8
400.547 0.00  8
400.622 0.00  8
400.697 0.00  8
400.772 0.00  8
400.847 0.00  8
400.922 0.00  8
400.997 0.00  8
401.072 0.00  8
401.147 0.00  8
401.222 0.00  8
401.296 0.00  8
401.371 0.00  8
401.446 0.00  8
401.521 0.00  8
401.596 0.00  12
401.671 0.00  4
401.746 0.00  4
401.821 0.00  4
401.896 0.00  4
401.971 0.00  4
402.046 0.00  4
402.121 0.00  4
402.196 0.00  4
402.270 0.00  4
402.345 0.00  4
402.420 0.00  4
402.495 0.00  4
402.570 0.00  4
402.645 0.00  4
402.720 0.00  4
402.795 0.00  12
403.994 0.00  4
404.069 0.00  4
404.144 0.00  4
404.220 0.00  4
404.295 0.00  1
404.371 0.00  1
404.446 0.00  4
404.521 0.00  4
404.597 0.00  4
404.672 0.00  4
404.748 0.00  1
404.823 0.00  1
404.898 0.00  4
404.974 0.00  4
405.049 0.00  1
405.125 0.00  1
405.200 0.00  4
405.275 0.00  4
405.351 0.00  4
405.426 0.00  4
405.502 0.00  1
405.577 0.00  1
405.652 0.00  4
405.728 0.00  4
405.803 0.00  4
405.879 0.00  4
405.954 0.00  1
406.030 0.00  1
406.105 0.00  4
406.180 0.00  4
406.256 0.00  1
406.331 0.00  1
406.707 0.00  1
406.782 0.00  1
407.157 0.00  1
407.232 0.00  1
407.457 0.00  1
407.532 0.00  1
407.907 0.00  1
407.982 0.00  1
408.357 0.00  1
408.432 0.00  1
408.657 0.00  1
408.732 0.00  1
408.807 0.00  8
408.882 0.00  8
408.958 0.00  8
409.033 0.00  8
409.109 0.00  1
409.184 0.00  1
409.259 0.00  8
409.335 0.00  8
409.410 0.00  8
409.486 0.00  8
409.561 0.00  1
409.636 0.00  1
409.712 0.00  8
409.787 0.00  8
409.863 0.00  1
409.938 0.00  1
410.014 0.00  8
410.089 0.00  8
410.164 0.00  8
410.240 0.00  8
410.315 0.00  1
410.391 0.00  1
410.466 0.00  8
410.541 0.00  8
410.617 0.00  8
410.692 0.00  8
410.768 0.00  1
410.843 0.00  1
410.919 0.00  8
410.994 0.00  8
411.069 0.00  1
411.145 0.00  1
411.220 0.00  4
411.295 0.00  4
411.369 0.00  4
411.444 0.00  4
411.518 0.00  1
411.593 0.00  1
411.668 0.00  4
411.742 0.00  4
411.817 0.00  4
411.891 0.00  4
411.966 0.00  1
412.040 0.00  1
412.115 0.00  4
412.189 0.00  4
412.264 0.00  1
412.339 0.00  1
412.413 0.00  2
412.488 0.00  1
412.562 0.00  2
412.637 0.00  4
412.711 0.00  8
412.786 0.00  4
412.860 0.00  2
412.935 0.00  4
413.010 0.00  8
413.159 0.00  8
413.233 0.00  4
413.308 0.00  8
413.382 0.00  4
413.457 0.00  2
413.531 0.00  1
413.606 0.00  4
413.681 0.00  4
413.756 0.00  4
413.831 0.00  4
413.906 0.00  1
413.982 0.00  1
414.057 0.00  4
414.132 0.00  4
414.207 0.00  4
414.282 0.00  4
414.357 0.00  1
414.432 0.00  1
414.507 0.00  4
414.583 0.00  4
414.658 0.00  1
414.733 0.00  1
414.808 0.00  4
414.883 0.00  4
414.958 0.00  4
415.033 0.00  4
415.108 0.00  1
415.184 0.00  1
415.259 0.00  4
415.334 0.00  4
415.409 0.00  4
415.484 0.00  4
415.559 0.00  1
415.634 0.00  1
415.709 0.00  4
415.785 0.00  4
415.860 0.00  1
415.935 0.00  1
416.310 0.00  1
416.386 0.00  1
416.761 0.00  1
416.836 0.00  1
417.062 0.00  1
417.137 0.00  1
417.512 0.00  1
417.588 0.00  1
417.963 0.00  1
418.038 0.00  1
418.264 0.00  1
418.339 0.00  1
418.414 0.00  8
418.489 0.00  8
418.564 0.00  8
418.639 0.00  8
418.714 0.00  1
418.790 0.00  1
418.865 0.00  8
418.940 0.00  8
419.015 0.00  8
419.090 0.00  8
419.165 0.00  1
419.240 0.00  1
419.315 0.00  8
419.391 0.00  8
419.466 0.00  1
419.541 0.00  1
419.616 0.00  8
419.691 0.00  8
419.766 0.00  8
419.841 0.00  8
419.916 0.00  1
419.992 0.00  1
420.067 0.00  8
420.142 0.00  8
420.217 0.00  8
420.292 0.00  8
420.367 0.00  1
420.442 0.00  1
420.517 0.00  8
420.593 0.00  8
420.668 0.00  1
420.743 0.00  1
423.222 0.00  4
423.372 0.00  8
423.522 0.00  8
423.673 0.00  4
423.823 0.00  8
423.973 0.00  8
424.123 0.00  4
424.274 0.00  8
424.424 0.00  8
424.574 0.00  4
424.724 0.00  4
424.875 0.00  8
425.025 0.00  8
425.175 0.00  4
425.325 0.00  2
425.476 0.00  1
425.626 0.00  1
425.776 0.00  2
425.926 0.00  2
426.077 0.00  1
426.227 0.00  2
426.377 0.00  2
426.527 0.00  1
426.678 0.00  2
426.828 0.00  2
426.978 0.00  1
427.128 0.00  1
427.279 0.00  2
427.429 0.00  4
427.579 0.00  2
427.729 0.00  1
427.880 0.00  1
428.030 0.00  2
428.067 0.00  4
428.180 0.00  2
428.218 0.00  4
428.330 0.00  2
428.368 0.00  4
428.481 0.00  8
428.781 0.00  8
429.082 0.00  2
429.119 0.00  4
429.382 0.00  2
429.420 0.00  4
429.683 0.00  2
429.720 0.00  4
429.833 0.00  2
429.870 0.00  4
429.983 0.00  8
430.133 0.00  8
430.509 0.00  2
430.584 0.00  8
430.659 0.00  2
430.809 0.00  2
430.884 0.00  8
430.960 0.00  2
431.110 0.00  2
431.185 0.00  8
431.260 0.00  2
431.410 0.00  2
431.485 0.00  8
431.561 0.00  2
431.711 0.00  2
431.786 0.00  8
431.861 0.00  2
432.011 0.00  2
432.086 0.00  8
432.162 0.00  2
432.312 0.00  2
432.387 0.00  8
432.462 0.00  2
432.612 0.00  2
432.687 0.00  8
432.763 0.00  2
432.913 0.00  2
432.988 0.00  8
433.063 0.00  2
433.213 0.00  2
433.288 0.00  8
433.364 0.00  2
433.514 0.00  2
433.589 0.00  8
433.664 0.00  2
433.814 0.00  2
433.889 0.00  8
433.965 0.00  2
434.115 0.00  2
434.190 0.00  8
434.265 0.00  2
434.415 0.00  2
434.490 0.00  8
434.566 0.00  2
434.716 0.00  2
434.791 0.00  8
434.866 0.00  2
435.016 0.00  2
435.091 0.00  8
435.167 0.00  2
435.392 0.00  8
435.542 0.00  4
435.692 0.00  2
435.843 0.00  8
435.993 0.00  4
436.143 0.00  2
436.293 0.00  1
436.444 0.00  8
437.683 0.00  8
437.721 0.00  4
437.758 0.00  8
437.796 0.00  4
437.833 0.00  2
437.871 0.00  1
437.909 0.00  1
437.946 0.00  1
438.046 0.00  2
438.146 0.00  4
438.247 0.00  1
438.447 0.00  4
438.647 0.00  8
438.848 0.00  8