5.906 0.00  1
6.601 1.50  4
8.415 0.00  4
8.836 0.00  4
9.260 0.00  4
9.678 0.00  4
10.096 0.00  2
10.933 0.00  4
11.766 0.00  2
12.598 0.00  1
13.431 0.00  2
14.264 0.00  4
15.097 0.00  2
15.931 0.00  1
16.348 0.00  4
16.765 0.00  2
17.597 0.00  4
18.430 0.00  2
19.264 0.00  1
20.097 0.00  2
20.515 0.00  2
20.933 0.00  2
21.762 0.00  1
22.176 0.00  1
22.591 0.00  1
23.431 0.00  1
24.267 0.00  2
25.102 0.00  2
25.948 0.00  1
26.363 0.00  4
26.787 0.00  1
27.619 0.00  2
28.465 0.00  2
29.303 0.00  1
29.719 0.00  4
43.570 0.00  4
44.403 0.00  4
44.820 0.00  4
45.237 0.00  4
46.073 0.00  4
46.485 0.00  4
46.904 0.00  2
47.737 0.00  2
48.151 0.00  2
48.571 0.00  1
49.404 0.00  1
49.813 0.00  1
50.239 0.00  4
51.073 0.00  4
51.486 0.00  4
51.903 0.00  4
52.740 0.00  4
53.152 0.00  4
53.570 0.00  2
54.403 0.00  2
54.820 0.00  2
55.237 0.00  1
56.903 0.00  2
57.737 0.00  4
58.568 0.00  2
59.403 0.00  1
60.238 0.00  2
61.071 0.00  4
61.904 0.00  2
62.737 0.00  1
63.153 0.00  4
63.570 0.00  2
64.403 0.00  4
65.236 0.00  2
66.068 0.00  1
66.903 0.00  2
67.320 0.00  2
67.736 0.00  2
68.569 0.00  1
68.986 0.00  1
69.403 0.00  1
70.237 0.00  2
71.069 0.00  4
71.487 0.00  2
71.904 0.00  2
72.739 0.00  4
73.154 0.00  2
73.570 0.00  1
74.406 0.00  4
74.818 0.00  2
75.235 0.00  1
76.069 0.00  4
76.486 0.00  1
76.903 0.00  2
77.737 0.00  4
78.152 0.00  2
78.570 0.00  2
79.406 0.00  4
79.818 0.00  4
80.237 0.00  1
81.072 0.00  4
81.485 0.00  2
81.901 0.00  1
82.319 0.00  1
82.737 0.00  1
90.283 2.50  2
92.800 0.50  4
93.640 1.50  2
95.318 1.50  1
96.990 0.00  4
97.830 0.00  4
98.247 0.00  4
98.663 0.00  4
99.497 0.00  4
99.913 0.00  4
100.330 0.00  2
101.166 0.00  2
101.579 0.00  2
101.997 0.00  1
102.833 0.00  1
103.247 0.00  1
103.665 0.00  4
104.495 0.00  4
104.912 0.00  4
105.329 0.00  4
106.163 0.00  4
106.581 0.00  4
106.994 0.00  2
107.840 0.00  2
108.264 0.00  1
108.688 0.00  1
110.330 0.00  2
111.164 0.00  4
111.997 0.00  2
112.831 0.00  1
113.663 0.00  2
114.497 0.00  4
115.330 0.00  2
116.164 0.00  1
116.580 0.00  4
116.997 0.00  2
117.830 0.00  4
118.663 0.00  2
119.497 0.00  1
120.331 0.00  2
120.748 0.00  2
121.165 0.00  2
121.999 0.00  1
122.416 0.00  1
122.833 0.00  1
123.663 0.00  1
124.620 0.00  4
125.098 0.00  1
125.576 0.00  2
126.552 0.00  4
127.040 0.00  4
127.527 0.00  1
128.468 0.00  4
128.938 0.00  1
129.408 0.00  2
130.383 0.00  4
130.859 0.00  4
131.343 0.00  1
132.302 0.00  4
132.782 0.00  1
133.262 0.00  2
134.222 0.00  4
134.702 0.00  4
135.182 0.00  2
135.661 0.00  2
137.343 0.00  1
138.303 0.00  1
139.023 0.00  1
139.983 0.00  4
140.463 0.00  1
140.943 0.00  2
141.904 0.00  4
142.384 0.00  4
142.864 0.00  1
143.824 0.00  4
144.304 0.00  1
144.784 0.00  2
145.743 0.00  4
146.223 0.00  4
146.702 0.00  1
147.662 0.00  4
148.143 0.00  1
148.623 0.00  2
149.583 0.00  4
150.063 0.00  4
150.543 0.00  2
151.023 0.00  2
152.703 0.00  1
153.663 0.00  1
154.384 0.00  1
155.344 0.00  4
155.824 0.00  1
156.304 0.00  2
157.264 0.00  4
157.744 0.00  4
158.224 0.00  1
159.184 0.00  4
159.664 0.00  1
160.144 0.00  2
161.104 0.00  4
161.584 0.00  4
162.064 0.00  1
163.024 0.00  4
163.504 0.00  1
163.984 0.00  2
164.943 0.00  4
165.424 0.00  4
165.904 0.00  2
166.384 0.00  2
167.824 0.00  1
168.657 0.00  1
169.074 0.00  2
169.490 0.00  1
170.323 0.00  2
170.739 0.00  2
171.157 0.00  2
171.990 0.00  4
172.823 0.00  2
173.657 0.00  1
174.490 0.00  2
175.324 0.00  4
176.156 0.00  1
176.573 0.00  1
176.990 0.00  4
177.407 0.00  4
177.824 0.00  2
178.659 0.00  4
179.491 0.00  2
180.324 0.00  1
181.157 0.00  2
181.993 0.00  4
182.824 0.00  2
183.656 0.00  1
184.074 0.00  4
184.490 0.00  2
185.323 0.00  4
186.157 0.00  2
186.991 0.00  1
187.824 0.00  2
188.240 0.00  2
188.657 0.00  2
189.490 0.00  1
189.907 0.00  1
190.323 0.00  2
190.740 0.00  1
191.157 0.00  1
191.991 0.00  2
192.824 0.00  4
193.658 0.00  1
194.075 0.00  2
194.492 0.00  1
195.325 0.00  2
196.159 0.00  4
196.992 0.00  2
197.824 0.00  1
198.657 0.00  2
199.490 0.00  4
200.324 0.00  1
200.734 0.00  2
201.144 1.00  4
202.812 1.00  1
204.500 0.00  6
204.925 0.00  6
204.978 0.00  8
204.978 0.00  8

999 0 0