5.906 0.00  1
6.322 0.00  2
6.601 1.50  4
8.415 0.00  4
8.836 0.00  4
9.260 0.00  4
9.678 0.00  4
10.096 0.00  4
10.514 0.00  4
10.933 0.00  8
11.345 0.00  8
11.766 0.00  4
12.180 0.00  4
12.598 0.00  2
13.015 0.00  2
13.431 0.00  4
13.847 0.00  4
14.264 0.00  8
14.680 0.00  8
15.097 0.00  4
15.514 0.00  4
15.931 0.00  2
16.348 0.00  8
16.765 0.00  4
17.181 0.00  4
17.597 0.00  8
18.013 0.00  8
18.430 0.00  4
18.847 0.00  4
19.264 0.00  2
19.681 0.00  2
20.097 0.00  3
20.515 0.00  3
20.933 0.00  3
21.348 0.00  3
21.762 0.00  1
22.176 0.00  1
22.453 0.00  1
22.591 0.00  1
23.431 0.00  2
23.849 0.00  4
24.267 0.00  4
24.686 0.00  8
25.102 0.00  4
25.524 0.00  4
25.948 0.00  1
26.363 0.00  8
26.787 0.00  2
27.199 0.00  4
27.619 0.00  4
28.039 0.00  8
28.465 0.00  4
28.881 0.00  4
29.303 0.00  1
29.719 0.00  8
43.570 0.00  4
43.987 0.00  4
44.403 0.00  4
44.820 0.00  4
45.098 0.00  4
45.237 0.00  4
45.653 0.00  4
46.073 0.00  4
46.485 0.00  4
46.764 0.00  4
46.904 0.00  2
47.320 0.00  2
47.737 0.00  2
48.151 0.00  2
48.431 0.00  1
48.571 0.00  1
48.986 0.00  1
49.404 0.00  1
49.813 0.00  1
50.097 0.00  1
50.239 0.00  4
50.653 0.00  4
51.073 0.00  4
51.486 0.00  4
51.764 0.00  4
51.903 0.00  4
52.320 0.00  4
52.740 0.00  4
53.152 0.00  4
53.431 0.00  4
53.570 0.00  2
53.987 0.00  2
54.403 0.00  2
54.820 0.00  2
55.098 0.00  2
55.237 0.00  1
56.903 0.00  4
57.320 0.00  4
57.737 0.00  8
58.154 0.00  8
58.568 0.00  4
58.982 0.00  4
59.403 0.00  2
59.821 0.00  2
60.238 0.00  4
60.654 0.00  4
61.071 0.00  8
61.487 0.00  8
61.904 0.00  4
62.320 0.00  4
62.737 0.00  2
63.153 0.00  8
63.570 0.00  4
63.986 0.00  4
64.403 0.00  8
64.820 0.00  8
65.236 0.00  4
65.653 0.00  4
66.068 0.00  2
66.484 0.00  2
66.903 0.00  3
67.320 0.00  3
67.736 0.00  3
68.152 0.00  3
68.569 0.00  1
68.986 0.00  1
69.264 0.00  1
69.403 0.00  1
70.237 0.00  4
70.645 0.00  4
71.069 0.00  8
71.487 0.00  4
71.904 0.00  4
72.318 0.00  4
72.739 0.00  8
73.154 0.00  4
73.570 0.00  2
73.985 0.00  2
74.406 0.00  4
74.818 0.00  2
75.235 0.00  1
75.654 0.00  1
76.069 0.00  8
76.486 0.00  1
76.903 0.00  4
77.320 0.00  4
77.737 0.00  8
78.152 0.00  4
78.570 0.00  4
78.985 0.00  4
79.406 0.00  8
79.818 0.00  8
80.237 0.00  2
80.652 0.00  2
81.072 0.00  4
81.485 0.00  2
81.901 0.00  1
82.319 0.00  1
82.598 0.00  1
82.737 0.00  1
90.283 2.50  4
92.800 0.50  8
93.640 1.50  2
95.318 1.50  1
96.990 0.00  4
97.410 0.00  4
97.830 0.00  4
98.247 0.00  4
98.524 0.00  4
98.663 0.00  4
99.080 0.00  4
99.497 0.00  4
99.913 0.00  4
100.191 0.00  4
100.330 0.00  2
100.748 0.00  2
101.166 0.00  2
101.579 0.00  2
101.858 0.00  1
101.997 0.00  1
102.413 0.00  1
102.833 0.00  1
103.247 0.00  1
103.525 0.00  1
103.665 0.00  4
104.080 0.00  4
104.495 0.00  4
104.912 0.00  4
105.190 0.00  4
105.329 0.00  4
105.746 0.00  4
106.163 0.00  4
106.581 0.00  4
106.856 0.00  4
106.994 0.00  2
107.417 0.00  2
107.840 0.00  2
108.264 0.00  1
108.547 0.00  1
108.688 0.00  1
110.330 0.00  4
110.747 0.00  4
111.164 0.00  8
111.580 0.00  8
111.997 0.00  4
112.414 0.00  4
112.831 0.00  2
113.247 0.00  2
113.663 0.00  4
114.079 0.00  4
114.497 0.00  8
114.914 0.00  8
115.330 0.00  4
115.747 0.00  4
116.164 0.00  2
116.580 0.00  8
116.997 0.00  4
117.413 0.00  4
117.830 0.00  8
118.247 0.00  8
118.663 0.00  4
119.080 0.00  4
119.497 0.00  2
119.914 0.00  2
120.331 0.00  3
120.748 0.00  3
121.165 0.00  3
121.582 0.00  3
121.999 0.00  1
122.416 0.00  1
122.694 0.00  1
122.833 0.00  1
123.663 0.00  2
124.141 0.00  2
124.620 0.00  8
125.098 0.00  2
125.576 0.00  4
126.064 0.00  2
126.552 0.00  12
127.040 0.00  12
127.284 0.00  1
127.527 0.00  2
127.998 0.00  2
128.468 0.00  8
128.938 0.00  2
129.408 0.00  4
129.896 0.00  2
130.139 0.00  1
130.383 0.00  12
130.859 0.00  12
131.343 0.00  2
131.823 0.00  2
132.302 0.00  8
132.782 0.00  2
133.262 0.00  4
133.743 0.00  2
133.983 0.00  1
134.222 0.00  12
134.702 0.00  12
134.942 0.00  1
135.182 0.00  6
135.661 0.00  6
137.343 0.00  2
137.823 0.00  2
138.303 0.00  2
138.783 0.00  2
139.023 0.00  2
139.503 0.00  2
139.983 0.00  8
140.463 0.00  2
140.943 0.00  4
141.423 0.00  2
141.663 0.00  1
141.904 0.00  12
142.384 0.00  12
142.864 0.00  2
143.344 0.00  2
143.824 0.00  8
144.304 0.00  2
144.784 0.00  4
145.263 0.00  2
145.503 0.00  1
145.743 0.00  12
146.223 0.00  12
146.702 0.00  2
147.182 0.00  2
147.662 0.00  8
148.143 0.00  2
148.623 0.00  4
149.103 0.00  2
149.343 0.00  1
149.583 0.00  12
150.063 0.00  12
150.303 0.00  1
150.543 0.00  6
151.023 0.00  6
152.703 0.00  6
153.183 0.00  6
153.663 0.00  6
154.143 0.00  6
154.384 0.00  2
154.864 0.00  2
155.344 0.00  8
155.824 0.00  2
156.304 0.00  4
156.784 0.00  2
157.024 0.00  1
157.264 0.00  12
157.744 0.00  12
158.224 0.00  2
158.704 0.00  2
159.184 0.00  8
159.664 0.00  2
160.144 0.00  4
160.624 0.00  2
160.864 0.00  1
161.104 0.00  12
161.584 0.00  12
162.064 0.00  2
162.544 0.00  2
163.024 0.00  8
163.504 0.00  2
163.984 0.00  4
164.463 0.00  2
164.703 0.00  1
164.943 0.00  12
165.424 0.00  12
165.664 0.00  1
165.904 0.00  6
166.384 0.00  6
167.824 0.00  1
168.241 0.00  1
168.657 0.00  1
169.074 0.00  2
169.490 0.00  1
169.907 0.00  1
170.323 0.00  2
170.739 0.00  2
171.157 0.00  4
171.574 0.00  4
171.990 0.00  8
172.407 0.00  8
172.823 0.00  4
173.240 0.00  4
173.657 0.00  2
174.074 0.00  2
174.490 0.00  4
174.907 0.00  4
175.324 0.00  8
175.740 0.00  8
176.156 0.00  6
176.573 0.00  6
176.990 0.00  8
177.407 0.00  8
177.824 0.00  4
178.240 0.00  4
178.659 0.00  8
179.074 0.00  8
179.491 0.00  4
179.907 0.00  4
180.324 0.00  2
180.741 0.00  2
181.157 0.00  4
181.575 0.00  4
181.993 0.00  8
182.407 0.00  8
182.824 0.00  4
183.241 0.00  4
183.656 0.00  2
184.074 0.00  8
184.490 0.00  4
184.906 0.00  4
185.323 0.00  8
185.741 0.00  8
186.157 0.00  4
186.574 0.00  4
186.991 0.00  2
187.407 0.00  2
187.824 0.00  3
188.240 0.00  3
188.657 0.00  3
189.074 0.00  3
189.490 0.00  1
189.907 0.00  1
190.323 0.00  3
190.740 0.00  1
191.157 0.00  2
191.574 0.00  2
191.991 0.00  4
192.407 0.00  4
192.824 0.00  8
193.241 0.00  8
193.658 0.00  1
194.075 0.00  1
194.492 0.00  2
194.909 0.00  2
195.325 0.00  4
195.742 0.00  4
196.159 0.00  8
196.576 0.00  8
196.992 0.00  4
197.408 0.00  4
197.824 0.00  2
198.240 0.00  2
198.657 0.00  4
199.074 0.00  4
199.490 0.00  8
199.907 0.00  8
200.324 0.00  1
200.734 0.00  2
201.144 1.00  4
202.812 1.00  1
204.500 0.00  6
204.925 0.00  6
204.978 0.00  8
204.978 0.00  8

999 0 0