5.906 0.00  3
6.322 0.00  5
6.601 1.50  9
8.415 0.00  9
8.555 0.00  9
8.696 0.00  9
8.836 0.00  9
8.977 0.00  9
9.119 0.00  9
9.260 0.00  9
9.399 0.00  9
9.539 0.00  9
9.678 0.00  9
9.818 0.00  9
9.957 0.00  9
10.096 0.00  12
10.514 0.00  12
10.793 0.00  12
10.933 0.00  12
11.345 0.00  12
11.345 0.00  12
11.625 0.00  12
11.626 0.00  12
11.678 0.00  12
11.766 0.00  6
12.180 0.00  6
12.180 0.00  6
12.458 0.00  6
12.459 0.00  6
12.511 0.00  6
12.598 0.00  10
12.876 0.00  10
13.015 0.00  10
13.431 0.00  12
13.847 0.00  12
14.125 0.00  12
14.264 0.00  12
14.680 0.00  12
14.680 0.00  12
14.958 0.00  12
14.958 0.00  12
15.010 0.00  12
15.097 0.00  6
15.514 0.00  6
15.514 0.00  6
15.792 0.00  6
15.792 0.00  6
15.844 0.00  6
15.931 0.00  10
0.016 16.50  10
17.181 0.00  12
17.458 0.00  12
17.510 0.00  12
17.597 0.00  16
18.013 0.00  16
18.013 0.00  16
18.291 0.00  16
18.291 0.00  16
18.343 0.00  16
18.430 0.00  16
18.847 0.00  16
18.847 0.00  16
19.124 0.00  16
19.125 0.00  16
19.177 0.00  16
19.541 0.00  10
19.594 0.00  10
20.028 0.00  10
20.149 0.00  9
20.428 0.00  9
20.567 0.00  9
20.846 0.00  9
21.209 0.00  9
21.260 0.00  9
21.710 0.00  9
21.813 0.00  3
21.951 0.00  3
22.089 0.00  3
22.227 0.00  3
22.365 0.00  3
22.504 0.00  3
22.642 0.50  3
23.483 0.00  2
23.761 0.00  2
23.901 0.00  8
24.180 0.00  2
24.319 0.50  16
25.015 0.00  2
25.154 0.00  8
25.435 0.00  2
25.577 0.00  8
25.860 0.00  2
25.999 0.00  1
26.276 0.50  16
26.838 0.00  2
27.113 0.00  2
27.251 0.00  8
27.531 0.00  2
27.671 0.50  16
28.376 0.00  2
28.516 0.00  8
28.793 0.00  2
28.933 0.00  8
29.214 0.00  2
29.355 0.00  1
29.632 13.50  16
43.986 0.00  12
44.039 0.00  12
44.316 0.00  12
44.455 0.00  12
44.733 0.00  12
44.872 0.00  12
45.150 0.00  12
45.652 0.00  12
45.705 0.00  12
45.985 0.00  12
46.124 0.00  12
46.399 0.00  12
46.537 0.00  12
46.816 0.00  12
47.319 0.00  10
47.372 0.00  10
47.650 0.00  10
47.788 0.00  10
48.064 0.00  10
48.203 0.00  10
48.483 0.00  3
48.986 0.00  3
49.038 0.00  3
49.317 0.00  3
49.455 0.00  3
49.727 0.00  3
49.866 0.00  3
50.150 0.00  3
50.653 0.00  12
50.705 0.00  12
50.985 0.00  12
51.124 0.00  12
51.399 0.00  12
51.538 0.00  12
51.816 0.00  12
52.319 0.00  12
52.372 0.00  12
52.652 0.00  12
52.791 0.00  12
53.065 0.00  12
53.204 0.00  12
53.483 0.00  12
53.986 0.00  10
54.039 0.00  10
54.316 0.00  10
54.820 0.00  10
54.872 0.00  10
55.150 0.00  10
55.289 1.50  3
57.319 0.00  12
57.597 0.00  12
57.650 0.00  12
57.737 0.00  16
58.154 0.00  16
58.154 0.00  16
58.430 0.00  16
58.430 0.00  16
58.481 0.00  16
58.568 0.00  16
58.982 0.00  16
58.982 0.00  16
59.262 0.00  16
59.263 0.00  16
59.315 0.00  16
59.681 0.00  10
59.733 0.00  10
60.168 0.00  10
60.654 0.00  12
60.931 0.00  12
60.984 0.00  12
61.071 0.00  16
61.487 0.00  16
61.487 0.00  16
61.764 0.00  16
61.765 0.00  16
61.817 0.00  16
61.904 0.00  16
62.320 0.00  16
62.320 0.00  16
62.597 0.00  16
62.598 0.00  16
62.650 0.00  16
62.789 0.00  10
63.570 0.00  12
63.986 0.00  12
64.264 0.00  12
64.403 0.00  12
64.819 0.00  12
64.820 0.00  12
65.097 0.00  12
65.097 0.00  12
65.149 0.00  12
65.236 0.00  6
65.652 0.00  6
65.653 0.00  6
65.929 0.00  6
65.930 0.00  6
65.981 0.00  6
66.068 0.00  10
66.345 0.00  10
66.484 0.00  10
66.903 0.00  9
67.181 0.00  9
67.320 0.00  9
67.597 0.00  9
67.736 0.00  9
68.013 0.00  9
68.152 0.00  9
68.569 0.00  3
68.621 0.00  3
68.708 0.00  3
68.760 0.00  3
68.847 0.00  3
68.899 0.00  3
68.986 0.00  3
69.038 0.00  3
69.125 0.00  3
69.177 0.00  3
69.264 0.00  3
69.316 0.00  3
69.403 0.00  3
69.455 0.00  3
70.237 0.00  4
70.373 0.00  4
70.509 0.00  4
70.645 0.00  4
70.787 0.00  4
70.928 0.00  4
71.069 0.00  8
71.208 0.00  4
71.347 0.00  4
71.487 0.00  4
71.626 0.00  4
71.765 0.00  4
71.904 0.00  4
72.042 0.00  4
72.180 0.00  4
72.318 0.00  4
72.459 0.00  4
72.599 0.00  4
72.877 0.00  4
73.016 0.00  4
73.154 0.00  4
73.292 0.00  4
73.431 0.00  4
73.570 0.00  2
73.708 0.00  2
73.847 0.00  2
73.985 0.00  2
74.125 0.00  2
74.266 0.00  2
74.406 0.00  4
74.544 0.00  2
74.681 0.00  2
74.818 0.00  2
74.957 0.00  2
75.096 0.00  2
75.235 0.00  1
75.374 0.00  1
75.514 0.00  1
75.654 0.00  1
75.792 0.00  1
75.931 0.00  1
76.069 0.00  8
76.208 0.00  1
76.347 0.00  1
76.486 0.00  1
76.625 0.00  1
76.764 0.00  1
76.903 0.00  4
77.042 0.00  4
77.181 0.00  4
77.320 0.00  4
77.459 0.00  4
77.598 0.00  4
77.737 0.00  8
77.875 0.00  4
78.013 0.00  4
78.152 0.00  4
78.291 0.00  4
78.431 0.00  4
78.570 0.00  4
78.709 0.00  4
78.847 0.00  4
78.985 0.00  4
79.125 0.00  4
79.266 0.00  4
79.406 0.00  8
79.543 0.00  4
79.681 0.00  4
79.818 0.00  8
80.237 0.00  2
80.375 0.00  2
80.513 0.00  2
80.652 0.00  2
80.792 0.00  2
80.932 0.00  2
81.072 0.00  4
81.210 0.00  2
81.348 0.00  2
81.485 0.00  2
81.624 0.00  2
81.763 0.00  1
81.901 0.00  3
82.041 0.00  3
82.180 0.00  3
82.319 0.00  3
82.458 0.00  3
82.598 0.00  3
82.737 0.00  3
90.283 2.50  12
0.016 93.50  12
95.317 0.00  6
96.990 0.00  3
97.409 0.00  12
97.462 0.00  12
97.742 0.00  12
97.882 0.00  12
98.160 0.00  12
98.299 0.00  12
98.576 0.00  12
99.079 0.00  12
99.132 0.00  12
99.410 0.00  12
99.549 0.00  12
99.826 0.00  12
99.965 0.00  12
100.243 0.00  12
100.748 0.00  10
100.800 0.00  10
101.079 0.00  10
101.217 0.00  10
101.492 0.00  10
101.631 0.00  10
101.910 0.00  3
102.413 0.00  3
102.465 0.00  3
102.745 0.00  3
102.884 0.00  3
103.160 0.00  3
103.299 0.00  3
103.577 0.00  3
104.080 0.00  12
104.131 0.00  12
104.408 0.00  12
104.547 0.00  12
104.825 0.00  12
104.964 0.00  12
105.242 0.00  12
105.746 0.00  12
105.798 0.00  12
106.076 0.00  12
106.215 0.00  12
106.494 0.00  12
106.632 0.00  12
106.907 0.00  12
107.417 0.00  10
107.469 0.00  10
107.751 0.00  10
108.263 0.00  10
108.316 0.00  3
108.599 0.00  3
108.739 1.50  3
110.746 0.00  12
111.024 0.00  12
111.077 0.00  12
111.164 0.00  16
111.580 0.00  16
111.580 0.00  16
111.857 0.00  16
111.858 0.00  16
111.910 0.00  16
111.997 0.00  16
112.413 0.00  16
112.414 0.00  16
112.691 0.00  16
112.692 0.00  16
112.744 0.00  16
113.108 0.00  10
113.160 0.00  10
113.593 0.00  10
114.079 0.00  12
114.357 0.00  12
114.410 0.00  12
114.497 0.00  16
114.914 0.00  16
114.914 0.00  16
115.191 0.00  16
115.191 0.00  16
115.243 0.00  16
115.330 0.00  16
115.746 0.00  16
115.747 0.00  16
116.024 0.00  16
116.025 0.00  16
116.077 0.00  16
116.216 0.00  10
116.997 0.00  12
117.413 0.00  12
117.691 0.00  12
117.830 0.00  12
118.246 0.00  12
118.247 0.00  12
118.524 0.00  12
118.525 0.00  12
118.577 0.00  12
118.663 0.00  6
119.079 0.00  6
119.080 0.00  6
119.357 0.00  6
119.358 0.00  6
119.410 0.00  6
119.497 0.00  10
119.775 0.00  10
119.914 0.00  10
120.331 0.00  9
120.609 0.00  9
120.748 0.00  9
121.026 0.00  9
121.165 0.00  9
121.443 0.00  9
121.582 0.00  9
121.999 0.00  3
122.051 0.00  3
122.138 0.00  3
122.190 0.00  3
122.277 0.00  3
122.329 0.00  3
122.416 0.00  3
122.468 0.00  3
122.555 0.00  3
122.607 0.00  3
122.694 0.00  3
122.746 0.00  3
122.833 0.00  3
122.884 0.00  3
123.663 0.00  2
123.902 0.00  4
124.141 0.00  2
124.381 0.00  2
124.859 0.00  4
125.098 0.00  2
125.337 0.00  2
125.576 0.00  8
125.820 0.00  4
126.064 0.00  2
126.308 0.00  1
126.552 0.00  16
126.796 0.00  16
127.040 0.00  16
127.284 0.00  1
127.527 0.00  2
127.763 0.00  4
127.998 0.00  2
128.233 0.00  2
128.703 0.00  4
128.938 0.00  2
129.173 0.00  2
129.408 0.00  8
129.652 0.00  4
129.896 0.00  2
130.139 0.00  1
130.383 0.00  16
130.859 0.00  16
131.343 0.00  2
131.583 0.00  4
131.823 0.00  2
132.062 0.00  2
132.542 0.00  4
132.782 0.00  2
133.022 0.00  2
133.262 0.00  8
133.503 0.00  4
133.743 0.00  2
133.983 0.00  1
134.222 0.00  16
134.462 0.00  16
134.702 0.00  16
134.942 0.00  1
135.182 0.00  6
135.241 0.00  6
135.661 0.00  6
135.721 0.00  6
137.343 0.00  2
137.583 0.00  2
137.823 0.00  2
138.063 0.00  2
138.303 0.00  2
138.544 0.00  2
138.783 0.00  2
139.023 0.00  2
139.263 0.00  4
139.503 0.00  2
139.743 0.00  2
140.223 0.00  4
140.463 0.00  2
140.703 0.00  2
140.943 0.00  8
141.183 0.00  4
141.423 0.00  2
141.663 0.00  1
141.904 0.00  16
142.144 0.00  16
142.384 0.00  16
142.624 0.00  2
142.864 0.00  2
143.104 0.00  4
143.344 0.00  2
143.584 0.00  2
144.064 0.00  4
144.304 0.00  2
144.544 0.00  2
144.784 0.00  8
145.023 0.00  4
145.263 0.00  2
145.503 0.00  1
145.743 0.00  16
146.223 0.00  16
146.702 0.00  2
146.942 0.00  4
147.182 0.00  2
147.422 0.00  2
147.903 0.00  4
148.143 0.00  2
148.383 0.00  2
148.623 0.00  8
148.863 0.00  4
149.103 0.00  2
149.343 0.00  1
149.583 0.00  16
149.823 0.00  16
150.063 0.00  16
150.303 0.00  1
150.543 0.00  6
150.602 0.00  6
151.023 0.00  6
151.082 0.00  6
152.703 0.00  6
152.943 0.00  6
153.183 0.00  6
153.423 0.00  6
153.663 0.00  6
153.902 0.00  6
154.143 0.00  6
154.384 0.00  2
154.624 0.00  4
154.864 0.00  2
155.104 0.00  2
155.584 0.00  4
155.824 0.00  2
156.064 0.00  2
156.304 0.00  8
156.544 0.00  4
156.784 0.00  3
157.024 0.00  1
157.264 0.00  16
157.504 0.00  16
157.744 0.00  16
157.984 0.00  1
158.224 0.00  2
158.464 0.00  4
158.704 0.00  2
158.944 0.00  2
159.424 0.00  2
159.664 0.00  2
159.904 0.00  2
160.144 0.00  8
160.384 0.00  4
160.624 0.00  3
160.864 0.00  1
161.104 0.00  16
161.584 0.00  16
162.064 0.00  2
162.304 0.00  2
162.544 0.00  2
162.784 0.00  2
163.264 0.00  4
163.504 0.00  2
163.744 0.00  2
163.984 0.00  8
164.224 0.00  4
164.463 0.00  2
164.703 0.00  1
164.943 0.00  16
165.183 0.00  16
165.424 0.00  16
165.664 0.00  3
165.904 0.00  6
165.964 0.00  6
166.384 0.00  6
166.444 0.00  6
167.824 0.00  3
168.241 0.00  3
168.518 0.00  3
168.657 0.00  3
168.935 0.00  3
168.987 0.00  3
169.074 0.00  3
169.126 0.00  3
169.351 0.00  3
169.490 0.00  5
169.629 0.00  5
169.768 0.00  5
169.907 0.00  5
170.046 0.00  5
170.184 0.00  5
170.323 0.00  9
170.462 0.00  9
170.601 0.00  9
170.739 0.00  9
170.878 0.00  9
171.018 0.00  9
171.157 0.00  12
171.574 0.00  12
171.851 0.00  12
171.990 0.00  12
172.406 0.00  12
172.407 0.00  12
172.684 0.00  12
172.685 0.00  12
172.737 0.00  12
172.823 0.00  6
173.239 0.00  6
173.240 0.00  6
173.517 0.00  6
173.518 0.00  6
173.570 0.00  6
173.657 0.00  10
173.935 0.00  10
174.074 0.00  10
174.490 0.00  12
174.907 0.00  12
175.185 0.00  12
175.324 0.00  12
175.740 0.00  12
175.740 0.00  12
176.016 0.00  12
176.017 0.00  12
176.068 0.00  12
176.156 0.00  3
176.208 0.00  3
176.295 0.00  3
176.347 0.00  3
176.434 0.00  3
176.486 0.00  3
176.573 0.00  3
176.625 0.00  3
176.712 0.00  3
176.764 0.00  3
176.851 0.00  3
176.903 0.00  3
0.016 177.50  6
178.240 0.00  12
178.519 0.00  12
178.572 0.00  12
178.659 0.00  16
179.073 0.00  16
179.074 0.00  16
179.351 0.00  16
179.352 0.00  16
179.404 0.00  16
179.491 0.00  16
179.907 0.00  16
179.907 0.00  16
180.184 0.00  16
180.185 0.00  16
180.237 0.00  16
180.601 0.00  10
180.654 0.00  10
181.088 0.00  10
181.574 0.00  12
181.853 0.00  12
181.905 0.00  12
181.993 0.00  16
182.407 0.00  16
182.407 0.00  16
182.684 0.00  16
182.685 0.00  16
182.737 0.00  16
182.824 0.00  16
183.240 0.00  16
183.241 0.00  16
183.518 0.00  16
183.518 0.00  16
183.569 0.00  16
183.708 0.00  10
184.490 0.00  12
184.906 0.00  12
185.184 0.00  12
185.323 0.00  12
185.740 0.00  12
185.741 0.00  12
186.018 0.00  12
186.018 0.00  12
186.070 0.00  12
186.157 0.00  6
186.573 0.00  6
186.574 0.00  6
186.851 0.00  6
186.852 0.00  6
186.904 0.00  6
186.991 0.00  10
187.268 0.00  10
187.407 0.00  10
187.824 0.00  9
188.102 0.00  9
188.240 0.00  9
188.518 0.00  9
188.657 0.00  9
188.935 0.00  9
189.074 0.00  9
189.352 0.00  3
189.490 0.00  3
189.629 0.00  3
189.768 0.00  3
189.907 0.00  3
190.046 0.00  3
190.184 0.00  3
190.323 0.00  3
190.375 0.00  3
190.462 0.00  3
190.514 0.00  3
190.601 0.00  3
190.653 0.00  3
190.740 0.00  3
190.879 0.00  3
191.018 0.00  3
191.157 0.00  4
191.296 0.00  4
191.435 0.00  4
191.574 0.00  4
191.713 0.00  4
191.852 0.00  4
191.991 0.00  8
192.129 0.00  8
192.268 0.00  8
192.407 0.00  8
192.546 0.00  8
192.685 0.00  8
193.658 0.00  1
193.797 0.00  1
193.936 0.00  1
194.075 0.00  2
194.214 0.00  2
194.353 0.00  2
194.492 0.00  4
194.631 0.00  4
194.770 0.00  4
194.909 0.00  4
195.048 0.00  4
195.186 0.00  4
195.325 0.00  8
195.464 0.00  8
195.603 0.00  8
195.742 0.00  8
195.881 0.00  8
196.020 0.00  8
196.992 0.00  8
197.131 0.00  8
197.270 0.00  8
197.408 0.00  8
197.547 0.00  8
197.686 0.00  8
197.824 0.00  4
197.963 0.00  4
198.102 0.00  4
198.240 0.00  4
198.379 0.00  4
198.518 0.00  4
198.657 0.00  8
198.796 0.00  8
198.935 0.00  8
199.074 0.00  8
199.213 0.00  8
199.352 0.00  8
200.324 0.00  1
200.461 0.00  1
200.597 0.00  1
200.734 0.00  2
200.871 0.00  2
201.008 0.00  2
201.144 1.50  4
202.812 1.50  1
204.500 0.00  12
204.553 0.00  12
204.925 0.00  12
204.978 0.00  12
204.978 0.00  16

999 0 0