1.447 0.00  1
1.929 0.00  2
2.251 0.00  2
2.572 0.00  4
3.033 0.00  4
3.495 0.00  4
3.954 0.00  4
4.411 0.00  4
4.715 0.00  1
5.020 0.00  2
5.324 0.00  2
5.629 0.00  4
6.075 0.00  4
6.521 0.00  4
6.969 0.00  4
7.419 0.00  4
7.719 0.00  1
8.019 0.00  2
8.319 0.00  2
8.619 0.00  4
9.085 0.00  4
9.551 0.00  4
10.009 0.00  4
10.451 0.00  4
10.746 0.00  1
11.041 0.00  2
11.336 0.00  1
11.631 0.00  2
12.084 0.00  2
12.537 0.00  2
12.996 0.00  2
13.467 0.00  2
13.781 0.00  1
14.095 0.00  2
14.409 0.00  2
14.722 0.00  4
15.185 0.00  4
15.646 0.00  4
16.102 0.00  4
16.545 0.00  4
16.840 0.00  1
17.134 0.00  2
17.429 0.00  2
17.724 0.00  4
18.167 0.00  4
18.609 0.00  4
19.052 0.00  4
19.495 0.00  4
19.791 0.00  1
20.086 0.00  2
20.382 0.00  2
20.677 0.00  4
21.150 0.00  4
21.623 0.00  4
22.091 0.00  4
22.546 0.00  4
22.849 0.00  1
23.152 0.00  2
23.456 0.00  1
23.759 0.00  2
24.221 0.00  2
24.684 0.00  2
25.149 0.00  2
25.621 0.00  2
25.935 0.00  1
26.249 0.00  2
26.564 0.00  2
26.878 0.00  4
27.324 0.00  4
27.770 0.00  4
28.223 0.00  4
28.694 0.00  4
29.008 0.00  1
29.322 0.00  2
29.636 0.00  2
29.950 0.00  4
30.406 0.00  4
30.861 0.00  4
31.316 0.00  4
31.771 0.00  4
32.074 0.00  1
32.378 0.00  2
32.681 0.00  2
32.985 0.00  4
33.440 0.00  4
33.896 0.00  4
34.352 0.00  4
34.808 0.00  4
35.112 0.00  1
35.417 0.00  2
35.721 0.00  1
36.025 0.00  2
36.482 0.00  2
36.938 0.00  2
37.395 0.00  2
37.853 0.00  2
38.158 0.00  1
38.463 0.00  2
38.768 0.00  2
39.073 0.00  4
39.533 0.00  4
39.993 0.00  4
40.453 0.00  4
40.910 0.00  4
41.215 0.00  1
41.519 0.00  2
41.824 0.00  2
42.129 0.00  4
42.588 0.00  4
43.048 0.00  4
43.507 0.00  4
43.965 0.00  4
44.271 0.00  1
44.577 0.00  2
44.883 0.00  2
45.188 0.00  4
45.648 0.00  4
46.107 0.00  4
46.566 0.00  4
47.022 0.00  4
47.325 0.00  1
47.629 0.00  2
47.933 0.00  1
48.237 0.00  2
48.697 0.00  2
49.158 0.00  2
49.617 0.00  2
50.068 0.00  2
50.370 0.00  1
50.671 0.00  2
50.972 0.00  2
51.273 0.00  4
51.726 0.00  4
52.179 0.00  4
52.633 0.00  4
53.091 0.00  4
53.395 0.00  6
53.700 0.00  6
54.153 2.50  6
56.798 0.00  6
57.087 0.00  6
57.720 2.00  6
60.240 0.00  3
60.510 0.00  3
61.109 2.00  3
63.624 0.00  6
63.888 0.00  6
64.472 2.50  6
67.307 0.00  6
67.761 0.00  6
68.220 0.00  6
68.678 0.00  6
69.135 0.00  6
69.440 0.00  6
69.745 0.00  6
70.209 0.00  6
70.675 0.00  6
71.133 0.00  6
71.590 0.00  6
71.895 0.00  6
72.200 0.00  6
72.658 0.00  6
73.117 0.00  6
73.573 0.00  6
74.029 0.00  6
74.333 0.00  6
74.637 0.00  4
74.941 0.00  4
75.245 0.00  2
75.549 0.00  1
75.853 0.00  6
76.157 0.00  6
76.461 0.00  6
76.762 0.00  6
77.061 0.00  6
77.512 0.00  6
77.964 0.00  6
78.416 0.00  6
78.868 0.00  6
79.169 0.00  6
79.470 0.00  6
79.933 0.00  6
80.382 0.00  6
80.832 0.00  6
81.281 0.00  6
81.580 0.00  6
81.880 0.00  6
82.333 0.00  6
82.787 0.00  6
83.241 0.00  6
83.692 0.00  6
83.993 0.00  6
84.294 0.00  4
84.610 0.00  4
84.915 0.00  2
85.216 0.00  1
85.517 0.00  6
85.817 0.00  6
86.118 0.00  6
86.569 1.00  6
87.765 1.00  3
88.955 1.00  6
90.145 1.00  4
91.330 1.00  6
92.510 1.00  3
93.695 1.00  6
95.029 0.00  6
95.475 0.00  6
95.929 0.00  6
96.387 0.00  6
96.845 0.00  6
97.151 0.00  6
97.457 0.00  6
97.913 0.00  6
98.369 0.00  6
98.824 0.00  6
99.280 0.00  6
99.584 0.00  6
99.888 0.00  6
100.343 0.00  6
100.799 0.00  6
101.255 0.00  6
101.710 0.00  6
102.014 0.00  6
102.318 0.00  6
102.771 0.00  6
103.224 0.00  6
103.677 0.00  6
104.130 0.00  6
104.431 0.00  6
104.733 0.00  4
105.035 0.00  4
105.337 0.00  2
105.638 0.00  1
105.940 0.00  6
106.242 0.00  6
106.544 0.00  6
106.845 0.00  6
107.147 0.00  6
107.599 0.00  6
108.050 0.00  6
108.501 0.00  6
108.952 0.00  6
109.253 0.00  6
109.554 0.00  6
110.005 0.00  6
110.456 0.00  6
110.908 0.00  6
111.359 0.00  6
111.660 0.00  6
111.961 0.00  6
112.413 0.00  6
112.866 0.00  6
113.319 0.00  6
113.770 0.00  6
114.070 0.00  6
114.369 0.00  4
114.668 0.00  4
114.967 0.00  2
115.266 0.00  1
115.566 0.00  6
115.865 0.00  6
116.164 0.00  6
116.613 1.00  6
117.791 1.00  3
118.955 1.00  6
120.118 1.00  4
121.281 1.00  6
122.447 1.00  3
123.614 1.00  6
124.928 0.00  1
125.369 0.00  2
125.664 0.00  1
126.107 0.00  1
126.550 0.00  4
126.851 0.00  1
127.302 0.00  2
127.754 0.00  4
128.055 0.00  2
128.506 0.00  4
128.800 0.00  4
129.235 0.00  2
129.670 0.00  1
130.114 0.00  2
130.412 0.00  1
130.860 0.00  1
131.307 0.00  4
131.606 0.00  1
132.053 0.00  2
132.501 0.00  4
132.799 0.00  2
133.246 0.00  4
133.545 0.00  4
133.992 0.00  2
134.440 0.00  1
134.886 0.00  2
135.184 0.00  1
135.630 0.00  1
136.076 0.00  4
136.373 0.00  1
136.819 0.00  2
137.265 0.00  4
137.562 0.00  2
138.009 0.00  4
138.307 0.00  4
138.756 0.00  2
139.205 0.00  1
139.650 0.00  2
139.946 0.00  1
140.390 0.00  1
140.834 0.00  4
141.129 0.00  1
141.575 0.00  2
142.023 0.00  4
142.319 0.00  2
142.762 0.00  4
143.058 0.00  4
143.501 0.00  2
143.870 0.00  4
144.385 0.00  1
144.970 0.50  4
145.859 0.00  2
146.151 0.00  1
146.444 0.00  2
146.882 0.00  1
147.247 0.00  2
147.468 0.50  1
148.199 0.00  2
148.637 0.00  1
148.929 0.00  1
149.220 0.00  2
149.512 0.00  2
149.804 0.00  1
150.096 0.00  1
150.388 0.00  2
150.679 1.00  4
152.156 1.00  4
153.329 0.00  4
153.621 0.00  4
153.914 0.00  2
154.207 0.00  2
154.499 0.00  1
154.792 0.00  1
155.084 0.00  2
155.377 0.00  2
155.672 0.00  1
155.967 0.00  1
156.262 0.00  2
156.557 0.00  2
156.852 0.50  1
157.734 0.00  1
158.027 0.00  2
158.320 0.00  2
158.614 0.00  4
158.907 0.00  4
159.127 0.50  2
160.081 1.00  2
161.254 0.00  1
161.472 0.50  4
162.128 0.00  4
162.863 0.00  4
163.012 0.00  4
163.309 0.00  2
163.606 0.00  1
163.904 0.00  4
164.201 0.00  2
164.498 0.00  6
164.947 0.00  3
165.247 0.00  4
165.397 0.00  4
165.697 0.00  2
165.997 0.00  1
166.297 0.00  4
166.597 0.00  2
166.897 0.00  6
167.340 1.00  3
168.517 1.00  3
169.695 1.00  6
170.862 0.50  2
171.440 0.50  4
172.163 0.00  4
172.597 0.00  4
173.031 0.00  4
173.465 0.00  4
173.899 0.00  4
174.116 0.00  4
174.333 0.00  2
175.052 0.00  4
175.475 0.50  4
176.461 0.00  4
177.024 0.00  4
177.308 0.00  4
177.594 0.00  2
177.880 0.00  4
178.165 0.00  4
178.451 0.00  2
178.736 0.00  4
179.022 0.00  2
179.308 0.50  4
180.022 0.50  1
181.021 0.00  2
181.307 0.00  2
182.019 0.00  2
182.445 0.00  2
182.870 0.00  2
183.178 0.00  2
183.746 0.00  2
184.030 0.00  2
184.597 0.00  2
185.071 0.00  4
185.709 0.00  4
186.135 0.00  4
186.420 0.00  2
186.706 0.00  4
186.992 0.00  4
187.278 0.00  2
187.564 0.50  4
188.279 0.50  4
189.136 0.00  4
189.565 0.00  4
189.708 0.00  2
190.280 0.50  6
191.422 0.50  3
192.563 0.50  6
193.705 0.00  2
194.276 0.00  4
194.846 0.50  6
195.985 0.50  3
197.122 0.50  6
198.258 0.00  2
198.826 0.50  4
199.537 0.00  6
199.987 0.00  6
200.445 0.00  6
200.903 0.00  6
201.361 0.00  6
201.666 0.00  6
201.971 0.00  6
202.421 0.00  6
202.868 0.00  6
203.316 0.00  6
203.763 0.00  6
204.061 0.00  6
204.360 0.00  6
204.806 0.00  6
205.253 0.00  6
205.700 0.00  6
206.146 0.00  6
206.444 0.00  6
206.742 0.00  4
207.038 0.00  4
207.332 0.00  2
207.627 0.00  1
207.921 0.00  6
208.216 0.00  6
208.510 0.00  6
208.805 0.00  6
209.099 0.00  6
209.549 0.00  6
210.000 0.00  6
210.451 0.00  6
210.902 0.00  6
211.203 0.00  6
211.504 0.00  6
211.955 0.00  6
212.406 0.00  6
212.857 0.00  6
213.308 0.00  6
213.609 0.00  6
213.910 0.00  6
214.358 0.00  6
214.805 0.00  6
215.252 0.00  6
215.699 0.00  6
215.997 0.00  6
216.295 0.00  4
216.593 0.00  4
216.891 0.00  2
217.189 0.00  1
217.487 0.00  6
217.785 0.00  6
218.083 0.00  6
218.530 1.00  6
219.710 1.00  3
220.879 1.00  6
222.045 1.00  4
223.211 1.00  6
224.373 1.00  3
225.530 0.50  6
226.543 0.00  1
226.832 0.00  2
227.130 0.00  2
227.431 0.00  4
227.884 0.00  4
228.338 0.00  4
228.791 0.00  4
229.245 0.00  4
229.547 0.00  1
229.849 0.00  2
230.151 0.00  2
230.453 0.00  4
230.891 0.00  4
231.333 0.00  4
231.793 0.00  4
232.232 0.00  4
232.535 0.00  1
232.837 0.00  2
233.140 0.00  2
233.442 0.00  4
233.885 0.00  4
234.325 0.00  4
234.768 0.00  4
235.220 0.00  4
235.520 0.00  1
235.821 0.00  2
236.121 0.00  1
236.421 0.00  2
236.869 0.00  2
237.316 0.00  2
237.763 0.00  2
238.213 0.00  2
238.512 0.00  1
238.812 0.00  2
239.112 0.00  2
239.412 0.00  4
239.867 0.00  4
240.308 0.00  4
240.753 0.00  4
241.217 0.00  4
241.520 0.00  1
241.823 0.00  2
242.126 0.00  2
242.429 0.00  4
242.865 0.00  4
243.298 0.00  4
243.734 0.00  4
244.184 0.00  4
244.484 0.00  1
244.783 0.00  2
245.083 0.00  2
245.383 0.00  4
245.830 0.00  4
246.277 0.00  4
246.719 0.00  4
247.174 0.00  4
247.476 0.00  1
247.775 0.00  2
248.074 0.00  1
248.373 0.00  2
248.826 0.00  2
249.280 0.00  2
249.734 0.00  2
250.188 0.00  2
250.490 0.00  1
250.792 0.00  2
251.095 0.00  1
251.397 0.00  4
251.850 0.00  4
252.303 0.00  4
252.755 0.00  4
253.359 0.00  6
253.660 0.00  6
254.256 2.00  6
256.697 0.00  6
256.988 0.00  6
257.585 2.00  6
259.988 0.00  3
260.270 0.00  3
260.853 2.00  3
263.311 0.00  6
263.601 0.00  6
264.191 0.00  6
264.658 0.50  6
265.394 0.00  8
265.394 0.00  8

999 0 0