1.447 0.00  1
1.929 0.00  2
2.090 0.00  1
2.251 0.00  4
2.572 0.00  8
3.033 0.00  8
3.495 0.00  8
3.954 0.00  8
4.411 0.00  8
4.715 0.00  1
5.020 0.00  2
5.172 0.00  1
5.324 0.00  4
5.629 0.00  8
6.075 0.00  8
6.521 0.00  8
6.969 0.00  8
7.419 0.00  8
7.719 0.00  1
8.019 0.00  2
8.169 0.00  1
8.319 0.00  4
8.619 0.00  8
9.085 0.00  8
9.551 0.00  8
10.009 0.00  8
10.451 0.00  8
10.746 0.00  1
11.041 0.00  2
11.188 0.00  1
11.336 0.00  2
11.631 0.00  4
12.084 0.00  4
12.537 0.00  4
12.996 0.00  4
13.467 0.00  4
13.781 0.00  1
14.095 0.00  2
14.252 0.00  1
14.409 0.00  4
14.722 0.00  8
15.185 0.00  8
15.646 0.00  8
16.102 0.00  8
16.545 0.00  8
16.840 0.00  1
17.134 0.00  2
17.282 0.00  1
17.429 0.00  4
17.724 0.00  8
18.167 0.00  8
18.609 0.00  8
19.052 0.00  8
19.495 0.00  8
19.791 0.00  1
20.086 0.00  2
20.234 0.00  1
20.382 0.00  4
20.677 0.00  8
21.150 0.00  8
21.623 0.00  8
22.091 0.00  8
22.546 0.00  8
22.849 0.00  1
23.152 0.00  2
23.304 0.00  1
23.456 0.00  2
23.759 0.00  4
24.221 0.00  4
24.684 0.00  4
25.149 0.00  4
25.621 0.00  4
25.935 0.00  1
26.249 0.00  2
26.406 0.00  1
26.564 0.00  4
26.878 0.00  8
27.324 0.00  8
27.770 0.00  8
28.223 0.00  8
28.694 0.00  8
29.008 0.00  1
29.322 0.00  2
29.479 0.00  1
29.636 0.00  4
29.950 0.00  8
30.406 0.00  8
30.861 0.00  8
31.316 0.00  8
31.771 0.00  8
32.074 0.00  1
32.378 0.00  2
32.530 0.00  1
32.681 0.00  4
32.985 0.00  8
33.440 0.00  8
33.896 0.00  8
34.352 0.00  8
34.808 0.00  8
35.112 0.00  1
35.417 0.00  2
35.569 0.00  1
35.721 0.00  2
36.025 0.00  4
36.482 0.00  4
36.938 0.00  4
37.395 0.00  4
37.853 0.00  4
38.158 0.00  1
38.463 0.00  2
38.615 0.00  1
38.768 0.00  4
39.073 0.00  8
39.533 0.00  8
39.993 0.00  8
40.453 0.00  8
40.910 0.00  8
41.215 0.00  1
41.519 0.00  2
41.672 0.00  1
41.824 0.00  4
42.129 0.00  8
42.588 0.00  8
43.048 0.00  8
43.507 0.00  8
43.965 0.00  8
44.271 0.00  1
44.577 0.00  2
44.730 0.00  1
44.883 0.00  4
45.188 0.00  8
45.648 0.00  8
46.107 0.00  8
46.566 0.00  8
47.022 0.00  8
47.325 0.00  1
47.629 0.00  2
47.781 0.00  1
47.933 0.00  2
48.237 0.00  4
48.697 0.00  4
49.158 0.00  4
49.617 0.00  4
50.068 0.00  4
50.370 0.00  1
50.671 0.00  2
50.821 0.00  1
50.972 0.00  4
51.273 0.00  8
51.726 0.00  8
52.179 0.00  8
52.633 0.00  8
53.091 0.00  8
53.395 0.00  10
53.700 0.00  10
54.153 2.50  10
56.798 0.00  10
57.087 0.00  10
57.720 2.00  10
60.240 0.00  5
60.510 0.00  5
61.109 2.00  5
63.624 0.00  10
63.888 0.00  10
64.472 2.50  10
67.307 0.00  10
67.761 0.00  10
68.220 0.00  10
68.678 0.00  10
69.135 0.00  10
69.440 0.00  10
69.745 0.00  10
70.209 0.00  10
70.675 0.00  10
71.133 0.00  10
71.590 0.00  10
71.895 0.00  10
72.200 0.00  10
72.658 0.00  10
73.117 0.00  10
73.573 0.00  10
74.029 0.00  10
74.333 0.00  10
74.637 0.00  8
74.941 0.00  8
75.245 0.00  4
75.549 0.00  2
75.853 0.00  10
76.157 0.00  10
76.461 0.00  10
76.762 0.00  10
77.061 0.00  10
77.512 0.00  10
77.964 0.00  10
78.416 0.00  10
78.868 0.00  10
79.169 0.00  10
79.470 0.00  10
79.933 0.00  10
80.382 0.00  10
80.832 0.00  10
81.281 0.00  10
81.580 0.00  10
81.880 0.00  10
82.333 0.00  10
82.787 0.00  10
83.241 0.00  10
83.692 0.00  10
83.993 0.00  10
84.294 0.00  8
84.610 0.00  8
84.915 0.00  4
85.216 0.00  2
85.517 0.00  10
85.817 0.00  10
86.118 0.00  10
86.569 1.00  10
87.765 1.00  5
88.955 1.00  10
90.145 1.00  12
91.330 1.00  10
92.510 1.00  5
93.695 1.00  10
95.029 0.00  10
95.475 0.00  10
95.929 0.00  10
96.387 0.00  10
96.845 0.00  10
97.151 0.00  10
97.457 0.00  10
97.913 0.00  10
98.369 0.00  10
98.824 0.00  10
99.280 0.00  10
99.584 0.00  10
99.888 0.00  10
100.343 0.00  10
100.799 0.00  10
101.255 0.00  10
101.710 0.00  10
102.014 0.00  10
102.318 0.00  10
102.771 0.00  10
103.224 0.00  10
103.677 0.00  10
104.130 0.00  10
104.431 0.00  10
104.733 0.00  8
105.035 0.00  8
105.337 0.00  4
105.638 0.00  2
105.940 0.00  10
106.242 0.00  10
106.544 0.00  10
106.845 0.00  10
107.147 0.00  10
107.599 0.00  10
108.050 0.00  10
108.501 0.00  10
108.952 0.00  10
109.253 0.00  10
109.554 0.00  10
110.005 0.00  10
110.456 0.00  10
110.908 0.00  10
111.359 0.00  10
111.660 0.00  10
111.961 0.00  10
112.413 0.00  10
112.866 0.00  10
113.319 0.00  10
113.770 0.00  10
114.070 0.00  10
114.369 0.00  8
114.668 0.00  8
114.967 0.00  4
115.266 0.00  2
115.566 0.00  10
115.865 0.00  10
116.164 0.00  10
116.613 1.00  10
117.791 1.00  5
118.955 1.00  10
120.118 1.00  12
121.281 1.00  10
122.447 1.00  5
123.614 1.00  10
124.928 0.00  1
125.222 0.00  1
125.369 0.00  3
125.664 0.00  1
126.107 0.00  2
126.402 0.00  2
126.550 0.00  6
126.851 0.00  2
127.302 0.00  4
127.603 0.00  4
127.754 0.00  12
128.055 0.00  4
128.506 0.00  8
128.800 0.00  8
128.945 0.00  8
129.235 0.00  12
129.670 0.00  1
129.965 0.00  1
130.114 0.00  3
130.412 0.00  1
130.860 0.00  2
131.158 0.00  2
131.307 0.00  6
131.606 0.00  2
132.053 0.00  4
132.352 0.00  4
132.501 0.00  12
132.799 0.00  4
133.246 0.00  8
133.545 0.00  8
133.694 0.00  8
133.992 0.00  12
134.440 0.00  1
134.737 0.00  1
134.886 0.00  3
135.109 0.00  1
135.630 0.00  2
135.927 0.00  2
136.076 0.00  6
136.299 0.00  2
136.819 0.00  4
137.116 0.00  4
137.265 0.00  12
137.562 0.00  4
138.009 0.00  8
138.307 0.00  8
138.457 0.00  8
138.756 0.00  12
139.205 0.00  1
139.503 0.00  1
139.650 0.00  3
139.872 0.00  1
140.390 0.00  2
140.686 0.00  2
140.834 0.00  6
141.055 0.00  2
141.575 0.00  4
141.874 0.00  4
142.023 0.00  12
142.245 0.00  4
142.762 0.00  8
143.058 0.00  8
143.205 0.00  8
143.501 0.00  12
143.870 0.00  4
143.944 0.00  8
144.166 0.00  4
144.385 0.00  2
144.970 0.00  8
145.421 0.00  8
145.859 0.00  4
146.151 0.00  4
146.297 0.00  8
146.444 0.00  2
146.736 0.00  2
146.882 0.00  4
147.028 0.00  2
147.247 0.00  1
147.468 0.50  1
148.199 0.00  2
148.491 0.00  2
148.637 0.00  4
148.783 0.00  2
148.929 0.00  4
149.147 0.00  4
149.293 0.00  8
149.439 0.00  4
149.585 0.00  8
149.731 0.00  2
149.877 0.00  4
150.023 0.00  2
150.169 0.00  4
150.315 0.00  2
150.461 0.00  8
150.679 0.50  4
151.418 0.50  4
152.156 1.00  8
153.329 0.00  4
153.475 0.00  8
153.621 0.00  4
153.768 0.00  8
153.914 0.00  2
154.060 0.00  4
154.207 0.00  2
154.353 0.00  4
154.499 0.00  1
154.645 0.00  2
154.792 0.00  1
154.938 0.00  2
155.084 0.00  2
155.231 0.00  4
155.377 0.00  2
155.524 0.00  4
155.672 0.00  1
155.819 0.00  2
155.967 0.00  1
156.262 0.00  2
156.409 0.00  1
156.557 0.00  2
156.852 0.50  1
157.734 0.00  1
157.880 0.00  2
158.027 0.00  4
158.174 0.00  2
158.320 0.00  4
158.467 0.00  2
158.614 0.00  2
158.761 0.00  4
158.907 0.00  2
159.127 0.50  8
160.081 1.00  4
161.180 0.00  2
161.472 0.50  8
162.128 0.00  8
162.863 0.00  4
163.012 0.00  8
163.309 0.00  4
163.606 0.00  2
163.904 0.00  4
164.201 0.00  2
164.498 0.00  6
164.947 0.00  3
165.247 0.00  4
165.397 0.00  8
165.697 0.00  8
165.997 0.00  2
166.297 0.00  4
166.597 0.00  1
166.897 0.00  6
167.340 1.00  3
168.517 1.00  3
169.695 1.00  6
170.862 0.50  12
171.440 0.50  8
172.163 0.00  8
172.597 0.00  8
173.031 0.00  8
173.465 0.00  8
173.899 0.00  8
174.116 0.00  4
174.333 0.00  6
174.768 0.00  8
175.052 0.00  4
175.193 0.00  2
175.475 0.50  4
176.461 0.00  4
177.024 0.00  4
177.166 0.00  4
177.308 0.00  8
177.523 0.00  4
177.737 0.00  2
177.880 0.00  8
178.165 0.00  4
178.451 0.00  2
178.736 0.00  4
179.022 0.00  2
179.308 0.50  4
180.022 0.50  1
181.021 0.00  2
181.307 0.00  2
181.450 0.00  8
181.592 0.00  2
181.877 0.00  8
182.019 0.00  2
182.303 0.00  8
182.445 0.00  2
182.729 0.00  8
183.083 0.00  8
183.367 0.00  8
183.651 0.00  8
183.935 0.00  8
184.219 0.00  8
184.503 0.00  8
184.787 0.00  8
184.905 0.00  2
185.071 0.00  4
185.709 0.00  4
186.135 0.00  8
186.277 0.00  4
186.420 0.00  2
186.706 0.00  8
186.992 0.00  8
187.135 0.00  4
187.278 0.00  2
187.564 0.50  4
188.279 0.50  8
189.136 0.00  8
189.565 0.00  4
189.708 0.00  2
190.280 0.00  12
190.708 0.00  12
190.994 0.00  12
191.422 0.00  3
191.850 0.00  3
192.135 0.00  3
192.563 0.00  6
192.992 0.00  6
193.277 0.00  6
193.705 0.00  12
194.276 0.00  8
194.846 0.00  12
195.275 0.00  12
195.559 0.00  12
195.985 0.00  3
196.411 0.00  3
196.695 0.00  3
197.122 0.00  6
197.548 0.00  6
197.832 0.00  6
198.258 0.00  12
198.826 0.50  8
199.537 0.00  10
199.987 0.00  10
200.445 0.00  10
200.903 0.00  10
201.361 0.00  10
201.666 0.00  10
201.971 0.00  10
202.421 0.00  10
202.868 0.00  10
203.316 0.00  10
203.763 0.00  10
204.061 0.00  10
204.360 0.00  10
204.806 0.00  10
205.253 0.00  10
205.700 0.00  10
206.146 0.00  10
206.444 0.00  10
206.742 0.00  8
207.038 0.00  8
207.332 0.00  4
207.627 0.00  2
207.921 0.00  10
208.216 0.00  10
208.510 0.00  10
208.805 0.00  10
209.099 0.00  10
209.549 0.00  10
210.000 0.00  10
210.451 0.00  10
210.902 0.00  10
211.203 0.00  10
211.504 0.00  10
211.955 0.00  10
212.406 0.00  10
212.857 0.00  10
213.308 0.00  10
213.609 0.00  10
213.910 0.00  10
214.358 0.00  10
214.805 0.00  10
215.252 0.00  10
215.699 0.00  10
215.997 0.00  10
216.295 0.00  8
216.593 0.00  8
216.891 0.00  4
217.189 0.00  2
217.487 0.00  10
217.785 0.00  10
218.083 0.00  10
218.530 1.00  10
219.710 1.00  5
220.879 1.00  10
222.045 1.00  12
223.211 1.00  10
224.373 1.00  5
225.530 0.50  10
226.543 0.00  1
226.832 0.00  2
226.980 0.00  1
227.130 0.00  4
227.431 0.00  8
227.884 0.00  8
228.338 0.00  8
228.791 0.00  8
229.245 0.00  8
229.547 0.00  1
229.849 0.00  2
230.000 0.00  1
230.151 0.00  4
230.453 0.00  8
230.891 0.00  8
231.333 0.00  8
231.793 0.00  8
232.232 0.00  8
232.535 0.00  1
232.837 0.00  2
232.988 0.00  1
233.140 0.00  4
233.442 0.00  8
233.885 0.00  8
234.325 0.00  8
234.768 0.00  8
235.220 0.00  8
235.520 0.00  1
235.821 0.00  2
235.971 0.00  1
236.121 0.00  2
236.421 0.00  4
236.869 0.00  4
237.316 0.00  4
237.763 0.00  4
238.213 0.00  4
238.512 0.00  1
238.812 0.00  2
238.962 0.00  1
239.112 0.00  4
239.412 0.00  8
239.867 0.00  8
240.308 0.00  8
240.753 0.00  8
241.217 0.00  8
241.520 0.00  1
241.823 0.00  2
241.974 0.00  1
242.126 0.00  4
242.429 0.00  8
242.865 0.00  8
243.298 0.00  8
243.734 0.00  8
244.184 0.00  8
244.484 0.00  1
244.783 0.00  2
244.933 0.00  1
245.083 0.00  4
245.383 0.00  8
245.830 0.00  8
246.277 0.00  8
246.719 0.00  8
247.174 0.00  8
247.476 0.00  1
247.775 0.00  2
247.924 0.00  1
248.074 0.00  2
248.373 0.00  4
248.826 0.00  4
249.280 0.00  4
249.734 0.00  4
250.188 0.00  4
250.490 0.00  1
250.792 0.00  2
250.944 0.00  1
251.095 0.00  4
251.397 0.00  8
251.850 0.00  8
252.303 0.00  8
252.755 0.00  8
253.208 0.00  8
253.359 0.00  10
253.660 0.00  10
254.256 2.00  10
256.697 0.00  10
256.988 0.00  10
257.585 2.00  10
259.988 0.00  5
260.270 0.00  5
260.853 2.00  5
263.311 0.00  10
263.601 0.00  10
264.191 0.00  10
264.486 0.00  5
264.658 0.50  10
265.394 0.00  16
265.394 0.00  16

999 0 0