1.447 0.00  2
1.607 0.00  2
1.768 0.00  2
1.929 0.00  4
2.090 0.00  2
2.251 0.00  8
2.411 0.00  2
2.726 0.00  2
2.880 0.00  2
3.187 0.00  2
3.341 0.00  2
3.648 0.00  2
3.802 0.00  2
4.107 0.00  2
4.259 0.00  2
4.563 0.00  2
4.715 0.00  2
4.868 0.00  2
5.020 0.00  4
5.172 0.00  2
5.324 0.00  8
5.476 0.00  2
5.777 0.00  2
5.926 0.00  2
6.224 0.00  2
6.372 0.00  2
6.670 0.00  2
6.819 0.00  2
7.119 0.00  2
7.269 0.00  2
7.569 0.00  2
7.719 0.00  2
7.869 0.00  2
8.019 0.00  4
8.169 0.00  2
8.319 0.00  8
8.469 0.00  2
8.774 0.00  2
8.930 0.00  2
9.240 0.00  2
9.395 0.00  2
9.706 0.00  2
9.861 0.00  2
10.156 0.00  2
10.304 0.00  2
10.599 0.00  1
10.746 0.00  1
10.894 0.00  1
11.041 0.00  2
11.188 0.00  1
11.336 0.00  4
11.483 0.00  1
11.631 0.00  8
11.782 0.00  1
11.933 0.00  1
12.084 0.00  8
12.235 0.00  1
12.386 0.00  1
12.537 0.00  8
12.688 0.00  1
12.839 0.00  1
12.996 0.00  8
13.153 0.00  1
13.310 0.00  1
13.467 0.00  8
13.624 0.00  1
13.781 0.00  1
13.938 0.00  1
14.095 0.00  2
14.252 0.00  1
14.409 0.00  4
14.565 0.00  1
14.877 0.00  2
15.031 0.00  2
15.338 0.00  2
15.492 0.00  2
15.800 0.00  2
15.954 0.00  2
16.250 0.00  2
16.397 0.00  2
16.692 0.00  2
16.840 0.00  2
16.987 0.00  2
17.134 0.00  4
17.282 0.00  2
17.429 0.00  8
17.577 0.00  2
17.872 0.00  2
18.019 0.00  2
18.314 0.00  2
18.462 0.00  2
18.756 0.00  2
18.904 0.00  2
19.199 0.00  2
19.347 0.00  2
19.643 0.00  2
19.791 0.00  2
19.938 0.00  2
20.086 0.00  4
20.234 0.00  2
20.382 0.00  8
20.530 0.00  2
20.834 0.00  2
20.992 0.00  2
21.308 0.00  2
21.465 0.00  2
21.781 0.00  2
21.939 0.00  2
22.243 0.00  2
22.394 0.00  2
22.698 0.00  1
22.849 0.00  1
23.001 0.00  1
23.152 0.00  2
23.304 0.00  1
23.456 0.00  4
23.607 0.00  1
23.759 0.00  8
23.913 0.00  1
24.067 0.00  1
24.221 0.00  8
24.376 0.00  1
24.530 0.00  1
24.684 0.00  8
24.838 0.00  1
24.992 0.00  1
25.149 0.00  8
25.306 0.00  1
25.463 0.00  1
25.621 0.00  8
25.778 0.00  1
25.935 0.00  1
26.092 0.00  1
26.249 0.00  2
26.406 0.00  1
26.564 0.00  4
26.721 0.00  1
27.027 0.00  2
27.176 0.00  2
27.473 0.00  2
27.621 0.00  2
27.918 0.00  2
28.067 0.00  2
28.380 0.00  2
28.537 0.00  2
28.851 0.00  2
29.008 0.00  2
29.165 0.00  2
29.322 0.00  4
29.479 0.00  2
29.636 0.00  8
29.793 0.00  2
30.102 0.00  2
30.254 0.00  2
30.557 0.00  2
30.709 0.00  2
31.012 0.00  2
31.164 0.00  2
31.467 0.00  2
31.619 0.00  2
31.923 0.00  2
32.074 0.00  2
32.226 0.00  2
32.378 0.00  4
32.530 0.00  2
32.681 0.00  8
32.833 0.00  2
33.137 0.00  2
33.289 0.00  2
33.592 0.00  2
33.744 0.00  2
34.048 0.00  2
34.200 0.00  2
34.504 0.00  2
34.656 0.00  2
34.960 0.00  1
35.112 0.00  1
35.264 0.00  1
35.417 0.00  2
35.569 0.00  1
35.721 0.00  4
35.873 0.00  1
36.025 0.00  8
36.177 0.00  1
36.329 0.00  1
36.482 0.00  8
36.634 0.00  1
36.786 0.00  1
36.938 0.00  8
37.091 0.00  1
37.243 0.00  1
37.395 0.00  8
37.548 0.00  1
37.700 0.00  1
37.853 0.00  8
38.005 0.00  1
38.158 0.00  1
38.310 0.00  1
38.463 0.00  2
38.615 0.00  1
38.768 0.00  4
38.920 0.00  1
39.226 0.00  2
39.380 0.00  2
39.686 0.00  2
39.840 0.00  2
40.146 0.00  2
40.300 0.00  2
40.605 0.00  2
40.757 0.00  2
41.062 0.00  2
41.215 0.00  2
41.367 0.00  2
41.519 0.00  4
41.672 0.00  2
41.824 0.00  8
41.977 0.00  2
42.282 0.00  2
42.435 0.00  2
42.741 0.00  2
42.894 0.00  2
43.201 0.00  2
43.354 0.00  2
43.660 0.00  2
43.813 0.00  2
44.118 0.00  2
44.271 0.00  2
44.424 0.00  2
44.577 0.00  4
44.730 0.00  2
44.883 0.00  8
45.036 0.00  2
45.342 0.00  2
45.495 0.00  2
45.801 0.00  2
45.954 0.00  2
46.260 0.00  2
46.414 0.00  2
46.718 0.00  2
46.870 0.00  2
47.173 0.00  1
47.325 0.00  1
47.477 0.00  1
47.629 0.00  2
47.781 0.00  1
47.933 0.00  4
48.085 0.00  1
48.237 0.00  8
48.390 0.00  1
48.543 0.00  1
48.697 0.00  8
48.851 0.00  1
49.004 0.00  1
49.158 0.00  8
49.311 0.00  1
49.465 0.00  1
49.617 0.00  8
49.767 0.00  1
49.918 0.00  1
50.068 0.00  8
50.219 0.00  1
50.370 0.00  1
50.520 0.00  1
50.671 0.00  2
50.821 0.00  1
50.972 0.00  4
51.122 0.00  1
51.424 0.00  2
51.575 0.00  2
51.877 0.00  2
52.028 0.00  2
52.330 0.00  2
52.481 0.00  2
52.786 0.00  2
52.938 0.00  2
53.243 0.00  6
53.319 0.00  6
53.395 0.00  6
53.471 0.00  6
53.548 0.00  6
53.624 0.00  6
53.700 0.00  6
53.776 0.00  6
54.153 0.00  6
56.658 0.00  6
56.798 0.00  6
56.867 0.00  6
56.937 0.00  6
57.009 0.00  6
57.087 0.00  6
57.164 0.00  6
57.242 0.00  6
57.320 0.00  6
57.720 0.00  6
60.107 0.00  6
60.240 0.00  5
60.306 0.00  5
60.372 0.00  5
60.439 0.00  5
60.510 0.00  5
60.580 0.00  5
60.652 0.00  5
60.724 0.00  5
61.109 0.00  5
63.492 0.00  5
63.624 0.00  6
63.689 0.00  6
63.756 0.00  6
63.821 0.00  6
63.888 0.00  6
63.953 0.00  6
64.020 0.00  6
64.089 0.00  6
64.472 0.00  6
67.170 0.00  6
67.307 0.00  6
67.377 0.00  6
67.454 0.00  6
67.530 0.00  6
67.607 0.00  6
67.683 0.00  6
67.761 0.00  6
67.837 0.00  6
68.220 0.00  6
68.296 0.00  6
68.373 0.00  6
68.449 0.00  6
68.525 0.00  6
68.601 0.00  6
68.678 0.00  6
68.754 0.00  6
69.135 0.00  6
69.211 0.00  6
69.288 0.00  6
69.364 0.00  6
69.440 0.00  6
69.516 0.00  6
69.593 0.00  6
69.669 0.00  6
69.745 0.00  6
69.821 0.00  6
69.899 0.00  6
69.976 0.00  6
70.054 0.00  6
70.131 0.00  6
70.209 0.00  6
70.286 0.00  6
70.675 0.00  6
70.752 0.00  6
70.828 0.00  6
70.904 0.00  6
70.980 0.00  6
71.056 0.00  6
71.133 0.00  6
71.209 0.00  6
71.590 0.00  6
71.666 0.00  6
71.742 0.00  6
71.818 0.00  6
71.895 0.00  6
71.971 0.00  6
72.047 0.00  6
72.123 0.00  6
72.200 0.00  6
72.276 0.00  6
72.352 0.00  6
72.428 0.00  6
72.505 0.00  6
72.581 0.00  6
72.658 0.00  6
72.734 0.00  6
73.117 0.00  6
73.193 0.00  6
73.269 0.00  6
73.345 0.00  6
73.421 0.00  6
73.497 0.00  6
73.573 0.00  6
73.649 0.00  6
74.029 0.00  6
74.105 0.00  6
74.181 0.00  6
74.257 0.00  6
74.333 0.00  6
74.409 0.00  6
74.485 0.00  6
74.561 0.00  6
74.789 0.00  8
74.941 0.00  8
75.093 0.00  8
75.245 0.00  8
75.397 0.00  4
75.549 0.00  2
75.853 0.00  6
75.929 0.00  6
76.005 0.00  6
76.081 0.00  6
76.157 0.00  6
76.233 0.00  6
76.309 0.00  6
76.385 0.00  6
76.461 0.00  6
76.536 0.00  6
76.612 0.00  6
76.686 0.00  6
76.762 0.00  6
76.836 0.00  6
76.911 0.00  6
76.985 0.00  6
77.061 0.00  6
77.135 0.00  6
77.211 0.00  6
77.286 0.00  6
77.362 0.00  6
77.437 0.00  6
77.512 0.00  6
77.587 0.00  6
77.964 0.00  6
78.039 0.00  6
78.115 0.00  6
78.190 0.00  6
78.265 0.00  6
78.340 0.00  6
78.416 0.00  6
78.491 0.00  6
78.868 0.00  6
78.943 0.00  6
79.018 0.00  6
79.093 0.00  6
79.169 0.00  6
79.244 0.00  6
79.320 0.00  6
79.395 0.00  6
79.470 0.00  6
79.545 0.00  6
79.624 0.00  6
79.702 0.00  6
79.780 0.00  6
79.857 0.00  6
79.933 0.00  6
80.007 0.00  6
80.382 0.00  6
80.456 0.00  6
80.532 0.00  6
80.606 0.00  6
80.682 0.00  6
80.756 0.00  6
80.832 0.00  6
80.906 0.00  6
81.281 0.00  6
81.355 0.00  6
81.431 0.00  6
81.505 0.00  6
81.580 0.00  6
81.654 0.00  6
81.730 0.00  6
81.804 0.00  6
81.880 0.00  6
81.954 0.00  6
82.031 0.00  6
82.106 0.00  6
82.182 0.00  6
82.257 0.00  6
82.333 0.00  6
82.408 0.00  6
82.787 0.00  6
82.862 0.00  6
82.938 0.00  6
83.013 0.00  6
83.090 0.00  6
83.165 0.00  6
83.241 0.00  6
83.316 0.00  6
83.692 0.00  6
83.767 0.00  6
83.843 0.00  6
83.918 0.00  6
83.993 0.00  6
84.068 0.00  6
84.294 0.00  8
84.450 0.00  8
84.610 0.00  8
84.765 0.00  8
84.915 0.00  8
85.065 0.00  4
85.216 0.00  2
85.517 0.00  6
85.592 0.00  6
85.667 0.00  6
85.742 0.00  6
85.817 0.00  6
85.892 0.00  6
85.968 0.00  6
86.043 0.00  6
86.118 0.00  6
86.193 0.00  6
86.268 0.00  6
86.343 0.00  6
86.419 0.00  6
86.494 0.00  6
86.569 0.00  5
87.764 0.00  5
87.765 0.00  3
88.955 0.00  3
88.955 0.00  5
90.145 0.00  5
90.145 0.00  6
91.329 0.00  6
91.330 0.00  5
92.510 0.00  5
92.510 0.00  3
93.695 0.00  3
93.695 0.00  5
94.732 0.00  5
94.881 0.00  6
94.955 0.00  6
95.029 0.00  6
95.103 0.00  6
95.177 0.00  6
95.251 0.00  6
95.326 0.00  6
95.400 0.00  6
95.475 0.00  6
95.550 0.00  6
95.929 0.00  6
96.004 0.00  6
96.081 0.00  6
96.157 0.00  6
96.234 0.00  6
96.310 0.00  6
96.387 0.00  6
96.463 0.00  6
96.845 0.00  6
96.921 0.00  6
96.998 0.00  6
97.074 0.00  6
97.151 0.00  6
97.227 0.00  6
97.304 0.00  6
97.380 0.00  6
97.457 0.00  6
97.533 0.00  6
97.609 0.00  6
97.684 0.00  6
97.761 0.00  6
97.836 0.00  6
97.913 0.00  6
97.988 0.00  6
98.369 0.00  6
98.444 0.00  6
98.520 0.00  6
98.595 0.00  6
98.672 0.00  6
98.747 0.00  6
98.824 0.00  6
98.899 0.00  6
99.280 0.00  6
99.355 0.00  6
99.432 0.00  6
99.507 0.00  6
99.584 0.00  6
99.659 0.00  6
99.736 0.00  6
99.811 0.00  6
99.888 0.00  6
99.963 0.00  6
100.039 0.00  6
100.114 0.00  6
100.191 0.00  6
100.266 0.00  6
100.343 0.00  6
100.418 0.00  6
100.799 0.00  6
100.874 0.00  6
100.951 0.00  6
101.026 0.00  6
101.103 0.00  6
101.178 0.00  6
101.255 0.00  6
101.330 0.00  6
101.710 0.00  6
101.785 0.00  6
101.862 0.00  6
101.937 0.00  6
102.014 0.00  6
102.089 0.00  6
102.166 0.00  6
102.241 0.00  6
102.318 0.00  6
102.393 0.00  6
102.469 0.00  6
102.544 0.00  6
102.620 0.00  6
102.695 0.00  6
102.771 0.00  6
102.846 0.00  6
103.224 0.00  6
103.299 0.00  6
103.375 0.00  6
103.450 0.00  6
103.526 0.00  6
103.601 0.00  6
103.677 0.00  6
103.752 0.00  6
104.130 0.00  6
104.205 0.00  6
104.281 0.00  6
104.356 0.00  6
104.431 0.00  6
104.506 0.00  6
104.582 0.00  6
104.657 0.00  6
104.733 0.00  8
104.884 0.00  8
105.035 0.00  8
105.186 0.00  8
105.337 0.00  8
105.488 0.00  4
105.638 0.00  2
105.940 0.00  6
106.015 0.00  6
106.091 0.00  6
106.166 0.00  6
106.242 0.00  6
106.317 0.00  6
106.393 0.00  6
106.468 0.00  6
106.544 0.00  6
106.619 0.00  6
106.694 0.00  6
106.769 0.00  6
106.845 0.00  6
106.920 0.00  6
106.996 0.00  6
107.071 0.00  6
107.147 0.00  6
107.222 0.00  6
107.298 0.00  6
107.373 0.00  6
107.448 0.00  6
107.523 0.00  6
107.599 0.00  6
107.674 0.00  6
108.050 0.00  6
108.125 0.00  6
108.200 0.00  6
108.275 0.00  6
108.351 0.00  6
108.426 0.00  6
108.501 0.00  6
108.576 0.00  6
108.952 0.00  6
109.027 0.00  6
109.103 0.00  6
109.178 0.00  6
109.253 0.00  6
109.328 0.00  6
109.404 0.00  6
109.479 0.00  6
109.554 0.00  6
109.629 0.00  6
109.704 0.00  6
109.779 0.00  6
109.855 0.00  6
109.930 0.00  6
110.005 0.00  6
110.080 0.00  6
110.456 0.00  6
110.531 0.00  6
110.607 0.00  6
110.682 0.00  6
110.757 0.00  6
110.832 0.00  6
110.908 0.00  6
110.983 0.00  6
111.359 0.00  6
111.434 0.00  6
111.509 0.00  6
111.584 0.00  6
111.660 0.00  6
111.735 0.00  6
111.810 0.00  6
111.885 0.00  6
111.961 0.00  6
112.036 0.00  6
112.111 0.00  6
112.186 0.00  6
112.262 0.00  6
112.337 0.00  6
112.413 0.00  6
112.488 0.00  6
112.866 0.00  6
112.941 0.00  6
113.017 0.00  6
113.092 0.00  6
113.168 0.00  6
113.243 0.00  6
113.319 0.00  6
113.394 0.00  6
113.770 0.00  6
113.844 0.00  6
113.920 0.00  6
113.994 0.00  6
114.070 0.00  6
114.144 0.00  6
114.369 0.00  8
114.518 0.00  8
114.668 0.00  8
114.818 0.00  8
114.967 0.00  8
115.117 0.00  4
115.266 0.00  2
115.566 0.00  6
115.640 0.00  6
115.715 0.00  6
115.789 0.00  6
115.865 0.00  6
115.939 0.00  6
116.015 0.00  6
116.089 0.00  6
116.164 0.00  6
116.238 0.00  6
116.314 0.00  6
116.388 0.00  6
116.463 0.00  6
116.537 0.00  6
116.613 0.00  5
117.791 0.00  5
117.791 0.00  3
118.954 0.00  3
118.955 0.00  5
120.118 0.00  5
120.118 0.00  6
121.281 0.00  6
121.281 0.00  5
122.446 0.00  5
122.447 0.00  3
123.614 0.00  3
123.614 0.00  5
124.635 0.00  5
124.636 0.00  5
124.708 0.00  5
124.928 0.00  1
125.074 0.00  1
125.222 0.00  1
125.369 0.00  5
125.664 0.00  1
126.107 0.00  2
126.254 0.00  2
126.402 0.00  2
126.550 0.00  10
126.851 0.00  2
127.302 0.00  4
127.453 0.00  4
127.603 0.00  4
127.754 0.00  16
128.055 0.00  4
128.506 0.00  16
128.655 0.00  16
128.800 0.00  16
128.945 0.00  16
129.235 0.00  16
129.670 0.00  1
129.816 0.00  1
129.965 0.00  1
130.114 0.00  5
130.412 0.00  1
130.860 0.00  2
131.009 0.00  2
131.158 0.00  2
131.307 0.00  10
131.606 0.00  2
132.053 0.00  4
132.202 0.00  4
132.352 0.00  4
132.501 0.00  16
132.799 0.00  4
133.246 0.00  16
133.396 0.00  16
133.545 0.00  16
133.694 0.00  16
133.992 0.00  16
134.440 0.00  1
134.589 0.00  1
134.737 0.00  1
134.886 0.00  5
135.184 0.00  1
135.630 0.00  2
135.778 0.00  2
135.927 0.00  2
136.076 0.00  10
136.373 0.00  2
136.819 0.00  4
136.968 0.00  4
137.116 0.00  4
137.265 0.00  16
137.562 0.00  4
138.009 0.00  16
138.157 0.00  16
138.307 0.00  16
138.457 0.00  16
138.756 0.00  16
139.205 0.00  1
139.355 0.00  1
139.503 0.00  1
139.650 0.00  5
139.946 0.00  1
140.390 0.00  2
140.538 0.00  2
140.686 0.00  2
140.834 0.00  10
141.129 0.00  2
141.575 0.00  4
141.725 0.00  4
141.874 0.00  4
142.023 0.00  16
142.319 0.00  4
142.762 0.00  16
142.910 0.00  16
143.058 0.00  16
143.205 0.00  16
143.464 0.00  16
143.870 0.00  8
144.018 0.00  8
144.166 0.00  4
144.385 0.00  2
144.970 0.00  8
145.421 0.00  8
145.859 0.00  4
145.969 0.00  2
146.078 0.00  4
146.224 0.00  2
146.297 0.00  4
146.371 0.00  2
146.590 0.00  2
146.663 0.00  1
146.736 0.00  2
146.882 0.00  2
146.955 0.00  1
147.028 0.00  2
147.174 0.00  2
147.247 0.00  1
147.468 0.50  1
148.345 0.00  4
148.491 0.00  4
148.564 0.00  8
148.637 0.00  4
148.783 0.00  4
148.929 0.00  4
149.002 0.00  8
149.075 0.00  4
149.220 0.00  8
149.366 0.00  8
149.512 0.00  8
149.731 0.00  8
149.804 0.00  4
149.877 0.00  8
150.023 0.00  8
150.096 0.00  4
150.169 0.00  8
150.388 0.00  8
150.533 0.00  8
150.679 0.50  8
151.418 0.50  8
153.329 0.00  8
153.475 0.00  8
153.621 0.00  8
153.768 0.00  8
153.914 0.00  2
153.987 0.00  4
154.060 0.00  2
154.207 0.00  2
154.280 0.00  8
154.353 0.00  2
154.499 0.00  1
154.572 0.00  2
154.645 0.00  1
154.792 0.00  1
155.084 0.00  8
155.231 0.00  8
155.377 0.00  8
155.451 0.00  4
155.524 0.00  2
155.672 0.00  2
155.746 0.00  4
155.819 0.00  2
155.967 0.00  2
156.041 0.00  1
156.262 0.00  8
156.336 0.00  4
156.409 0.00  2
156.557 0.00  2
156.852 0.50  1
157.734 0.00  2
157.880 0.00  4
158.027 0.00  2
158.174 0.00  8
158.320 0.00  4
158.394 0.00  8
158.467 0.00  4
158.541 0.00  2
158.614 0.00  4
158.687 0.00  8
158.761 0.00  4
158.834 0.00  2
158.907 0.00  4
159.127 0.50  8
159.641 0.00  8
160.081 1.00  4
161.180 0.00  2
162.863 0.00  8
163.161 0.00  4
163.309 0.00  8
163.458 0.00  4
163.606 0.00  2
163.755 0.00  1
163.904 0.00  8
164.052 0.00  4
164.201 0.00  2
164.350 0.00  1
164.498 0.00  12
164.647 0.00  12
164.797 0.00  12
164.947 0.00  6
165.247 0.00  8
165.547 0.00  4
165.697 0.00  8
165.847 0.00  4
165.997 0.00  2
166.147 0.00  1
166.297 0.00  8
166.447 0.00  4
166.597 0.00  2
166.747 0.00  1
166.897 0.00  6
167.047 0.00  6
167.194 0.00  6
167.340 1.00  3
168.517 1.00  3
169.695 1.00  6
170.862 0.50  12
171.440 0.50  16
172.163 0.00  8
172.597 0.00  8
173.031 0.00  8
173.465 0.00  8
174.116 0.00  8
174.333 0.00  16
174.768 0.00  8
174.911 0.00  4
175.052 0.00  2
175.193 0.00  1
175.334 0.00  1
175.475 0.50  8
176.461 0.00  2
176.601 0.00  4
177.118 0.00  2
177.213 0.00  4
177.308 0.00  8
177.404 0.00  4
177.594 0.00  1
177.689 0.00  2
177.784 0.00  4
177.880 0.00  8
177.975 0.00  4
178.070 0.00  2
178.165 0.00  8
178.260 0.00  4
178.356 0.00  2
178.451 0.00  4
178.546 0.00  2
178.641 0.00  1
178.736 0.00  4
178.832 0.00  2
178.927 0.00  1
179.129 0.00  1
179.308 0.50  8
179.879 0.00  4
180.069 0.50  4
181.021 0.00  2
181.164 0.00  4
181.307 0.00  2
181.592 0.00  2
181.735 0.00  2
182.019 0.00  2
182.161 0.00  2
182.445 0.00  2
182.587 0.00  2
182.870 0.00  2
183.178 0.00  2
183.462 0.00  2
183.746 0.00  2
184.030 0.00  2
184.314 0.00  2
184.597 0.00  2
184.905 0.00  2
185.023 0.00  2
185.094 0.00  8
185.709 0.00  8
186.230 0.00  8
186.325 0.00  4
186.420 0.00  2
186.563 0.00  8
187.183 0.00  8
187.278 0.00  4
187.564 0.50  8
189.136 0.00  8
189.565 0.00  4
189.708 0.50  2
190.280 0.00  12
190.565 0.00  12
190.708 0.00  12
190.851 0.00  12
190.994 0.00  12
191.422 0.00  3
191.707 0.00  3
191.850 0.00  3
191.993 0.00  3
192.135 0.00  3
192.563 0.00  6
192.849 0.00  6
192.992 0.00  6
193.134 0.00  6
193.277 0.00  6
193.705 0.00  12
194.276 0.00  16
194.846 0.00  12
195.132 0.00  12
195.275 0.00  12
195.417 0.00  12
195.559 0.00  12
195.985 0.00  3
196.269 0.00  3
196.411 0.00  3
196.553 0.00  3
196.695 0.00  3
197.122 0.00  6
197.406 0.00  6
197.548 0.00  6
197.690 0.00  6
197.832 0.00  6
198.258 0.00  12
198.826 0.50  16
199.537 0.00  6
199.608 0.00  6
199.682 0.00  6
199.758 0.00  6
199.835 0.00  6
199.911 0.00  6
199.987 0.00  6
200.063 0.00  6
200.445 0.00  6
200.521 0.00  6
200.598 0.00  6
200.674 0.00  6
200.750 0.00  6
200.826 0.00  6
200.903 0.00  6
200.979 0.00  6
201.361 0.00  6
201.437 0.00  6
201.513 0.00  6
201.589 0.00  6
201.666 0.00  6
201.742 0.00  6
201.819 0.00  6
201.895 0.00  6
201.971 0.00  6
202.047 0.00  6
202.123 0.00  6
202.197 0.00  6
202.272 0.00  6
202.346 0.00  6
202.421 0.00  6
202.495 0.00  6
202.868 0.00  6
202.942 0.00  6
203.018 0.00  6
203.092 0.00  6
203.167 0.00  6
203.241 0.00  6
203.316 0.00  6
203.390 0.00  6
203.763 0.00  6
203.837 0.00  6
203.912 0.00  6
203.986 0.00  6
204.061 0.00  6
204.135 0.00  6
204.211 0.00  6
204.285 0.00  6
204.360 0.00  6
204.434 0.00  6
204.509 0.00  6
204.583 0.00  6
204.658 0.00  6
204.732 0.00  6
204.806 0.00  6
204.880 0.00  6
205.253 0.00  6
205.327 0.00  6
205.402 0.00  6
205.476 0.00  6
205.551 0.00  6
205.625 0.00  6
205.700 0.00  6
205.774 0.00  6
206.146 0.00  6
206.220 0.00  6
206.295 0.00  6
206.369 0.00  6
206.444 0.00  6
206.518 0.00  6
206.593 0.00  6
206.667 0.00  6
206.742 0.00  8
206.890 0.00  8
207.038 0.00  8
207.185 0.00  8
207.332 0.00  8
207.479 0.00  4
207.627 0.00  2
207.921 0.00  6
207.994 0.00  6
208.069 0.00  6
208.142 0.00  6
208.216 0.00  6
208.289 0.00  6
208.363 0.00  6
208.436 0.00  6
208.510 0.00  6
208.583 0.00  6
208.658 0.00  6
208.731 0.00  6
208.805 0.00  6
208.878 0.00  6
208.952 0.00  6
209.025 0.00  6
209.099 0.00  6
209.172 0.00  6
209.248 0.00  6
209.323 0.00  6
209.398 0.00  6
209.473 0.00  6
209.549 0.00  6
209.624 0.00  6
210.000 0.00  6
210.075 0.00  6
210.150 0.00  6
210.225 0.00  6
210.300 0.00  6
210.375 0.00  6
210.451 0.00  6
210.526 0.00  6
210.902 0.00  6
210.977 0.00  6
211.052 0.00  6
211.127 0.00  6
211.203 0.00  6
211.278 0.00  6
211.353 0.00  6
211.428 0.00  6
211.504 0.00  6
211.579 0.00  6
211.654 0.00  6
211.729 0.00  6
211.804 0.00  6
211.879 0.00  6
211.955 0.00  6
212.030 0.00  6
212.406 0.00  6
212.481 0.00  6
212.556 0.00  6
212.631 0.00  6
212.707 0.00  6
212.782 0.00  6
212.857 0.00  6
212.932 0.00  6
213.308 0.00  6
213.383 0.00  6
213.459 0.00  6
213.534 0.00  6
213.609 0.00  6
213.684 0.00  6
213.760 0.00  6
213.835 0.00  6
213.910 0.00  6
213.985 0.00  6
214.060 0.00  6
214.134 0.00  6
214.209 0.00  6
214.283 0.00  6
214.358 0.00  6
214.432 0.00  6
214.805 0.00  6
214.879 0.00  6
214.954 0.00  6
215.028 0.00  6
215.103 0.00  6
215.177 0.00  6
215.252 0.00  6
215.326 0.00  6
215.699 0.00  6
215.773 0.00  6
215.848 0.00  6
215.922 0.00  6
215.997 0.00  6
216.071 0.00  6
216.295 0.00  8
216.444 0.00  8
216.593 0.00  8
216.742 0.00  8
216.891 0.00  8
217.040 0.00  4
217.189 0.00  2
217.487 0.00  6
217.561 0.00  6
217.636 0.00  6
217.710 0.00  6
217.785 0.00  6
217.859 0.00  6
217.934 0.00  6
218.008 0.00  6
218.083 0.00  6
218.157 0.00  6
218.232 0.00  6
218.306 0.00  6
218.381 0.00  6
218.455 0.00  6
218.530 0.00  5
219.710 0.00  5
219.710 0.00  3
220.878 0.00  3
220.879 0.00  5
222.045 0.00  5
222.045 0.00  6
223.211 0.00  6
223.211 0.00  5
224.372 0.00  5
224.373 0.00  3
225.530 0.00  3
225.530 0.00  5
226.253 0.00  5
226.398 0.00  2
226.543 0.00  2
226.688 0.00  2
226.832 0.00  4
226.980 0.00  2
227.130 0.00  8
227.281 0.00  2
227.582 0.00  2
227.732 0.00  2
228.038 0.00  2
228.190 0.00  2
228.488 0.00  2
228.640 0.00  2
228.943 0.00  2
229.094 0.00  2
229.396 0.00  2
229.547 0.00  2
229.698 0.00  2
229.849 0.00  4
230.000 0.00  2
230.151 0.00  8
230.302 0.00  2
230.601 0.00  2
230.745 0.00  2
231.038 0.00  2
231.185 0.00  2
231.484 0.00  2
231.642 0.00  2
231.935 0.00  2
232.081 0.00  2
232.384 0.00  2
232.535 0.00  2
232.686 0.00  2
232.837 0.00  4
232.988 0.00  2
233.140 0.00  8
233.291 0.00  2
233.591 0.00  2
233.738 0.00  2
234.032 0.00  2
234.178 0.00  2
234.472 0.00  2
234.619 0.00  2
234.918 0.00  2
235.069 0.00  2
235.370 0.00  1
235.520 0.00  1
235.671 0.00  1
235.821 0.00  2
235.971 0.00  1
236.121 0.00  4
236.271 0.00  1
236.421 0.00  8
236.571 0.00  1
236.720 0.00  1
236.869 0.00  8
237.018 0.00  1
237.167 0.00  1
237.316 0.00  8
237.465 0.00  1
237.614 0.00  1
237.763 0.00  8
237.913 0.00  1
238.063 0.00  1
238.213 0.00  8
238.363 0.00  1
238.512 0.00  1
238.662 0.00  1
238.812 0.00  2
238.962 0.00  1
239.112 0.00  4
239.262 0.00  1
239.563 0.00  2
239.717 0.00  2
240.014 0.00  2
240.161 0.00  2
240.455 0.00  2
240.602 0.00  2
240.911 0.00  2
241.065 0.00  2
241.368 0.00  2
241.520 0.00  2
241.671 0.00  2
241.823 0.00  4
241.974 0.00  2
242.126 0.00  8
242.277 0.00  2
242.577 0.00  2
242.721 0.00  2
243.010 0.00  2
243.154 0.00  2
243.442 0.00  2
243.586 0.00  2
243.884 0.00  2
244.034 0.00  2
244.334 0.00  2
244.484 0.00  2
244.634 0.00  2
244.783 0.00  4
244.933 0.00  2
245.083 0.00  8
245.233 0.00  2
245.533 0.00  2
245.681 0.00  2
245.979 0.00  2
246.128 0.00  2
246.425 0.00  2
246.572 0.00  2
246.867 0.00  2
247.018 0.00  2
247.326 0.00  1
247.476 0.00  1
247.625 0.00  1
247.775 0.00  2
247.924 0.00  1
248.074 0.00  4
248.223 0.00  1
248.373 0.00  8
248.523 0.00  1
248.675 0.00  1
248.826 0.00  8
248.977 0.00  1
249.129 0.00  1
249.280 0.00  8
249.431 0.00  1
249.583 0.00  1
249.734 0.00  8
249.885 0.00  1
250.036 0.00  1
250.188 0.00  8
250.339 0.00  1
250.490 0.00  1
250.641 0.00  1
250.792 0.00  2
250.944 0.00  1
251.095 0.00  4
251.246 0.00  1
251.548 0.00  2
251.699 0.00  2
252.001 0.00  2
252.152 0.00  2
252.453 0.00  2
252.604 0.00  2
252.906 0.00  2
253.057 0.00  2
253.359 0.00  6
253.434 0.00  6
253.509 0.00  6
253.584 0.00  6
253.660 0.00  6
253.735 0.00  6
253.811 0.00  6
253.886 0.00  6
254.256 0.00  6
256.553 0.00  6
256.697 0.00  6
256.768 0.00  6
256.840 0.00  6
256.912 0.00  6
256.988 0.00  6
257.063 0.00  6
257.140 0.00  6
257.215 0.00  6
257.585 0.00  6
259.846 0.00  6
259.988 0.00  5
260.058 0.00  5
260.129 0.00  5
260.199 0.00  5
260.270 0.00  5
260.340 0.00  5
260.411 0.00  5
260.482 0.00  5
260.853 0.00  5
263.174 0.00  5
263.311 0.00  6
263.380 0.00  6
263.454 0.00  6
263.527 0.00  6
263.601 0.00  6
263.674 0.00  6
263.749 0.00  6
263.822 0.00  6
264.191 0.00  6
264.264 0.00  6
264.486 0.00  5
264.559 0.00  5
264.658 0.00  6
265.394 0.00  6
265.394 0.00  16

999 0 0